1.000000 0.000000 0.000000 0.000000 0.000000 1.000000 0.000000 0.000000 0.000000 0.000000 1.000000 0.000000
0.999995 -0.001163 0.002915 0.011630 0.001157 0.999997 0.001904 -0.007943 -0.002917 -0.001900 0.999994 0.541546
0.999984 -0.002916 0.004906 0.031104 0.002904 0.999993 0.002457 -0.026318 -0.004913 -0.002443 0.999985 1.587745
0.999980 -0.003997 0.004914 0.038974 0.003989 0.999991 0.001586 -0.053961 -0.004920 -0.001567 0.999987 2.871988
0.999981 -0.003932 0.004836 0.046552 0.003923 0.999991 0.001775 -0.080995 -0.004843 -0.001756 0.999987 4.177556
0.999981 -0.004115 0.004567 0.047881 0.004105 0.999989 0.002266 -0.100011 -0.004576 -0.002247 0.999987 5.516629
0.999976 -0.005315 0.004513 0.058021 0.005300 0.999980 0.003417 -0.127325 -0.004531 -0.003393 0.999984 6.846858
0.999980 -0.004878 0.004002 0.065220 0.004862 0.999981 0.003844 -0.150965 -0.004021 -0.003825 0.999985 8.176365
0.999985 -0.004252 0.003364 0.059579 0.004244 0.999987 0.002667 -0.179551 -0.003375 -0.002652 0.999991 9.501372
0.999993 -0.001634 0.003438 0.067018 0.001631 0.999998 0.001047 -0.207282 -0.003440 -0.001042 0.999994 10.813327
0.999994 0.001292 0.003358 0.056452 -0.001293 0.999999 0.000408 -0.238846 -0.003358 -0.000413 0.999994 12.139992
0.999988 0.003788 0.003093 0.042841 -0.003789 0.999993 0.000254 -0.262483 -0.003092 -0.000266 0.999995 13.476205
0.999983 0.004868 0.003168 0.032047 -0.004871 0.999988 0.000996 -0.288395 -0.003163 -0.001012 0.999994 14.815825
0.999990 0.002859 0.003474 0.040411 -0.002870 0.999991 0.003242 -0.310289 -0.003465 -0.003252 0.999989 16.172386
0.999994 -0.001078 0.003432 0.047541 0.001060 0.999985 0.005307 -0.334381 -0.003438 -0.005304 0.999980 17.532234
0.999991 -0.003202 0.002872 0.054601 0.003190 0.999987 0.003881 -0.364738 -0.002884 -0.003872 0.999988 18.881691
0.999987 -0.004428 0.002423 0.055278 0.004423 0.999988 0.002041 -0.387131 -0.002432 -0.002030 0.999995 20.229822
0.999992 -0.002381 0.003175 0.044250 0.002375 0.999996 0.001700 -0.435301 -0.003179 -0.001692 0.999994 21.580944
0.999994 0.000597 0.003392 0.028787 -0.000607 0.999996 0.002907 -0.452638 -0.003390 -0.002909 0.999990 22.944912
0.999991 0.001468 0.003863 0.024711 -0.001493 0.999978 0.006538 -0.477560 -0.003853 -0.006544 0.999971 24.321550
0.999993 -0.000871 0.003752 0.028845 0.000841 0.999969 0.007835 -0.486658 -0.003759 -0.007832 0.999962 25.701254
0.999986 -0.004043 0.003353 0.041948 0.004018 0.999966 0.007255 -0.516775 -0.003383 -0.007241 0.999968 27.066671
0.999982 -0.004961 0.003379 0.035383 0.004944 0.999975 0.004967 -0.532109 -0.003404 -0.004950 0.999982 28.449032
0.999980 -0.004936 0.003909 0.026426 0.004922 0.999982 0.003550 -0.564356 -0.003926 -0.003531 0.999986 29.831028
0.999986 -0.002655 0.004493 0.004187 0.002644 0.999993 0.002499 -0.585956 -0.004500 -0.002487 0.999987 31.213543
0.999986 -0.001296 0.005117 -0.002565 0.001291 0.999999 0.000923 -0.613219 -0.005119 -0.000917 0.999986 32.606659
0.999988 -0.000727 0.004878 -0.010890 0.000721 0.999999 0.001280 -0.638019 -0.004879 -0.001277 0.999987 34.015064
0.999988 -0.000537 0.004814 -0.010980 0.000526 0.999997 0.002302 -0.668216 -0.004815 -0.002299 0.999986 35.393242
0.999989 0.000582 0.004692 -0.017483 -0.000599 0.999993 0.003641 -0.692225 -0.004689 -0.003644 0.999982 36.778248
0.999987 0.002383 0.004510 -0.032410 -0.002400 0.999991 0.003628 -0.715807 -0.004501 -0.003639 0.999983 38.174789
0.999979 0.004631 0.004544 -0.056372 -0.004646 0.999984 0.003299 -0.742498 -0.004529 -0.003320 0.999984 39.575298
0.999968 0.006483 0.004674 -0.079572 -0.006499 0.999974 0.003278 -0.761893 -0.004652 -0.003308 0.999984 40.965424
0.999960 0.007625 0.004603 -0.096662 -0.007641 0.999965 0.003396 -0.789273 -0.004576 -0.003431 0.999984 42.355167
0.999968 0.006821 0.004103 -0.105207 -0.006836 0.999970 0.003605 -0.812366 -0.004078 -0.003633 0.999985 43.743977
0.999973 0.006393 0.003722 -0.110585 -0.006405 0.999975 0.003146 -0.838871 -0.003702 -0.003170 0.999988 45.137249
0.999975 0.006513 0.002911 -0.117467 -0.006522 0.999973 0.003347 -0.868870 -0.002889 -0.003366 0.999990 46.537674
0.999978 0.006267 0.002381 -0.131672 -0.006278 0.999971 0.004325 -0.893450 -0.002354 -0.004340 0.999988 47.943138
0.999977 0.006570 0.001372 -0.143641 -0.006576 0.999970 0.004133 -0.920480 -0.001344 -0.004142 0.999991 49.354134
0.999976 0.006985 0.000000 -0.146102 -0.006985 0.999967 0.004070 -0.946486 0.000028 -0.004070 0.999992 50.775257
0.999974 0.007032 -0.001256 -0.149314 -0.007026 0.999964 0.004776 -0.969925 0.001289 -0.004768 0.999988 52.180855
0.999979 0.006077 -0.002364 -0.151323 -0.006063 0.999965 0.005754 -0.992035 0.002399 -0.005740 0.999981 53.603111
0.999988 0.003701 -0.003238 -0.154307 -0.003681 0.999975 0.006005 -1.011882 0.003260 -0.005993 0.999977 55.009205
0.999992 0.001276 -0.003830 -0.162642 -0.001254 0.999984 0.005522 -1.028887 0.003837 -0.005517 0.999977 56.424046
0.999993 0.000914 -0.003552 -0.177413 -0.000893 0.999983 0.005763 -1.056339 0.003557 -0.005759 0.999977 57.838959
0.999995 -0.000198 -0.003011 -0.183856 0.000218 0.999979 0.006412 -1.080868 0.003010 -0.006413 0.999975 59.263676
0.999996 -0.001110 -0.002773 -0.195427 0.001129 0.999975 0.006977 -1.104802 0.002765 -0.006981 0.999972 60.696541
0.999997 -0.001802 -0.001788 -0.208848 0.001814 0.999976 0.006676 -1.131575 0.001775 -0.006679 0.999976 62.106056
0.999996 -0.002382 -0.001271 -0.218069 0.002390 0.999981 0.005739 -1.156271 0.001258 -0.005742 0.999983 63.530262
0.999997 -0.002097 -0.000888 -0.224107 0.002102 0.999982 0.005622 -1.187191 0.000877 -0.005624 0.999984 64.948204
0.999999 -0.001037 -0.000289 -0.239612 0.001038 0.999984 0.005606 -1.211393 0.000284 -0.005606 0.999984 66.357010
0.999999 0.001071 0.000046 -0.251525 -0.001071 0.999979 0.006350 -1.233207 -0.000039 -0.006350 0.999980 67.757729
0.999992 0.003957 -0.000042 -0.268012 -0.003956 0.999967 0.007081 -1.255673 0.000070 -0.007080 0.999975 69.168991
0.999975 0.007089 0.000708 -0.283083 -0.007094 0.999946 0.007641 -1.281769 -0.000654 -0.007646 0.999971 70.555992
0.999949 0.010122 0.000642 -0.299578 -0.010126 0.999924 0.007097 -1.303787 -0.000570 -0.007104 0.999975 71.929573
0.999910 0.013344 0.001286 -0.319352 -0.013352 0.999891 0.006360 -1.327403 -0.001201 -0.006376 0.999979 73.321808
0.999888 0.014830 0.002049 -0.331452 -0.014842 0.999872 0.005971 -1.349510 -0.001960 -0.006001 0.999980 74.695839
0.999873 0.015746 0.002400 -0.337118 -0.015761 0.999855 0.006488 -1.377533 -0.002297 -0.006525 0.999976 76.088509
0.999879 0.015378 0.002482 -0.337322 -0.015393 0.999862 0.006164 -1.400728 -0.002387 -0.006202 0.999978 77.454819
0.999895 0.014252 0.002547 -0.334388 -0.014265 0.999885 0.005141 -1.426376 -0.002473 -0.005177 0.999984 78.819542
0.999899 0.014067 0.002039 -0.336413 -0.014076 0.999891 0.004481 -1.451657 -0.001976 -0.004509 0.999988 80.192024
0.999897 0.014280 0.001698 -0.337318 -0.014287 0.999887 0.004574 -1.476415 -0.001633 -0.004598 0.999988 81.561562
0.999896 0.014421 0.000604 -0.338735 -0.014423 0.999888 0.004112 -1.505369 -0.000545 -0.004120 0.999991 82.933220
0.999881 0.015431 -0.000652 -0.341412 -0.015429 0.999873 0.004098 -1.528647 0.000715 -0.004087 0.999991 84.301422
0.999880 0.015398 -0.001470 -0.350727 -0.015391 0.999872 0.004412 -1.554091 0.001538 -0.004389 0.999989 85.654274
0.999893 0.014338 -0.002889 -0.356528 -0.014324 0.999885 0.005010 -1.574400 0.002961 -0.004968 0.999983 87.007462
0.999915 0.012276 -0.004347 -0.358221 -0.012253 0.999911 0.005347 -1.595128 0.004412 -0.005293 0.999976 88.362267
0.999933 0.010049 -0.005684 -0.368330 -0.010019 0.999935 0.005383 -1.616860 0.005737 -0.005326 0.999969 89.712257
0.999945 0.008200 -0.006613 -0.378255 -0.008168 0.999954 0.004964 -1.639131 0.006654 -0.004910 0.999966 91.040779
0.999944 0.007590 -0.007318 -0.392293 -0.007556 0.999960 0.004703 -1.663107 0.007354 -0.004647 0.999962 92.362679
0.999933 0.008261 -0.008063 -0.415214 -0.008225 0.999957 0.004386 -1.689560 0.008099 -0.004319 0.999958 93.705605
0.999932 0.008220 -0.008331 -0.434170 -0.008186 0.999958 0.004106 -1.711200 0.008364 -0.004037 0.999957 95.042221
0.999925 0.009094 -0.008160 -0.459408 -0.009066 0.999953 0.003495 -1.738992 0.008192 -0.003421 0.999961 96.353363
0.999926 0.009279 -0.007909 -0.481773 -0.009250 0.999950 0.003680 -1.759869 0.007943 -0.003607 0.999962 97.672318
0.999920 0.009852 -0.007875 -0.506820 -0.009818 0.999942 0.004431 -1.785629 0.007918 -0.004353 0.999959 99.008919
0.999913 0.010258 -0.008315 -0.531198 -0.010214 0.999933 0.005375 -1.806811 0.008370 -0.005290 0.999951 100.348694
0.999926 0.008826 -0.008405 -0.551304 -0.008789 0.999952 0.004389 -1.831804 0.008444 -0.004315 0.999955 101.673134
0.999934 0.008365 -0.007877 -0.568555 -0.008352 0.999964 0.001756 -1.853203 0.007892 -0.001691 0.999967 102.976906
0.999937 0.007796 -0.008079 -0.591327 -0.007793 0.999970 0.000405 -1.876195 0.008082 -0.000342 0.999967 104.257462
0.999948 0.006331 -0.008001 -0.603706 -0.006326 0.999980 0.000631 -1.899970 0.008004 -0.000580 0.999968 105.537170
0.999964 0.004006 -0.007443 -0.612479 -0.003993 0.999990 0.001760 -1.922232 0.007450 -0.001730 0.999971 106.833115
0.999974 0.002698 -0.006633 -0.627086 -0.002684 0.999994 0.002134 -1.952726 0.006638 -0.002117 0.999976 108.145218
0.999982 0.002156 -0.005562 -0.636854 -0.002149 0.999997 0.001190 -1.980554 0.005564 -0.001178 0.999984 109.451317
0.999977 0.003978 -0.005468 -0.658074 -0.003981 0.999992 -0.000587 -2.014392 0.005465 0.000609 0.999985 110.753792
0.999971 0.006041 -0.004718 -0.682245 -0.006052 0.999979 -0.002343 -2.048598 0.004704 0.002371 0.999986 112.064819
0.999953 0.009085 -0.003468 -0.711633 -0.009094 0.999955 -0.002527 -2.082499 0.003445 0.002558 0.999991 113.389725
0.999934 0.011181 -0.002652 -0.726924 -0.011184 0.999937 -0.001182 -2.115955 0.002638 0.001212 0.999996 114.717377
0.999929 0.011724 -0.001950 -0.736969 -0.011723 0.999931 0.000114 -2.144958 0.001951 -0.000091 0.999998 116.042046
0.999928 0.011930 -0.001380 -0.749126 -0.011930 0.999929 0.000422 -2.177794 0.001385 -0.000405 0.999999 117.374550
0.999923 0.012372 -0.001046 -0.757769 -0.012372 0.999923 -0.000012 -2.208443 0.001045 0.000025 0.999999 118.691277
0.999898 0.014301 -0.000136 -0.768658 -0.014301 0.999898 -0.000618 -2.240762 0.000127 0.000620 1.000000 119.998810
0.999865 0.016405 0.000909 -0.779997 -0.016404 0.999865 -0.000940 -2.275048 -0.000925 0.000925 0.999999 121.316704
0.999858 0.016790 0.001233 -0.791230 -0.016787 0.999858 -0.001649 -2.309102 -0.001261 0.001628 0.999998 122.648064
0.999848 0.017370 0.001766 -0.798017 -0.017366 0.999846 -0.002463 -2.339275 -0.001808 0.002432 0.999995 123.961189
0.999833 0.018078 0.002736 -0.805517 -0.018070 0.999833 -0.002892 -2.370014 -0.002788 0.002842 0.999992 125.286301
0.999830 0.018147 0.003182 -0.815171 -0.018140 0.999833 -0.002253 -2.401989 -0.003222 0.002195 0.999992 126.622292
0.999820 0.018605 0.003595 -0.817309 -0.018600 0.999826 -0.001509 -2.435498 -0.003623 0.001442 0.999992 127.950249
0.999835 0.017790 0.003743 -0.816810 -0.017785 0.999841 -0.001360 -2.468109 -0.003767 0.001294 0.999992 129.262955
0.999858 0.016429 0.003765 -0.812315 -0.016424 0.999864 -0.001473 -2.500163 -0.003789 0.001411 0.999992 130.591339
0.999867 0.015964 0.003364 -0.811469 -0.015962 0.999872 -0.000789 -2.534355 -0.003377 0.000736 0.999994 131.917786
0.999868 0.016020 0.002688 -0.807317 -0.016019 0.999871 -0.000671 -2.568864 -0.002699 0.000628 0.999996 133.234283
0.999885 0.015093 0.001579 -0.806600 -0.015092 0.999886 -0.000729 -2.601939 -0.001590 0.000705 0.999999 134.556641
0.999899 0.014239 -0.000048 -0.802888 -0.014239 0.999899 -0.000302 -2.627621 0.000043 0.000303 1.000000 135.897263
0.999891 0.014701 -0.001058 -0.806311 -0.014701 0.999892 -0.000370 -2.663055 0.001052 0.000385 0.999999 137.235153
0.999876 0.015552 -0.002284 -0.814004 -0.015552 0.999879 -0.000089 -2.694823 0.002283 0.000125 0.999997 138.569794
0.999862 0.016233 -0.003637 -0.825179 -0.016236 0.999868 -0.000546 -2.726888 0.003627 0.000605 0.999993 139.933228
0.999847 0.016889 -0.004513 -0.834807 -0.016894 0.999857 -0.001131 -2.751184 0.004494 0.001207 0.999989 141.285950
0.999867 0.015290 -0.005657 -0.841298 -0.015310 0.999876 -0.003558 -2.780603 0.005601 0.003644 0.999978 142.629776
0.999920 0.010691 -0.006744 -0.840920 -0.010721 0.999932 -0.004480 -2.813452 0.006695 0.004552 0.999967 143.977142
0.999959 0.005061 -0.007556 -0.832830 -0.005083 0.999983 -0.002871 -2.844394 0.007542 0.002910 0.999967 145.334946
0.999958 -0.001542 -0.009056 -0.816133 0.001524 0.999997 -0.001978 -2.874791 0.009060 0.001964 0.999957 146.670288
0.999934 -0.005168 -0.010221 -0.817925 0.005124 0.999977 -0.004390 -2.911910 0.010243 0.004337 0.999938 148.023987
0.999934 -0.005076 -0.010351 -0.835501 0.005001 0.999961 -0.007269 -2.948336 0.010388 0.007217 0.999920 149.362518
0.999953 -0.002141 -0.009487 -0.866742 0.002051 0.999953 -0.009515 -2.986578 0.009507 0.009495 0.999910 150.699661
0.999959 -0.001157 -0.009012 -0.885570 0.001069 0.999951 -0.009816 -3.026370 0.009023 0.009806 0.999911 152.024719
0.999963 -0.002300 -0.008280 -0.890134 0.002233 0.999965 -0.008037 -3.062965 0.008298 0.008018 0.999933 153.376846
0.999955 -0.004866 -0.008121 -0.895056 0.004821 0.999973 -0.005477 -3.109307 0.008147 0.005437 0.999952 154.724747
0.999937 -0.007157 -0.008594 -0.894127 0.007119 0.999965 -0.004479 -3.148042 0.008626 0.004418 0.999953 156.066788
0.999931 -0.008034 -0.008542 -0.908701 0.008000 0.999960 -0.004103 -3.191121 0.008575 0.004034 0.999955 157.405136
0.999950 -0.005973 -0.008000 -0.925525 0.005945 0.999976 -0.003559 -3.228515 0.008021 0.003512 0.999962 158.725632
0.999969 -0.003369 -0.007141 -0.950584 0.003339 0.999985 -0.004263 -3.263403 0.007155 0.004239 0.999965 160.052780
0.999977 0.000359 -0.006733 -0.974670 -0.000401 0.999981 -0.006222 -3.301395 0.006731 0.006225 0.999958 161.400162
0.999975 0.003413 -0.006240 -0.998707 -0.003455 0.999971 -0.006791 -3.342056 0.006216 0.006812 0.999958 162.761597
0.999962 0.005900 -0.006378 -1.019229 -0.005938 0.999965 -0.005848 -3.381572 0.006343 0.005885 0.999963 164.119690
0.999943 0.008404 -0.006595 -1.040058 -0.008444 0.999946 -0.006137 -3.425479 0.006543 0.006192 0.999959 165.459564
0.999922 0.009907 -0.007668 -1.056752 -0.009968 0.999918 -0.008000 -3.467412 0.007588 0.008076 0.999939 166.804382
0.999879 0.012877 -0.008784 -1.085213 -0.012965 0.999866 -0.010016 -3.513180 0.008654 0.010129 0.999911 168.163345
0.999827 0.016028 -0.009410 -1.120937 -0.016131 0.999810 -0.010982 -3.552202 0.009232 0.011132 0.999895 169.526321
0.999768 0.019148 -0.009893 -1.152776 -0.019248 0.999763 -0.010182 -3.591837 0.009696 0.010370 0.999899 170.864792
0.999740 0.020526 -0.009972 -1.177468 -0.020609 0.999753 -0.008281 -3.625489 0.009800 0.008484 0.999916 172.226730
0.999726 0.020882 -0.010614 -1.199424 -0.020948 0.999762 -0.006120 -3.663288 0.010484 0.006340 0.999925 173.613190
0.999705 0.020670 -0.012719 -1.225101 -0.020740 0.999771 -0.005349 -3.709765 0.012605 0.005611 0.999905 175.007965
0.999688 0.019788 -0.015228 -1.247003 -0.019868 0.999790 -0.005092 -3.753481 0.015124 0.005393 0.999871 176.424881
0.999629 0.020324 -0.018156 -1.277307 -0.020476 0.999757 -0.008225 -3.795014 0.017984 0.008594 0.999801 177.831146
0.999568 0.021418 -0.020146 -1.319784 -0.021659 0.999695 -0.011842 -3.840404 0.019886 0.012273 0.999727 179.269165
0.999449 0.025246 -0.021529 -1.368449 -0.025532 0.999588 -0.013118 -3.886307 0.021189 0.013661 0.999682 180.698502
0.999356 0.028477 -0.021851 -1.418169 -0.028753 0.999509 -0.012414 -3.930476 0.021487 0.013034 0.999684 182.132492
0.999285 0.030659 -0.022129 -1.456470 -0.030891 0.999471 -0.010216 -3.968909 0.021804 0.010893 0.999703 183.540482
0.999274 0.031263 -0.021793 -1.498288 -0.031440 0.999475 -0.007816 -4.011896 0.021537 0.008496 0.999732 184.937592
0.999295 0.030633 -0.021724 -1.532243 -0.030797 0.999500 -0.007226 -4.043490 0.021491 0.007890 0.999738 186.331940
0.999321 0.029804 -0.021682 -1.566111 -0.029959 0.999528 -0.006871 -4.079034 0.021467 0.007516 0.999741 187.751297
0.999347 0.028989 -0.021589 -1.603232 -0.029126 0.999557 -0.006070 -4.119038 0.021404 0.006694 0.999749 189.137665
0.999360 0.028698 -0.021347 -1.630906 -0.028826 0.999568 -0.005709 -4.165315 0.021174 0.006321 0.999756 190.514114
0.999392 0.028036 -0.020734 -1.660514 -0.028138 0.999593 -0.004659 -4.206136 0.020595 0.005240 0.999774 191.917099
0.999410 0.027345 -0.020804 -1.682274 -0.027409 0.999620 -0.002783 -4.254592 0.020720 0.003351 0.999780 193.325562
0.999455 0.025400 -0.021079 -1.706047 -0.025454 0.999673 -0.002334 -4.291534 0.021013 0.002869 0.999775 194.722183
0.999402 0.027170 -0.021388 -1.749209 -0.027291 0.999613 -0.005381 -4.335051 0.021234 0.005962 0.999757 196.112045
0.999254 0.031952 -0.021698 -1.803882 -0.032172 0.999434 -0.009878 -4.371343 0.021370 0.010569 0.999716 197.517914
0.998974 0.040253 -0.020769 -1.870548 -0.040477 0.999125 -0.010494 -4.408787 0.020328 0.011324 0.999729 198.932114
0.998680 0.047320 -0.019962 -1.937807 -0.047486 0.998840 -0.007944 -4.443122 0.019563 0.008881 0.999769 200.350800
0.998581 0.049569 -0.019479 -1.982593 -0.049692 0.998747 -0.005921 -4.478481 0.019161 0.006880 0.999793 201.787064
0.998590 0.049018 -0.020392 -2.010755 -0.049138 0.998777 -0.005394 -4.513338 0.020103 0.006388 0.999777 203.216080
0.998648 0.047171 -0.021853 -2.036994 -0.047301 0.998865 -0.005507 -4.551127 0.021568 0.006533 0.999746 204.638336
0.998654 0.046415 -0.023135 -2.073187 -0.046558 0.998900 -0.005671 -4.595428 0.022847 0.006741 0.999716 206.076447
0.998578 0.047440 -0.024326 -2.115131 -0.047607 0.998846 -0.006336 -4.636401 0.023997 0.007485 0.999684 207.532532
0.998466 0.049328 -0.025164 -2.163632 -0.049493 0.998757 -0.005979 -4.679065 0.024838 0.007216 0.999665 208.977234
0.998364 0.051119 -0.025632 -2.206887 -0.051275 0.998670 -0.005451 -4.713736 0.025320 0.006756 0.999657 210.415756
0.998330 0.051522 -0.026111 -2.248304 -0.051700 0.998643 -0.006204 -4.751092 0.025756 0.007544 0.999640 211.864838
0.998317 0.051436 -0.026778 -2.293460 -0.051641 0.998641 -0.007003 -4.789089 0.026381 0.008374 0.999617 213.328583
0.998287 0.051494 -0.027779 -2.341681 -0.051716 0.998635 -0.007325 -4.830917 0.027364 0.008749 0.999587 214.776993
0.998201 0.052726 -0.028527 -2.398162 -0.052958 0.998569 -0.007463 -4.872874 0.028093 0.008960 0.999565 216.224701
0.998163 0.053047 -0.029281 -2.453303 -0.053293 0.998549 -0.007690 -4.914059 0.028831 0.009236 0.999542 217.692261
0.998150 0.053049 -0.029703 -2.506298 -0.053309 0.998546 -0.008046 -4.954105 0.029233 0.009615 0.999526 219.155640
0.998095 0.053597 -0.030555 -2.559730 -0.053865 0.998516 -0.008039 -4.993222 0.030079 0.009669 0.999501 220.631638
0.998055 0.054010 -0.031122 -2.613573 -0.054292 0.998491 -0.008283 -5.036583 0.030627 0.009956 0.999481 222.115494
0.997975 0.055096 -0.031780 -2.673679 -0.055386 0.998430 -0.008316 -5.078146 0.031272 0.010059 0.999460 223.585739
0.997926 0.055718 -0.032232 -2.732938 -0.056008 0.998397 -0.008180 -5.122390 0.031725 0.009969 0.999447 225.064194
0.997913 0.055680 -0.032699 -2.790619 -0.055997 0.998392 -0.008862 -5.161770 0.032153 0.010675 0.999426 226.548508
0.997916 0.055568 -0.032786 -2.849891 -0.055886 0.998398 -0.008863 -5.204916 0.032241 0.010677 0.999423 228.031815
0.997896 0.055679 -0.033215 -2.906916 -0.055983 0.998397 -0.008289 -5.249111 0.032701 0.010131 0.999414 229.526825
0.997861 0.056127 -0.033526 -2.965851 -0.056420 0.998376 -0.007840 -5.291859 0.033031 0.009715 0.999407 231.028244
0.997770 0.057513 -0.033858 -3.031092 -0.057813 0.998296 -0.007943 -5.338778 0.033344 0.009883 0.999395 232.525742
0.997728 0.058215 -0.033898 -3.093631 -0.058537 0.998249 -0.008560 -5.379254 0.033341 0.010525 0.999389 234.022537
0.997597 0.060289 -0.034134 -3.163632 -0.060592 0.998131 -0.007917 -5.422840 0.033593 0.009967 0.999386 235.535202
0.997548 0.061020 -0.034261 -3.227111 -0.061260 0.998104 -0.005990 -5.459772 0.033831 0.008074 0.999395 237.052078
0.997566 0.060594 -0.034517 -3.300900 -0.060828 0.998131 -0.005787 -5.496469 0.034101 0.007872 0.999387 238.564575
0.997540 0.060914 -0.034697 -3.367406 -0.061206 0.998098 -0.007407 -5.534492 0.034180 0.009512 0.999370 240.066925
0.997518 0.061327 -0.034599 -3.432806 -0.061663 0.998059 -0.008727 -5.574135 0.033997 0.010839 0.999363 241.578842
0.997436 0.062556 -0.034753 -3.499447 -0.062885 0.997985 -0.008431 -5.615722 0.034155 0.010595 0.999360 243.094131
0.997391 0.062894 -0.035444 -3.566944 -0.063204 0.997971 -0.007700 -5.658665 0.034888 0.009921 0.999342 244.612381
0.997356 0.063370 -0.035563 -3.631968 -0.063661 0.997946 -0.007102 -5.702312 0.035040 0.009347 0.999342 246.125595
0.997247 0.064772 -0.036105 -3.696090 -0.065067 0.997856 -0.007049 -5.747699 0.035571 0.009379 0.999323 247.641846
0.997050 0.067484 -0.036556 -3.769760 -0.067784 0.997675 -0.007026 -5.792269 0.035996 0.009483 0.999307 249.168045
0.996958 0.068913 -0.036405 -3.839278 -0.069210 0.997578 -0.006952 -5.836593 0.035838 0.009450 0.999313 250.677261
0.996869 0.069945 -0.036872 -3.903428 -0.070264 0.997501 -0.007421 -5.872685 0.036261 0.009989 0.999292 252.178192
0.996902 0.069445 -0.036933 -3.970431 -0.069762 0.997536 -0.007377 -5.916994 0.036330 0.009931 0.999291 253.707031
0.996917 0.069067 -0.037244 -4.034249 -0.069370 0.997567 -0.006912 -5.951180 0.036676 0.009474 0.999282 255.237839
0.997036 0.067451 -0.037016 -4.099207 -0.067743 0.997680 -0.006681 -5.997265 0.036480 0.009169 0.999292 256.784576
0.997111 0.066327 -0.037028 -4.162761 -0.066650 0.997748 -0.007555 -6.041966 0.036443 0.010001 0.999286 258.326965
0.997193 0.065158 -0.036872 -4.225563 -0.065523 0.997813 -0.008761 -6.086394 0.036221 0.011152 0.999282 259.869537
0.997280 0.063852 -0.036805 -4.285026 -0.064160 0.997913 -0.007230 -6.131227 0.036266 0.009572 0.999296 261.400177
0.997448 0.061231 -0.036713 -4.341725 -0.061486 0.998091 -0.005858 -6.167517 0.036285 0.008100 0.999309 262.927551
0.997578 0.059208 -0.036501 -4.394149 -0.059484 0.998208 -0.006511 -6.207191 0.036050 0.008667 0.999312 264.452026
0.997660 0.057969 -0.036261 -4.446040 -0.058281 0.998271 -0.007615 -6.249953 0.035757 0.009710 0.999313 265.973358
0.997659 0.058483 -0.035439 -4.506742 -0.058804 0.998237 -0.008082 -6.292891 0.034904 0.010147 0.999339 267.480408
0.997629 0.059701 -0.034243 -4.575831 -0.060016 0.998163 -0.008238 -6.336873 0.033688 0.010274 0.999380 268.994598
0.997617 0.060608 -0.032962 -4.639248 -0.060918 0.998107 -0.008486 -6.384652 0.032386 0.010474 0.999421 270.515747
0.997600 0.061343 -0.032115 -4.709837 -0.061653 0.998059 -0.008741 -6.426302 0.031516 0.010700 0.999446 272.032166
0.997635 0.061332 -0.031038 -4.772831 -0.061646 0.998055 -0.009266 -6.464835 0.030409 0.011157 0.999475 273.544189
0.997686 0.060958 -0.030108 -4.835293 -0.061283 0.998071 -0.009979 -6.509923 0.029442 0.011801 0.999497 275.051575
0.997779 0.060002 -0.028931 -4.887750 -0.060338 0.998119 -0.010887 -6.552238 0.028224 0.012608 0.999522 276.573914
0.997842 0.059528 -0.027708 -4.938087 -0.059849 0.998148 -0.010899 -6.600280 0.027008 0.012534 0.999557 278.111877
0.997884 0.059045 -0.027228 -4.980727 -0.059342 0.998185 -0.010214 -6.650160 0.026576 0.011808 0.999577 279.663818
0.997951 0.058168 -0.026661 -5.016865 -0.058461 0.998236 -0.010336 -6.699119 0.026012 0.011874 0.999591 281.203522
0.998085 0.055890 -0.026489 -5.054069 -0.056247 0.998333 -0.012916 -6.750086 0.025723 0.014381 0.999566 282.734924
0.998063 0.056341 -0.026368 -5.098897 -0.056751 0.998275 -0.015077 -6.804591 0.025473 0.016544 0.999539 284.281189
0.998058 0.056219 -0.026844 -5.147395 -0.056637 0.998281 -0.015076 -6.858897 0.025950 0.016567 0.999526 285.838318
0.998087 0.055185 -0.027890 -5.196009 -0.055635 0.998329 -0.015606 -6.910984 0.026982 0.017128 0.999489 287.388367
0.998066 0.055131 -0.028717 -5.242496 -0.055611 0.998321 -0.016199 -6.970005 0.027776 0.017765 0.999456 288.937988
0.998023 0.055702 -0.029118 -5.293878 -0.056194 0.998286 -0.016345 -7.027641 0.028158 0.017949 0.999442 290.497223
0.997997 0.055840 -0.029746 -5.348106 -0.056340 0.998279 -0.016271 -7.081625 0.028786 0.017914 0.999425 292.048248
0.997981 0.056087 -0.029801 -5.399407 -0.056583 0.998268 -0.016091 -7.140915 0.028847 0.017745 0.999426 293.594788
0.997991 0.055616 -0.030333 -5.450982 -0.056081 0.998318 -0.014692 -7.192581 0.029465 0.016363 0.999432 295.152954
0.997925 0.056740 -0.030442 -5.506477 -0.057168 0.998275 -0.013377 -7.248267 0.029631 0.015090 0.999447 296.731110
0.997895 0.057329 -0.030317 -5.562489 -0.057757 0.998240 -0.013443 -7.299401 0.029493 0.015166 0.999450 298.284241
0.997914 0.057678 -0.028988 -5.617402 -0.058091 0.998219 -0.013590 -7.349642 0.028152 0.015245 0.999487 299.844025
0.998029 0.055879 -0.028571 -5.669334 -0.056293 0.998317 -0.013903 -7.397656 0.027746 0.015484 0.999495 301.414001
0.998162 0.053486 -0.028500 -5.703597 -0.053928 0.998433 -0.014968 -7.447024 0.027655 0.016477 0.999482 302.996124
0.998258 0.051857 -0.028146 -5.746221 -0.052328 0.998498 -0.016240 -7.507609 0.027262 0.017684 0.999472 304.583740
0.998281 0.051227 -0.028482 -5.797744 -0.051725 0.998516 -0.017055 -7.565519 0.027566 0.018499 0.999449 306.179230
0.998235 0.051118 -0.030227 -5.844390 -0.051675 0.998503 -0.017935 -7.626420 0.029264 0.019466 0.999382 307.784332
0.998146 0.051644 -0.032216 -5.889095 -0.052229 0.998480 -0.017584 -7.684683 0.031259 0.019234 0.999326 309.398834
0.998096 0.052272 -0.032741 -5.943882 -0.052769 0.998501 -0.014521 -7.741505 0.031933 0.016221 0.999358 311.017700
0.998183 0.050935 -0.032177 -5.987746 -0.051338 0.998612 -0.011799 -7.795187 0.031532 0.013429 0.999413 312.654236
0.998224 0.050330 -0.031877 -6.036360 -0.050708 0.998651 -0.011164 -7.852360 0.031272 0.012760 0.999429 314.273285
0.998278 0.049316 -0.031775 -6.085901 -0.049730 0.998686 -0.012376 -7.909453 0.031123 0.013935 0.999418 315.901825
0.998299 0.048834 -0.031846 -6.134378 -0.049263 0.998704 -0.012805 -7.961300 0.031179 0.014352 0.999411 317.515900
0.998342 0.048475 -0.031036 -6.192524 -0.048882 0.998726 -0.012486 -8.019526 0.030391 0.013982 0.999440 319.137787
0.998328 0.049177 -0.030386 -6.239309 -0.049573 0.998693 -0.012445 -8.079508 0.029734 0.013931 0.999461 320.768738
0.998276 0.050657 -0.029651 -6.305419 -0.051057 0.998612 -0.012909 -8.135871 0.028956 0.014401 0.999477 322.397461
0.998248 0.051422 -0.029282 -6.360735 -0.051835 0.998564 -0.013538 -8.192645 0.028543 0.015032 0.999480 324.027893
0.998284 0.051016 -0.028764 -6.413795 -0.051387 0.998603 -0.012304 -8.246198 0.028096 0.013761 0.999511 325.663635
0.998334 0.050218 -0.028429 -6.468429 -0.050559 0.998656 -0.011393 -8.301742 0.027818 0.012811 0.999531 327.294983
0.998327 0.050013 -0.029024 -6.523865 -0.050385 0.998655 -0.012208 -8.358787 0.028374 0.013650 0.999504 328.908325
0.998285 0.051111 -0.028534 -6.571312 -0.051473 0.998601 -0.012118 -8.423811 0.027875 0.013566 0.999519 330.527649
0.998202 0.052334 -0.029209 -6.624728 -0.052759 0.998509 -0.013987 -8.471630 0.028433 0.015502 0.999475 332.140747
0.998096 0.053911 -0.029958 -6.687424 -0.054420 0.998383 -0.016437 -8.532336 0.029023 0.018036 0.999416 333.738922
0.998026 0.054995 -0.030311 -6.744536 -0.055514 0.998321 -0.016546 -8.588427 0.029350 0.018196 0.999404 335.356964
0.997975 0.055648 -0.030794 -6.798321 -0.056103 0.998325 -0.014122 -8.644725 0.029957 0.015821 0.999426 336.974640
0.997861 0.056948 -0.032094 -6.856833 -0.057351 0.998284 -0.011793 -8.699733 0.031367 0.013609 0.999415 338.589203
0.997764 0.057663 -0.033783 -6.913015 -0.058108 0.998234 -0.012340 -8.758265 0.033012 0.014275 0.999353 340.196777
0.997745 0.057204 -0.035105 -6.967290 -0.057719 0.998237 -0.013834 -8.815042 0.034251 0.015829 0.999288 341.784943
0.997735 0.056352 -0.036728 -7.023746 -0.056859 0.998299 -0.012919 -8.870051 0.035938 0.014978 0.999242 343.381195
0.997761 0.055129 -0.037859 -7.083340 -0.055625 0.998377 -0.012180 -8.933777 0.037126 0.014259 0.999209 344.971252
0.997777 0.054544 -0.038279 -7.146498 -0.055065 0.998402 -0.012676 -8.989820 0.037527 0.014756 0.999187 346.551147
0.997805 0.053793 -0.038615 -7.206597 -0.054329 0.998439 -0.012979 -9.048927 0.037856 0.015048 0.999170 348.136292
0.997823 0.053418 -0.038668 -7.275091 -0.053959 0.998458 -0.013059 -9.102577 0.037911 0.015118 0.999167 349.700562
0.997839 0.052900 -0.038964 -7.346743 -0.053440 0.998487 -0.012952 -9.163229 0.038220 0.015007 0.999157 351.295166
0.997877 0.052071 -0.039128 -7.408044 -0.052628 0.998525 -0.013339 -9.224641 0.038375 0.015370 0.999145 352.875336
0.997875 0.051689 -0.039671 -7.477412 -0.052277 0.998535 -0.013948 -9.284808 0.038892 0.015992 0.999115 354.458984
0.997873 0.051644 -0.039776 -7.544533 -0.052224 0.998542 -0.013682 -9.341722 0.039011 0.015731 0.999115 356.042755
0.997869 0.051768 -0.039717 -7.620194 -0.052375 0.998524 -0.014388 -9.397772 0.038914 0.016437 0.999107 357.627472
0.997924 0.050719 -0.039688 -7.682146 -0.051362 0.998562 -0.015357 -9.459140 0.038852 0.017364 0.999094 359.201477
0.997954 0.050019 -0.039816 -7.743196 -0.050622 0.998616 -0.014288 -9.515909 0.039046 0.016274 0.999105 360.786804
0.998013 0.048512 -0.040217 -7.808642 -0.049070 0.998711 -0.013006 -9.578847 0.039534 0.014954 0.999106 362.378021
0.998035 0.047974 -0.040318 -7.878636 -0.048554 0.998729 -0.013511 -9.636205 0.039619 0.015442 0.999096 363.965759
0.997987 0.048931 -0.040338 -7.954230 -0.049520 0.998679 -0.013734 -9.693990 0.039613 0.015704 0.999092 365.573578
0.997929 0.050405 -0.039966 -8.036853 -0.050963 0.998615 -0.013064 -9.744971 0.039252 0.015073 0.999116 367.169464
0.997903 0.051410 -0.039330 -8.114416 -0.051922 0.998578 -0.012111 -9.797583 0.038651 0.014128 0.999153 368.774261
0.997895 0.051640 -0.039226 -8.191605 -0.052151 0.998565 -0.012134 -9.847692 0.038543 0.014154 0.999157 370.373871
0.997872 0.052286 -0.038962 -8.261800 -0.052828 0.998519 -0.013006 -9.899592 0.038225 0.015036 0.999156 371.988678
0.997915 0.051895 -0.038363 -8.338402 -0.052445 0.998533 -0.013473 -9.951716 0.037608 0.015457 0.999173 373.604797
0.997887 0.052257 -0.038622 -8.414886 -0.052821 0.998510 -0.013728 -10.007277 0.037847 0.015739 0.999160 375.240204
0.997863 0.052884 -0.038364 -8.490643 -0.053439 0.998479 -0.013591 -10.066806 0.037587 0.015612 0.999171 376.879669
0.997860 0.053405 -0.037718 -8.557472 -0.053936 0.998457 -0.013196 -10.121469 0.036955 0.015202 0.999201 378.488525
0.997794 0.054904 -0.037312 -8.625732 -0.055444 0.998369 -0.013599 -10.183022 0.036505 0.015637 0.999211 380.103302
0.997737 0.056402 -0.036590 -8.693815 -0.056952 0.998276 -0.014175 -10.241168 0.035727 0.016227 0.999230 381.709961
0.997719 0.057117 -0.035991 -8.767883 -0.057654 0.998237 -0.014077 -10.294558 0.035123 0.016120 0.999253 383.337341
0.997643 0.058823 -0.035343 -8.831261 -0.059328 0.998149 -0.013392 -10.348155 0.034489 0.015458 0.999286 384.965240
0.997598 0.059736 -0.035078 -8.902012 -0.060230 0.998097 -0.013188 -10.403008 0.034224 0.015269 0.999298 386.609955
0.997577 0.060155 -0.034949 -8.967629 -0.060659 0.998067 -0.013552 -10.459094 0.034066 0.015639 0.999297 388.249390
0.997594 0.059923 -0.034853 -9.034797 -0.060414 0.998086 -0.013200 -10.518405 0.033996 0.015273 0.999305 389.878235
