1.000000 0.000000 0.000000 0.000000 0.000000 1.000000 0.000000 0.000000 0.000000 0.000000 1.000000 0.000000
1.000000 -0.000549 0.000316 -0.005087 0.000548 0.999999 0.001426 -0.026284 -0.000317 -0.001426 0.999999 1.224983
0.999999 -0.001662 -0.000447 -0.008623 0.001662 0.999997 0.001810 -0.052212 0.000444 -0.001811 0.999998 2.567547
0.999996 -0.002850 -0.000828 -0.011732 0.002851 0.999995 0.001104 -0.083920 0.000824 -0.001106 0.999999 3.898400
0.999996 -0.002924 -0.000604 -0.018968 0.002925 0.999995 0.001208 -0.112645 0.000601 -0.001210 0.999999 5.212202
0.999994 -0.003273 -0.000723 -0.026390 0.003275 0.999993 0.001993 -0.135099 0.000716 -0.001996 0.999998 6.543750
0.999990 -0.004434 -0.000704 -0.030965 0.004437 0.999985 0.003244 -0.165743 0.000690 -0.003247 0.999995 7.879023
0.999989 -0.004527 -0.001095 -0.038740 0.004531 0.999982 0.003893 -0.193876 0.001077 -0.003898 0.999992 9.214382
0.999992 -0.003781 -0.001404 -0.050965 0.003785 0.999989 0.002660 -0.224421 0.001394 -0.002665 0.999995 10.542043
0.999998 -0.001455 -0.001405 -0.071075 0.001456 0.999999 0.000913 -0.251463 0.001404 -0.000915 0.999999 11.870609
0.999997 0.002148 -0.001421 -0.092241 -0.002148 0.999998 -0.000059 -0.283820 0.001420 0.000062 0.999999 13.210480
0.999986 0.005073 -0.001303 -0.112610 -0.005073 0.999987 -0.000273 -0.307932 0.001302 0.000280 0.999999 14.550556
0.999980 0.006116 -0.001366 -0.123852 -0.006115 0.999981 0.000522 -0.335004 0.001369 -0.000514 0.999999 15.900049
0.999990 0.004440 -0.001069 -0.126166 -0.004437 0.999986 0.002784 -0.354542 0.001081 -0.002779 0.999996 17.251009
1.000000 0.000262 -0.000932 -0.119249 -0.000258 0.999989 0.004613 -0.376778 0.000934 -0.004613 0.999989 18.608126
0.999995 -0.002743 -0.001300 -0.120876 0.002748 0.999991 0.003339 -0.411580 0.001291 -0.003343 0.999994 19.968014
0.999993 -0.003462 -0.001474 -0.123180 0.003463 0.999993 0.001070 -0.432551 0.001470 -0.001075 0.999998 21.314667
0.999999 -0.001091 -0.000903 -0.138942 0.001092 0.999999 0.000494 -0.489510 0.000903 -0.000495 0.999999 22.664928
0.999998 0.001755 -0.000366 -0.158312 -0.001754 0.999997 0.001663 -0.500727 0.000369 -0.001663 0.999999 24.033033
0.999996 0.002951 0.000278 -0.171912 -0.002953 0.999981 0.005362 -0.524761 -0.000262 -0.005363 0.999986 25.419626
1.000000 -0.000110 0.000247 -0.165152 0.000109 0.999979 0.006474 -0.529170 -0.000248 -0.006474 0.999979 26.797697
0.999994 -0.003568 -0.000055 -0.165973 0.003568 0.999977 0.005791 -0.559449 0.000034 -0.005791 0.999983 28.166042
0.999989 -0.004617 -0.000082 -0.172563 0.004618 0.999983 0.003441 -0.577985 0.000066 -0.003442 0.999994 29.534365
0.999990 -0.004430 0.000546 -0.179266 0.004429 0.999988 0.001829 -0.621387 -0.000554 -0.001827 0.999998 30.914446
0.999998 -0.001504 0.001079 -0.206477 0.001504 0.999999 0.000636 -0.643162 -0.001080 -0.000635 0.999999 32.282703
0.999999 -0.000111 0.001492 -0.217206 0.000112 1.000000 -0.000893 -0.674877 -0.001492 0.000893 0.999999 33.670155
0.999998 0.001265 0.001416 -0.221991 -0.001264 0.999999 -0.000968 -0.704021 -0.001418 0.000966 0.999999 35.057037
0.999998 0.001303 0.001282 -0.229317 -0.001303 0.999999 0.000264 -0.741136 -0.001282 -0.000266 0.999999 36.443638
0.999997 0.002305 0.000791 -0.237877 -0.002306 0.999995 0.001946 -0.767509 -0.000786 -0.001947 0.999998 37.843773
0.999991 0.004151 0.000617 -0.249696 -0.004153 0.999988 0.002518 -0.796134 -0.000606 -0.002520 0.999997 39.233753
0.999978 0.006545 0.000959 -0.257992 -0.006548 0.999976 0.002444 -0.822947 -0.000943 -0.002450 0.999997 40.631454
0.999959 0.009013 0.000782 -0.272136 -0.009015 0.999956 0.002774 -0.848071 -0.000757 -0.002781 0.999996 42.026184
0.999950 0.009992 0.000521 -0.288374 -0.009993 0.999946 0.002830 -0.869874 -0.000492 -0.002835 0.999996 43.428555
0.999957 0.009290 0.000286 -0.295452 -0.009291 0.999953 0.002729 -0.896989 -0.000260 -0.002731 0.999996 44.828587
0.999962 0.008662 -0.000470 -0.298493 -0.008661 0.999960 0.002445 -0.927410 0.000492 -0.002441 0.999997 46.234077
0.999963 0.008532 -0.001351 -0.309271 -0.008528 0.999960 0.002713 -0.957835 0.001374 -0.002701 0.999995 47.646812
0.999961 0.008472 -0.002337 -0.315791 -0.008463 0.999958 0.003560 -0.985022 0.002367 -0.003540 0.999991 49.068031
0.999954 0.008968 -0.003292 -0.328978 -0.008956 0.999953 0.003827 -1.014565 0.003326 -0.003797 0.999987 50.475086
0.999944 0.009451 -0.004702 -0.335971 -0.009433 0.999948 0.003908 -1.044673 0.004739 -0.003864 0.999981 51.895641
0.999938 0.009514 -0.005821 -0.348867 -0.009485 0.999942 0.005049 -1.070365 0.005869 -0.004994 0.999970 53.312428
0.999940 0.008644 -0.006699 -0.365099 -0.008604 0.999945 0.005934 -1.090017 0.006750 -0.005876 0.999960 54.735260
0.999953 0.006451 -0.007205 -0.372149 -0.006406 0.999960 0.006291 -1.114288 0.007245 -0.006244 0.999954 56.150768
0.999960 0.004619 -0.007655 -0.387196 -0.004573 0.999972 0.005994 -1.139784 0.007683 -0.005959 0.999953 57.570641
0.999963 0.003657 -0.007848 -0.397716 -0.003608 0.999974 0.006276 -1.166787 0.007871 -0.006247 0.999950 58.998634
0.999966 0.002778 -0.007724 -0.408987 -0.002724 0.999972 0.006982 -1.191960 0.007743 -0.006961 0.999946 60.420006
0.999972 0.000847 -0.007432 -0.426433 -0.000789 0.999970 0.007735 -1.214148 0.007439 -0.007729 0.999942 61.842915
0.999975 -0.001398 -0.006961 -0.433962 0.001450 0.999971 0.007480 -1.237877 0.006950 -0.007490 0.999948 63.267101
0.999976 -0.002158 -0.006522 -0.448021 0.002203 0.999974 0.006910 -1.265359 0.006507 -0.006924 0.999955 64.680473
0.999977 -0.002651 -0.006203 -0.461923 0.002693 0.999973 0.006805 -1.297000 0.006185 -0.006822 0.999958 66.086731
0.999984 -0.000747 -0.005641 -0.484363 0.000786 0.999976 0.006881 -1.322825 0.005636 -0.006886 0.999960 67.495262
0.999985 0.002335 -0.005031 -0.507796 -0.002294 0.999964 0.008117 -1.348854 0.005050 -0.008105 0.999954 68.921127
0.999976 0.005511 -0.004199 -0.531045 -0.005471 0.999940 0.009516 -1.372220 0.004251 -0.009492 0.999946 70.330986
0.999957 0.008654 -0.003290 -0.560966 -0.008620 0.999910 0.010297 -1.397099 0.003379 -0.010268 0.999942 71.725098
0.999912 0.012946 -0.002789 -0.587007 -0.012917 0.999865 0.010131 -1.416018 0.002920 -0.010094 0.999945 73.124153
0.999862 0.016469 -0.001966 -0.606796 -0.016449 0.999819 0.009545 -1.437128 0.002123 -0.009511 0.999952 74.524803
0.999828 0.018487 -0.001413 -0.623127 -0.018473 0.999786 0.009319 -1.455227 0.001585 -0.009292 0.999956 75.912277
0.999816 0.019160 -0.001054 -0.637488 -0.019148 0.999769 0.009720 -1.476319 0.001240 -0.009698 0.999952 77.319733
0.999855 0.016991 -0.001127 -0.643360 -0.016980 0.999810 0.009618 -1.491271 0.001290 -0.009597 0.999953 78.702332
0.999869 0.016152 -0.001249 -0.652250 -0.016140 0.999830 0.008913 -1.515059 0.001393 -0.008892 0.999959 80.084900
0.999865 0.016342 -0.001582 -0.661948 -0.016328 0.999827 0.008895 -1.541467 0.001727 -0.008868 0.999959 81.481331
0.999873 0.015840 -0.001930 -0.673342 -0.015822 0.999833 0.009113 -1.563128 0.002074 -0.009082 0.999957 82.867729
0.999882 0.015155 -0.002453 -0.682610 -0.015132 0.999846 0.008940 -1.584938 0.002588 -0.008902 0.999957 84.255333
0.999870 0.015812 -0.003111 -0.695042 -0.015783 0.999833 0.009224 -1.606601 0.003256 -0.009174 0.999953 85.640839
0.999879 0.015011 -0.004101 -0.701025 -0.014969 0.999838 0.009974 -1.629078 0.004250 -0.009911 0.999942 87.015511
0.999901 0.013065 -0.005171 -0.710557 -0.013007 0.999854 0.011095 -1.645053 0.005315 -0.011027 0.999925 88.397568
0.999923 0.010621 -0.006464 -0.718560 -0.010546 0.999877 0.011601 -1.664878 0.006586 -0.011532 0.999912 89.760895
0.999941 0.007989 -0.007428 -0.725201 -0.007902 0.999901 0.011648 -1.681516 0.007520 -0.011588 0.999905 91.117874
0.999944 0.006765 -0.008082 -0.741606 -0.006671 0.999912 0.011508 -1.704584 0.008159 -0.011454 0.999901 92.482246
0.999948 0.005920 -0.008352 -0.754206 -0.005825 0.999918 0.011394 -1.725000 0.008419 -0.011344 0.999900 93.844521
0.999947 0.005471 -0.008688 -0.773467 -0.005376 0.999926 0.010884 -1.743311 0.008747 -0.010837 0.999903 95.200470
0.999946 0.005498 -0.008766 -0.788654 -0.005408 0.999932 0.010320 -1.761571 0.008822 -0.010272 0.999908 96.553978
0.999942 0.006486 -0.008558 -0.811180 -0.006401 0.999930 0.009974 -1.784316 0.008622 -0.009919 0.999914 97.902382
0.999939 0.007409 -0.008229 -0.833580 -0.007326 0.999922 0.010088 -1.799502 0.008303 -0.010027 0.999915 99.263069
0.999930 0.008563 -0.008138 -0.851916 -0.008471 0.999900 0.011360 -1.822868 0.008234 -0.011290 0.999902 100.615417
0.999924 0.009275 -0.008113 -0.878411 -0.009172 0.999877 0.012751 -1.837604 0.008230 -0.012676 0.999886 101.978012
0.999933 0.008187 -0.008220 -0.886606 -0.008089 0.999897 0.011878 -1.860121 0.008316 -0.011811 0.999896 103.328758
0.999937 0.008062 -0.007833 -0.912716 -0.007986 0.999920 0.009764 -1.878486 0.007911 -0.009701 0.999922 104.661476
0.999941 0.007421 -0.007983 -0.925025 -0.007354 0.999937 0.008445 -1.892183 0.008046 -0.008386 0.999932 105.989464
0.999948 0.006178 -0.008136 -0.932565 -0.006101 0.999937 0.009445 -1.909010 0.008194 -0.009395 0.999922 107.327042
0.999964 0.003656 -0.007616 -0.949318 -0.003570 0.999931 0.011193 -1.923575 0.007656 -0.011166 0.999908 108.661377
0.999973 0.001602 -0.007109 -0.957681 -0.001514 0.999923 0.012299 -1.948639 0.007129 -0.012287 0.999899 109.999817
0.999981 0.000703 -0.006183 -0.964950 -0.000633 0.999936 0.011319 -1.964954 0.006190 -0.011315 0.999917 111.339912
0.999983 0.002097 -0.005501 -0.987902 -0.002046 0.999955 0.009292 -1.988268 0.005520 -0.009280 0.999942 112.662552
0.999978 0.004788 -0.004518 -1.009404 -0.004754 0.999960 0.007553 -2.010216 0.004554 -0.007531 0.999961 114.001778
0.999961 0.008351 -0.002984 -1.032496 -0.008329 0.999938 0.007408 -2.029341 0.003046 -0.007383 0.999968 115.339409
0.999948 0.010029 -0.001651 -1.047767 -0.010013 0.999909 0.009073 -2.044315 0.001742 -0.009056 0.999958 116.681320
0.999957 0.009286 -0.000841 -1.055310 -0.009276 0.999893 0.011321 -2.058080 0.000946 -0.011313 0.999936 118.020683
0.999967 0.008112 0.000049 -1.066617 -0.008112 0.999893 0.012182 -2.073712 0.000050 -0.012182 0.999926 119.372742
0.999965 0.008290 0.000992 -1.072299 -0.008301 0.999896 0.011831 -2.094130 -0.000894 -0.011838 0.999930 120.709717
0.999943 0.010493 0.002088 -1.082049 -0.010516 0.999879 0.011438 -2.115303 -0.001968 -0.011459 0.999932 122.046440
0.999920 0.012223 0.003162 -1.097646 -0.012257 0.999863 0.011109 -2.126652 -0.003026 -0.011147 0.999933 123.395935
0.999909 0.012752 0.004306 -1.103493 -0.012796 0.999865 0.010326 -2.141191 -0.004174 -0.010380 0.999937 124.725983
0.999891 0.013731 0.005353 -1.108290 -0.013782 0.999860 0.009540 -2.158163 -0.005221 -0.009613 0.999940 126.056824
0.999885 0.013779 0.006275 -1.113167 -0.013838 0.999860 0.009434 -2.173714 -0.006144 -0.009520 0.999936 127.406647
0.999884 0.013406 0.007220 -1.113194 -0.013480 0.999857 0.010224 -2.194633 -0.007082 -0.010320 0.999922 128.760529
0.999883 0.013079 0.007936 -1.109962 -0.013167 0.999851 0.011144 -2.207412 -0.007789 -0.011247 0.999906 130.099472
0.999908 0.010864 0.008173 -1.102967 -0.010957 0.999874 0.011446 -2.225490 -0.008048 -0.011535 0.999901 131.446014
0.999923 0.009367 0.008118 -1.103435 -0.009461 0.999887 0.011687 -2.240705 -0.008007 -0.011763 0.999899 132.784668
0.999937 0.008024 0.007843 -1.095350 -0.008121 0.999890 0.012385 -2.254734 -0.007743 -0.012448 0.999893 134.122406
0.999955 0.006137 0.007195 -1.087825 -0.006226 0.999903 0.012472 -2.273000 -0.007118 -0.012516 0.999896 135.471161
0.999966 0.005422 0.006264 -1.087128 -0.005501 0.999906 0.012551 -2.287275 -0.006195 -0.012585 0.999902 136.814407
0.999981 0.003719 0.004979 -1.077537 -0.003784 0.999907 0.013111 -2.304321 -0.004930 -0.013130 0.999902 138.157394
0.999991 0.001648 0.003806 -1.072127 -0.001699 0.999906 0.013619 -2.315848 -0.003783 -0.013625 0.999900 139.496628
0.999996 0.000778 0.002547 -1.071087 -0.000812 0.999907 0.013597 -2.330541 -0.002536 -0.013599 0.999904 140.834976
0.999999 0.000030 0.001304 -1.074639 -0.000047 0.999913 0.013208 -2.345430 -0.001303 -0.013208 0.999912 142.193726
0.999999 -0.001067 0.000168 -1.080903 0.001065 0.999918 0.012753 -2.349162 -0.000182 -0.012753 0.999919 143.536911
0.999997 -0.002385 -0.000769 -1.078582 0.002393 0.999940 0.010698 -2.366209 0.000743 -0.010700 0.999942 144.883224
0.999974 -0.006944 -0.001692 -1.074795 0.006961 0.999925 0.010093 -2.384834 0.001622 -0.010105 0.999948 146.216110
0.999931 -0.011416 -0.002757 -1.062542 0.011449 0.999862 0.011996 -2.400912 0.002619 -0.012027 0.999924 147.565109
0.999753 -0.021765 -0.004439 -1.035206 0.021824 0.999670 0.013518 -2.401864 0.004143 -0.013612 0.999899 148.908707
0.999663 -0.025334 -0.005737 -1.034890 0.025398 0.999613 0.011359 -2.428263 0.005447 -0.011501 0.999919 150.251877
0.999663 -0.025372 -0.005517 -1.040031 0.025418 0.999641 0.008418 -2.450371 0.005301 -0.008555 0.999949 151.554977
0.999768 -0.021023 -0.004719 -1.063701 0.021053 0.999759 0.006281 -2.473774 0.004586 -0.006379 0.999969 152.902756
0.999819 -0.018657 -0.003795 -1.079111 0.018680 0.999806 0.006169 -2.504895 0.003679 -0.006239 0.999974 154.229645
0.999808 -0.019363 -0.002986 -1.090333 0.019388 0.999774 0.008765 -2.525457 0.002816 -0.008822 0.999957 155.585846
0.999685 -0.024978 -0.002603 -1.078571 0.025006 0.999620 0.011615 -2.540745 0.002312 -0.011676 0.999929 156.935486
0.999556 -0.029672 -0.002685 -1.067240 0.029705 0.999472 0.013194 -2.557119 0.002292 -0.013268 0.999909 158.275009
0.999480 -0.032142 -0.002676 -1.070121 0.032175 0.999390 0.013573 -2.578380 0.002238 -0.013652 0.999904 159.632660
0.999539 -0.030289 -0.001915 -1.080807 0.030313 0.999438 0.014306 -2.588858 0.001480 -0.014357 0.999896 160.985382
0.999600 -0.028265 -0.000823 -1.094867 0.028274 0.999502 0.013988 -2.597920 0.000427 -0.014006 0.999902 162.319717
0.999679 -0.025338 0.000013 -1.115294 0.025336 0.999603 0.012321 -2.609420 -0.000325 -0.012316 0.999924 163.677048
0.999747 -0.022497 0.000860 -1.132360 0.022485 0.999682 0.011441 -2.618124 -0.001117 -0.011419 0.999934 165.034714
0.999785 -0.020710 0.001242 -1.144602 0.020693 0.999709 0.012433 -2.627003 -0.001499 -0.012405 0.999922 166.397568
0.999797 -0.020102 0.001255 -1.148835 0.020085 0.999721 0.012394 -2.637138 -0.001503 -0.012366 0.999922 167.752472
0.999800 -0.019977 0.000578 -1.163010 0.019970 0.999747 0.010342 -2.646400 -0.000784 -0.010328 0.999946 169.113831
0.999869 -0.016176 0.000178 -1.180575 0.016174 0.999839 0.007770 -2.664912 -0.000304 -0.007766 0.999970 170.465332
0.999954 -0.009573 0.000016 -1.203965 0.009572 0.999932 0.006671 -2.693020 -0.000080 -0.006670 0.999978 171.822525
0.999989 -0.004763 0.000159 -1.227421 0.004761 0.999962 0.007324 -2.709986 -0.000194 -0.007323 0.999973 173.187454
0.999999 -0.000957 0.000739 -1.248302 0.000951 0.999957 0.009180 -2.727454 -0.000747 -0.009179 0.999958 174.558609
1.000000 -0.000264 0.000821 -1.260076 0.000254 0.999937 0.011230 -2.742706 -0.000824 -0.011230 0.999937 175.948975
0.999998 -0.002035 0.000105 -1.258089 0.002033 0.999922 0.012355 -2.759989 -0.000130 -0.012354 0.999924 177.344849
0.999987 -0.004961 -0.001464 -1.265825 0.004979 0.999911 0.012398 -2.768012 0.001402 -0.012405 0.999922 178.746399
0.999972 -0.006714 -0.003331 -1.262940 0.006745 0.999935 0.009142 -2.791481 0.003270 -0.009164 0.999953 180.135223
0.999979 -0.004269 -0.004872 -1.283211 0.004295 0.999977 0.005224 -2.812100 0.004849 -0.005244 0.999974 181.546509
0.999984 0.000290 -0.005681 -1.314693 -0.000267 0.999992 0.004022 -2.830328 0.005683 -0.004020 0.999976 182.938934
0.999970 0.004891 -0.005928 -1.343739 -0.004862 0.999976 0.004906 -2.852761 0.005952 -0.004877 0.999970 184.340820
0.999956 0.007342 -0.005871 -1.364897 -0.007296 0.999943 0.007756 -2.869232 0.005927 -0.007713 0.999953 185.743118
0.999958 0.007240 -0.005559 -1.381636 -0.007182 0.999921 0.010279 -2.884911 0.005633 -0.010239 0.999932 187.138306
0.999966 0.006230 -0.005335 -1.399441 -0.006170 0.999918 0.011186 -2.892326 0.005404 -0.011153 0.999923 188.532883
0.999973 0.004939 -0.005352 -1.410981 -0.004876 0.999919 0.011747 -2.911235 0.005409 -0.011720 0.999917 189.948410
0.999983 0.002175 -0.005400 -1.410700 -0.002108 0.999922 0.012289 -2.925118 0.005427 -0.012277 0.999910 191.344360
0.999987 0.000426 -0.005170 -1.417905 -0.000361 0.999920 0.012655 -2.943867 0.005175 -0.012653 0.999907 192.740646
0.999984 -0.002865 -0.004816 -1.421172 0.002929 0.999906 0.013388 -2.949474 0.004777 -0.013402 0.999899 194.153229
0.999970 -0.006240 -0.004479 -1.422119 0.006306 0.999869 0.014885 -2.966804 0.004386 -0.014913 0.999879 195.595032
0.999938 -0.010201 -0.004357 -1.426508 0.010266 0.999832 0.015177 -2.973988 0.004202 -0.015221 0.999875 197.027573
0.999950 -0.009140 -0.004146 -1.434912 0.009188 0.999888 0.011782 -2.995593 0.004038 -0.011820 0.999922 198.442841
0.999987 -0.003553 -0.003696 -1.473348 0.003579 0.999969 0.006992 -3.014651 0.003671 -0.007005 0.999969 199.866684
0.999976 0.006402 -0.002580 -1.511307 -0.006385 0.999959 0.006468 -3.028935 0.002622 -0.006452 0.999976 201.302689
0.999890 0.014752 -0.001406 -1.561550 -0.014738 0.999845 0.009642 -3.039333 0.001548 -0.009620 0.999953 202.749725
0.999873 0.015942 -0.000370 -1.579319 -0.015937 0.999803 0.011818 -3.049014 0.000558 -0.011811 0.999930 204.219666
0.999898 0.014285 -0.000786 -1.584320 -0.014274 0.999820 0.012523 -3.058863 0.000964 -0.012511 0.999921 205.671509
0.999935 0.011241 -0.001948 -1.580628 -0.011216 0.999860 0.012444 -3.070095 0.002088 -0.012421 0.999921 207.126465
0.999955 0.008893 -0.003209 -1.582199 -0.008854 0.999887 0.012163 -3.088748 0.003317 -0.012134 0.999921 208.578125
0.999950 0.009223 -0.003940 -1.593365 -0.009176 0.999890 0.011656 -3.102770 0.004047 -0.011620 0.999924 210.032364
0.999927 0.011407 -0.004084 -1.614353 -0.011358 0.999865 0.011892 -3.121907 0.004219 -0.011844 0.999921 211.512970
0.999908 0.012869 -0.004354 -1.633578 -0.012814 0.999839 0.012576 -3.133647 0.004515 -0.012520 0.999911 212.972168
0.999920 0.011744 -0.004769 -1.644290 -0.011684 0.999853 0.012553 -3.146184 0.004916 -0.012496 0.999910 214.428726
0.999922 0.011372 -0.005108 -1.660854 -0.011311 0.999868 0.011688 -3.162127 0.005241 -0.011629 0.999919 215.888733
0.999926 0.010930 -0.005417 -1.672090 -0.010868 0.999877 0.011315 -3.176148 0.005540 -0.011255 0.999921 217.350555
0.999914 0.011751 -0.005879 -1.688873 -0.011683 0.999868 0.011330 -3.193751 0.006011 -0.011261 0.999919 218.822098
0.999913 0.011654 -0.006227 -1.703344 -0.011583 0.999869 0.011348 -3.206843 0.006359 -0.011275 0.999916 220.314041
0.999910 0.011786 -0.006437 -1.719362 -0.011714 0.999870 0.011057 -3.225328 0.006566 -0.010980 0.999918 221.796310
0.999892 0.012977 -0.006881 -1.734373 -0.012901 0.999856 0.011000 -3.241182 0.007023 -0.010910 0.999916 223.274261
0.999899 0.012243 -0.007232 -1.754562 -0.012163 0.999866 0.010932 -3.253491 0.007365 -0.010843 0.999914 224.753067
0.999888 0.012865 -0.007589 -1.776066 -0.012780 0.999857 0.011064 -3.269925 0.007730 -0.010966 0.999910 226.237732
0.999885 0.013057 -0.007651 -1.798406 -0.012972 0.999855 0.011022 -3.288987 0.007794 -0.010922 0.999910 227.717621
0.999899 0.011926 -0.007719 -1.813708 -0.011840 0.999869 0.011020 -3.301383 0.007849 -0.010927 0.999909 229.203644
0.999907 0.011376 -0.007550 -1.832408 -0.011290 0.999873 0.011280 -3.320621 0.007677 -0.011193 0.999908 230.715988
0.999917 0.010498 -0.007500 -1.839917 -0.010407 0.999873 0.012077 -3.340495 0.007626 -0.011998 0.999899 232.214722
0.999921 0.009839 -0.007773 -1.862018 -0.009741 0.999873 0.012575 -3.354287 0.007896 -0.012498 0.999891 233.713013
0.999920 0.009996 -0.007768 -1.884527 -0.009898 0.999872 0.012550 -3.368823 0.007893 -0.012472 0.999891 235.210129
0.999915 0.010657 -0.007553 -1.902701 -0.010564 0.999870 0.012142 -3.383222 0.007681 -0.012061 0.999898 236.699905
0.999892 0.012700 -0.007337 -1.928509 -0.012607 0.999841 0.012638 -3.401470 0.007496 -0.012544 0.999893 238.217072
0.999894 0.012777 -0.006947 -1.951961 -0.012674 0.999813 0.014625 -3.409858 0.007132 -0.014536 0.999869 239.730835
0.999911 0.011624 -0.006529 -1.972548 -0.011523 0.999817 0.015298 -3.422097 0.006705 -0.015221 0.999862 241.248901
0.999909 0.012080 -0.005929 -1.996804 -0.011994 0.999826 0.014307 -3.433523 0.006101 -0.014234 0.999880 242.765640
0.999910 0.012281 -0.005452 -2.013774 -0.012210 0.999843 0.012858 -3.444697 0.005609 -0.012791 0.999902 244.277847
0.999897 0.013343 -0.005210 -2.034291 -0.013273 0.999826 0.013089 -3.454398 0.005384 -0.013019 0.999901 245.804535
0.999891 0.013796 -0.005278 -2.052467 -0.013720 0.999805 0.014218 -3.467893 0.005473 -0.014144 0.999885 247.338516
0.999897 0.013299 -0.005428 -2.067873 -0.013216 0.999799 0.015069 -3.481548 0.005627 -0.014995 0.999872 248.856934
0.999892 0.013486 -0.005809 -2.083025 -0.013396 0.999793 0.015294 -3.492434 0.006014 -0.015214 0.999866 250.386322
0.999875 0.014650 -0.006009 -2.103146 -0.014555 0.999773 0.015536 -3.503216 0.006235 -0.015446 0.999861 251.927933
0.999867 0.015191 -0.005911 -2.123001 -0.015095 0.999761 0.015824 -3.514428 0.006150 -0.015733 0.999857 253.451218
0.999851 0.016268 -0.005782 -2.136032 -0.016174 0.999742 0.015950 -3.519185 0.006040 -0.015854 0.999856 254.997116
0.999869 0.015088 -0.005901 -2.152814 -0.014991 0.999758 0.016094 -3.533952 0.006143 -0.016003 0.999853 256.525635
0.999882 0.014046 -0.006217 -2.167418 -0.013938 0.999759 0.016963 -3.539243 0.006453 -0.016874 0.999837 258.065125
0.999924 0.010737 -0.006098 -2.172872 -0.010626 0.999783 0.017945 -3.553424 0.006289 -0.017879 0.999820 259.599396
0.999940 0.008794 -0.006581 -2.181402 -0.008679 0.999812 0.017313 -3.561697 0.006732 -0.017255 0.999828 261.139496
0.999943 0.008267 -0.006781 -2.199418 -0.008153 0.999829 0.016586 -3.574211 0.006917 -0.016530 0.999839 262.674835
0.999952 0.007411 -0.006334 -2.215264 -0.007295 0.999809 0.018114 -3.582544 0.006467 -0.018067 0.999816 264.203979
0.999971 0.004611 -0.006132 -2.222558 -0.004488 0.999791 0.019967 -3.581674 0.006222 -0.019939 0.999782 265.745178
0.999976 0.003170 -0.006143 -2.232070 -0.003047 0.999799 0.019793 -3.592661 0.006205 -0.019774 0.999785 267.282349
0.999981 0.001814 -0.005959 -2.243298 -0.001700 0.999819 0.018974 -3.598991 0.005992 -0.018963 0.999802 268.808472
0.999981 0.003362 -0.005224 -2.270787 -0.003263 0.999820 0.018687 -3.604318 0.005286 -0.018669 0.999812 270.335999
0.999978 0.005070 -0.004326 -2.288011 -0.004987 0.999809 0.018883 -3.611977 0.004421 -0.018861 0.999812 271.875397
0.999975 0.006201 -0.003436 -2.307787 -0.006136 0.999809 0.018559 -3.617777 0.003550 -0.018537 0.999822 273.399475
0.999966 0.007836 -0.002745 -2.329065 -0.007783 0.999796 0.018624 -3.626466 0.002890 -0.018602 0.999823 274.951294
0.999965 0.008132 -0.001830 -2.351272 -0.008097 0.999797 0.018435 -3.629491 0.001979 -0.018420 0.999828 276.494690
0.999964 0.008451 -0.000973 -2.363720 -0.008432 0.999805 0.017861 -3.634692 0.001124 -0.017852 0.999840 278.028351
0.999966 0.008226 -0.000127 -2.373886 -0.008223 0.999810 0.017652 -3.644486 0.000272 -0.017651 0.999844 279.575134
0.999968 0.007995 0.000578 -2.392124 -0.008004 0.999809 0.017808 -3.652149 -0.000435 -0.017812 0.999841 281.129272
0.999975 0.007056 0.000881 -2.398636 -0.007071 0.999799 0.018785 -3.658000 -0.000748 -0.018790 0.999823 282.675446
0.999987 0.004995 0.001364 -2.395637 -0.005020 0.999803 0.019220 -3.664961 -0.001268 -0.019227 0.999814 284.224030
0.999991 0.003893 0.001358 -2.405499 -0.003916 0.999842 0.017347 -3.676876 -0.001290 -0.017352 0.999849 285.772217
0.999989 0.004522 0.001316 -2.408003 -0.004541 0.999873 0.015306 -3.684044 -0.001246 -0.015312 0.999882 287.312378
0.999989 0.004580 0.000353 -2.418871 -0.004585 0.999875 0.015111 -3.689223 -0.000284 -0.015113 0.999886 288.864746
0.999995 0.003298 -0.000278 -2.421383 -0.003294 0.999880 0.015113 -3.698518 0.000328 -0.015112 0.999886 290.418365
0.999995 0.002871 -0.001428 -2.429012 -0.002850 0.999887 0.014733 -3.713761 0.001470 -0.014729 0.999890 291.970337
0.999991 0.003617 -0.002255 -2.443450 -0.003584 0.999886 0.014696 -3.723712 0.002308 -0.014688 0.999889 293.526978
0.999990 0.003481 -0.002926 -2.460327 -0.003437 0.999884 0.014812 -3.729307 0.002977 -0.014802 0.999886 295.096893
0.999987 0.003400 -0.003777 -2.464479 -0.003342 0.999881 0.015064 -3.743007 0.003828 -0.015051 0.999879 296.648499
0.999982 0.003485 -0.004813 -2.478667 -0.003406 0.999859 0.016442 -3.751428 0.004870 -0.016425 0.999853 298.211151
0.999975 0.004235 -0.005625 -2.501067 -0.004133 0.999828 0.018066 -3.760084 0.005701 -0.018043 0.999821 299.798096
0.999976 0.004507 -0.005205 -2.511348 -0.004411 0.999821 0.018385 -3.763530 0.005287 -0.018362 0.999817 301.370392
0.999977 0.005315 -0.004174 -2.532299 -0.005238 0.999819 0.018287 -3.767793 0.004271 -0.018264 0.999824 302.954712
0.999983 0.004374 -0.003785 -2.545116 -0.004304 0.999822 0.018354 -3.770259 0.003864 -0.018338 0.999824 304.539429
0.999991 0.002323 -0.003569 -2.546942 -0.002260 0.999846 0.017405 -3.771193 0.003609 -0.017396 0.999842 306.136475
0.999995 0.000784 -0.003093 -2.548380 -0.000735 0.999874 0.015828 -3.785380 0.003105 -0.015826 0.999870 307.741608
0.999996 0.000667 -0.002790 -2.557913 -0.000626 0.999891 0.014759 -3.790761 0.002800 -0.014758 0.999887 309.329041
0.999990 0.000796 -0.004489 -2.575460 -0.000733 0.999903 0.013908 -3.803749 0.004500 -0.013905 0.999893 310.934906
0.999975 0.002281 -0.006640 -2.589423 -0.002185 0.999894 0.014411 -3.813441 0.006673 -0.014396 0.999874 312.558044
0.999966 0.003777 -0.007393 -2.618300 -0.003649 0.999843 0.017343 -3.813656 0.007458 -0.017315 0.999822 314.183411
0.999972 0.002134 -0.007212 -2.629920 -0.001985 0.999787 0.020560 -3.817383 0.007255 -0.020545 0.999763 315.831055
0.999974 0.001264 -0.007058 -2.646054 -0.001111 0.999767 0.021573 -3.819446 0.007083 -0.021565 0.999742 317.469788
0.999976 0.000273 -0.006869 -2.655836 -0.000131 0.999784 0.020774 -3.827440 0.006873 -0.020772 0.999761 319.092773
0.999978 -0.000122 -0.006654 -2.674229 0.000259 0.999786 0.020666 -3.827221 0.006650 -0.020668 0.999764 320.716553
0.999980 -0.000505 -0.006258 -2.694112 0.000637 0.999777 0.021111 -3.829785 0.006246 -0.021114 0.999758 322.347168
0.999982 -0.000293 -0.005959 -2.710076 0.000420 0.999772 0.021339 -3.839279 0.005952 -0.021341 0.999755 323.978485
0.999984 0.001092 -0.005552 -2.726759 -0.000978 0.999788 0.020583 -3.843036 0.005573 -0.020577 0.999773 325.605988
0.999986 0.001770 -0.004993 -2.751871 -0.001670 0.999798 0.020013 -3.847333 0.005027 -0.020004 0.999787 327.233734
0.999991 0.001004 -0.004142 -2.764073 -0.000915 0.999766 0.021607 -3.845538 0.004163 -0.021603 0.999758 328.867737
0.999991 -0.000174 -0.004237 -2.768296 0.000270 0.999743 0.022649 -3.847845 0.004231 -0.022650 0.999735 330.503357
0.999989 -0.001071 -0.004586 -2.777966 0.001171 0.999760 0.021897 -3.854323 0.004561 -0.021902 0.999750 332.123077
0.999990 -0.000001 -0.004471 -2.797566 0.000100 0.999756 0.022093 -3.872159 0.004470 -0.022093 0.999746 333.734528
0.999988 0.001161 -0.004834 -2.812477 -0.001063 0.999793 0.020324 -3.859700 0.004857 -0.020319 0.999782 335.354797
0.999980 0.003287 -0.005394 -2.831452 -0.003190 0.999835 0.017899 -3.873295 0.005452 -0.017882 0.999825 336.961151
0.999971 0.004491 -0.006128 -2.855396 -0.004378 0.999823 0.018320 -3.879385 0.006209 -0.018293 0.999813 338.578430
0.999960 0.005217 -0.007217 -2.879868 -0.005063 0.999763 0.021164 -3.884609 0.007325 -0.021126 0.999750 340.200745
0.999946 0.006325 -0.008300 -2.895187 -0.006124 0.999694 0.023987 -3.883570 0.008450 -0.023934 0.999678 341.822571
0.999931 0.006718 -0.009670 -2.919701 -0.006490 0.999707 0.023339 -3.884316 0.009824 -0.023275 0.999681 343.431671
0.999914 0.006335 -0.011472 -2.944860 -0.006079 0.999735 0.022202 -3.884506 0.011609 -0.022131 0.999688 345.025635
0.999897 0.005207 -0.013376 -2.972265 -0.004897 0.999721 0.023097 -3.881925 0.013493 -0.023029 0.999644 346.640472
0.999890 0.003750 -0.014359 -2.992208 -0.003405 0.999707 0.023948 -3.890374 0.014445 -0.023896 0.999610 348.236603
0.999884 0.003290 -0.014839 -3.018051 -0.002941 0.999721 0.023448 -3.893703 0.014912 -0.023402 0.999615 349.830872
0.999879 0.002934 -0.015262 -3.045592 -0.002587 0.999739 0.022692 -3.896517 0.015325 -0.022650 0.999626 351.418640
0.999876 0.002738 -0.015482 -3.076416 -0.002387 0.999741 0.022621 -3.893361 0.015540 -0.022581 0.999624 353.014099
0.999878 0.002166 -0.015458 -3.105902 -0.001816 0.999742 0.022627 -3.898176 0.015503 -0.022596 0.999624 354.618225
0.999878 0.001409 -0.015544 -3.135900 -0.001065 0.999754 0.022150 -3.905130 0.015571 -0.022130 0.999634 356.204865
0.999871 0.001288 -0.016035 -3.167766 -0.000941 0.999766 0.021626 -3.911291 0.016059 -0.021609 0.999638 357.791992
0.999874 0.000855 -0.015865 -3.204972 -0.000510 0.999763 0.021768 -3.912960 0.015880 -0.021757 0.999637 359.385620
0.999873 0.000779 -0.015917 -3.236408 -0.000443 0.999777 0.021108 -3.910382 0.015930 -0.021098 0.999650 360.981598
0.999871 -0.000099 -0.016059 -3.264119 0.000424 0.999794 0.020274 -3.916779 0.016053 -0.020278 0.999665 362.564636
0.999870 -0.001331 -0.016042 -3.297225 0.001671 0.999773 0.021220 -3.911421 0.016010 -0.021244 0.999646 364.158875
0.999867 -0.003520 -0.015952 -3.324724 0.003879 0.999739 0.022533 -3.921442 0.015869 -0.022592 0.999619 365.755402
0.999860 -0.004170 -0.016179 -3.352650 0.004527 0.999746 0.022095 -3.925118 0.016083 -0.022165 0.999625 367.341919
0.999869 -0.002715 -0.015970 -3.387615 0.003063 0.999757 0.021821 -3.930717 0.015907 -0.021867 0.999634 368.932220
0.999878 -0.000820 -0.015629 -3.431664 0.001172 0.999746 0.022509 -3.931443 0.015607 -0.022525 0.999624 370.530914
0.999887 0.000059 -0.015066 -3.460516 0.000292 0.999728 0.023322 -3.928860 0.015063 -0.023323 0.999614 372.132233
0.999892 0.000001 -0.014694 -3.493883 0.000338 0.999734 0.023082 -3.925516 0.014690 -0.023085 0.999626 373.736267
0.999893 -0.000013 -0.014660 -3.525649 0.000345 0.999744 0.022620 -3.928662 0.014656 -0.022623 0.999637 375.342133
0.999896 0.000526 -0.014378 -3.554989 -0.000203 0.999749 0.022424 -3.922707 0.014386 -0.022419 0.999645 376.941864
0.999899 0.001093 -0.014146 -3.587450 -0.000776 0.999749 0.022386 -3.925566 0.014167 -0.022372 0.999649 378.559326
0.999902 0.002494 -0.013807 -3.627980 -0.002179 0.999738 0.022791 -3.929013 0.013860 -0.022759 0.999645 380.167206
0.999902 0.003624 -0.013519 -3.656404 -0.003312 0.999731 0.022976 -3.929564 0.013599 -0.022929 0.999645 381.779602
0.999899 0.004508 -0.013455 -3.697764 -0.004201 0.999732 0.022748 -3.930930 0.013554 -0.022690 0.999651 383.396942
0.999901 0.005589 -0.012947 -3.724424 -0.005299 0.999737 0.022330 -3.930759 0.013068 -0.022259 0.999667 385.012512
0.999894 0.007238 -0.012650 -3.758182 -0.006952 0.999723 0.022506 -3.932575 0.012810 -0.022416 0.999667 386.642914
0.999887 0.008811 -0.012196 -3.795125 -0.008525 0.999692 0.023307 -3.931933 0.012397 -0.023200 0.999654 388.270477
0.999880 0.009620 -0.012101 -3.818773 -0.009330 0.999674 0.023749 -3.932483 0.012326 -0.023633 0.999645 389.899597
0.999881 0.009850 -0.011885 -3.852728 -0.009569 0.999677 0.023536 -3.928639 0.012113 -0.023420 0.999652 391.530792
0.999873 0.010832 -0.011649 -3.879112 -0.010550 0.999657 0.023976 -3.926205 0.011905 -0.023850 0.999645 393.158417
