1.000000 0.000000 0.000000 0.000000 0.000000 1.000000 0.000000 0.000000 0.000000 0.000000 1.000000 0.000000
1.000000 -0.000160 -0.000255 0.002456 0.000160 0.999999 0.001021 0.002287 0.000255 -0.001021 0.999999 1.368196
0.999999 -0.000863 -0.000632 0.005577 0.000863 1.000000 0.000466 0.006018 0.000632 -0.000466 1.000000 2.702726
0.999997 -0.001903 -0.001722 0.040672 0.001901 0.999998 -0.001097 0.001585 0.001724 0.001093 0.999998 4.082755
0.999996 -0.002329 -0.001426 0.041630 0.002327 0.999997 -0.001049 -0.013531 0.001428 0.001046 0.999998 5.401022
0.999997 -0.002548 -0.000436 0.015591 0.002548 0.999997 -0.000619 -0.019343 0.000438 0.000618 1.000000 6.697911
0.999993 -0.003721 -0.000074 0.009509 0.003721 0.999993 -0.000022 -0.021368 0.000074 0.000022 1.000000 8.042515
0.999994 -0.003503 0.000213 -0.003048 0.003503 0.999994 0.000415 -0.033229 -0.000215 -0.000415 1.000000 9.356528
0.999996 -0.002802 0.000787 -0.027937 0.002803 0.999995 -0.001593 -0.043649 -0.000783 0.001595 0.999998 10.669279
1.000000 0.000150 0.000701 -0.024130 -0.000147 0.999990 -0.004404 -0.047251 -0.000701 0.004404 0.999990 12.027840
0.999993 0.003227 0.001857 -0.050290 -0.003217 0.999981 -0.005185 -0.069580 -0.001874 0.005179 0.999985 13.382901
0.999979 0.005623 0.003287 -0.089051 -0.005605 0.999969 -0.005522 -0.087309 -0.003318 0.005503 0.999979 14.709324
0.999973 0.006527 0.003458 -0.087470 -0.006510 0.999967 -0.004891 -0.104975 -0.003490 0.004868 0.999982 16.090717
0.999983 0.003886 0.004450 -0.097941 -0.003875 0.999990 -0.002309 -0.118754 -0.004459 0.002291 0.999987 17.467247
0.999987 -0.000435 0.005172 -0.101867 0.000437 1.000000 -0.000470 -0.142228 -0.005172 0.000472 0.999987 18.846201
0.999982 -0.002279 0.005491 -0.104570 0.002298 0.999991 -0.003546 -0.145940 -0.005483 0.003558 0.999979 20.235699
0.999978 -0.003359 0.005698 -0.102292 0.003392 0.999978 -0.005680 -0.165517 -0.005679 0.005700 0.999968 21.636345
0.999977 -0.001351 0.006589 -0.105457 0.001399 0.999972 -0.007301 -0.189370 -0.006579 0.007310 0.999952 23.022139
0.999972 0.000802 0.007469 -0.095056 -0.000765 0.999987 -0.005035 -0.215299 -0.007473 0.005029 0.999959 24.430416
0.999970 0.001665 0.007572 -0.071354 -0.001653 0.999997 -0.001660 -0.236786 -0.007575 0.001647 0.999970 25.866447
0.999972 -0.000640 0.007447 -0.041470 0.000638 1.000000 0.000297 -0.255059 -0.007447 -0.000293 0.999972 27.285421
0.999964 -0.005401 0.006597 -0.010230 0.005412 0.999984 -0.001737 -0.269446 -0.006587 0.001773 0.999977 28.687792
0.999963 -0.005561 0.006574 0.000198 0.005589 0.999975 -0.004315 -0.283259 -0.006550 0.004352 0.999969 30.087763
0.999955 -0.005920 0.007359 0.000413 0.005973 0.999955 -0.007318 -0.291517 -0.007316 0.007362 0.999946 31.462458
0.999964 -0.003440 0.007743 0.010488 0.003502 0.999962 -0.007995 -0.315715 -0.007715 0.008022 0.999938 32.845516
0.999962 -0.002934 0.008253 0.013463 0.003020 0.999940 -0.010486 -0.329237 -0.008222 0.010511 0.999911 34.230453
0.999965 -0.002751 0.007944 0.027642 0.002834 0.999941 -0.010462 -0.337414 -0.007915 0.010484 0.999914 35.619072
0.999962 -0.003489 0.008035 0.036394 0.003565 0.999949 -0.009488 -0.354460 -0.008001 0.009516 0.999923 36.996998
0.999966 -0.002766 0.007732 0.044767 0.002827 0.999965 -0.007898 -0.381478 -0.007709 0.007920 0.999939 38.404354
0.999972 -0.000709 0.007477 0.060874 0.000768 0.999968 -0.007928 -0.392086 -0.007471 0.007934 0.999941 39.824032
0.999964 0.001062 0.008445 0.050653 -0.000992 0.999965 -0.008310 -0.411923 -0.008453 0.008301 0.999930 41.231884
0.999963 0.002300 0.008338 0.055607 -0.002238 0.999970 -0.007471 -0.440823 -0.008355 0.007452 0.999937 42.666241
0.999962 0.002721 0.008292 0.059195 -0.002654 0.999964 -0.008120 -0.450324 -0.008314 0.008098 0.999933 44.085148
0.999971 0.001880 0.007327 0.077702 -0.001817 0.999961 -0.008636 -0.463455 -0.007343 0.008622 0.999936 45.507915
0.999974 0.002115 0.006839 0.074661 -0.002045 0.999945 -0.010314 -0.462685 -0.006861 0.010300 0.999923 46.926083
0.999980 0.000930 0.006300 0.069398 -0.000865 0.999947 -0.010302 -0.480686 -0.006309 0.010297 0.999927 48.339161
0.999981 0.002767 0.005554 0.059415 -0.002708 0.999941 -0.010557 -0.473018 -0.005582 0.010541 0.999929 49.742447
0.999981 0.002936 0.005446 0.029085 -0.002874 0.999933 -0.011224 -0.487244 -0.005479 0.011208 0.999922 51.127689
0.999987 0.002410 0.004550 0.017608 -0.002361 0.999938 -0.010884 -0.506511 -0.004575 0.010873 0.999930 52.580448
0.999990 0.002013 0.003886 0.000036 -0.001973 0.999944 -0.010390 -0.519224 -0.003907 0.010382 0.999938 54.001411
0.999993 -0.000113 0.003643 -0.018245 0.000150 0.999949 -0.010076 -0.524102 -0.003641 0.010076 0.999943 55.432205
0.999992 -0.002156 0.003244 -0.030097 0.002190 0.999940 -0.010704 -0.528374 -0.003221 0.010711 0.999937 56.886177
0.999982 -0.005432 0.002455 -0.023542 0.005459 0.999924 -0.011056 -0.554602 -0.002395 0.011069 0.999936 58.359890
0.999974 -0.006670 0.002702 -0.036564 0.006700 0.999915 -0.011194 -0.574071 -0.002627 0.011212 0.999934 59.822842
0.999959 -0.008547 0.003154 -0.040427 0.008580 0.999904 -0.010880 -0.595221 -0.003061 0.010907 0.999936 61.265942
0.999934 -0.010888 0.003730 -0.041938 0.010925 0.999888 -0.010274 -0.611916 -0.003618 0.010314 0.999940 62.702564
0.999894 -0.013995 0.004070 -0.035888 0.014039 0.999841 -0.010985 -0.625301 -0.003916 0.011041 0.999931 64.138145
0.999855 -0.016227 0.005207 -0.048790 0.016290 0.999792 -0.012271 -0.644808 -0.005007 0.012354 0.999911 65.584488
0.999837 -0.017090 0.005850 -0.053524 0.017165 0.999768 -0.012985 -0.665403 -0.005626 0.013083 0.999899 67.024300
0.999854 -0.015657 0.006793 -0.064148 0.015750 0.999780 -0.013870 -0.667719 -0.006574 0.013975 0.999881 68.464905
0.999893 -0.012620 0.007412 -0.074495 0.012717 0.999833 -0.013117 -0.675933 -0.007245 0.013210 0.999887 69.933044
0.999907 -0.010729 0.008410 -0.093966 0.010836 0.999859 -0.012813 -0.669479 -0.008271 0.012903 0.999883 71.367813
0.999920 -0.007768 0.009940 -0.138500 0.007902 0.999879 -0.013437 -0.654329 -0.009834 0.013514 0.999860 72.810661
0.999931 -0.004433 0.010853 -0.168741 0.004587 0.999888 -0.014263 -0.660727 -0.010788 0.014312 0.999839 74.263916
0.999923 -0.002077 0.012194 -0.209091 0.002270 0.999872 -0.015829 -0.662113 -0.012160 0.015855 0.999800 75.719238
0.999911 -0.000371 0.013349 -0.227644 0.000585 0.999872 -0.016018 -0.693048 -0.013341 0.016024 0.999783 77.178894
0.999900 -0.002133 0.013990 -0.237096 0.002361 0.999865 -0.016252 -0.705492 -0.013953 0.016283 0.999770 78.650154
0.999886 -0.003459 0.014670 -0.254545 0.003711 0.999846 -0.017172 -0.724633 -0.014608 0.017225 0.999745 80.076927
0.999870 -0.006111 0.014921 -0.250219 0.006386 0.999809 -0.018484 -0.742195 -0.014805 0.018577 0.999718 81.472176
0.999862 -0.006616 0.015229 -0.256366 0.006918 0.999779 -0.019838 -0.747862 -0.015095 0.019940 0.999687 82.887222
0.999855 -0.007406 0.015332 -0.260042 0.007711 0.999770 -0.019993 -0.780476 -0.015180 0.020108 0.999683 84.301949
0.999857 -0.007509 0.015184 -0.252381 0.007828 0.999747 -0.021064 -0.803062 -0.015022 0.021180 0.999663 85.719780
0.999846 -0.009254 0.014902 -0.258533 0.009569 0.999729 -0.021225 -0.818828 -0.014701 0.021364 0.999664 87.114563
0.999834 -0.010575 0.014852 -0.281304 0.010879 0.999729 -0.020572 -0.857338 -0.014631 0.020730 0.999678 88.527443
0.999809 -0.013572 0.014045 -0.291964 0.013855 0.999699 -0.020253 -0.872602 -0.013766 0.020444 0.999696 89.950409
0.999769 -0.016385 0.013914 -0.312265 0.016671 0.999647 -0.020707 -0.890196 -0.013570 0.020934 0.999689 91.359688
0.999748 -0.018232 0.013070 -0.308367 0.018514 0.999591 -0.021777 -0.908860 -0.012668 0.022013 0.999677 92.793953
0.999719 -0.019919 0.012840 -0.314244 0.020206 0.999539 -0.022641 -0.942477 -0.012383 0.022894 0.999661 94.218842
0.999670 -0.022306 0.012761 -0.313915 0.022604 0.999464 -0.023671 -0.968734 -0.012226 0.023952 0.999638 95.648453
0.999671 -0.022194 0.012888 -0.309790 0.022505 0.999447 -0.024496 -1.010661 -0.012337 0.024778 0.999617 97.009941
0.999665 -0.022117 0.013475 -0.320282 0.022459 0.999415 -0.025800 -1.044927 -0.012897 0.026094 0.999576 98.403816
0.999674 -0.021181 0.014261 -0.330510 0.021554 0.999417 -0.026491 -1.098377 -0.013691 0.026790 0.999547 99.764374
0.999689 -0.020106 0.014736 -0.319447 0.020490 0.999441 -0.026407 -1.147403 -0.014197 0.026700 0.999543 101.136147
0.999675 -0.020500 0.015159 -0.307835 0.020882 0.999457 -0.025482 -1.183971 -0.014629 0.025791 0.999560 102.490311
0.999701 -0.019226 0.015127 -0.294231 0.019594 0.999506 -0.024569 -1.222019 -0.014647 0.024858 0.999584 103.859734
0.999653 -0.021127 0.015743 -0.288195 0.021535 0.999424 -0.026219 -1.264191 -0.015180 0.026549 0.999532 105.215363
0.999643 -0.021441 0.015919 -0.264441 0.021892 0.999348 -0.028698 -1.315983 -0.015293 0.029036 0.999461 106.537552
0.999609 -0.023143 0.015661 -0.252005 0.023614 0.999253 -0.030599 -1.343200 -0.014942 0.030956 0.999409 107.934036
0.999549 -0.025331 0.016106 -0.238451 0.025807 0.999216 -0.030032 -1.380643 -0.015333 0.030434 0.999419 109.291626
0.999470 -0.027904 0.016779 -0.221422 0.028369 0.999201 -0.028136 -1.432563 -0.015981 0.028597 0.999463 110.666336
0.999375 -0.030419 0.018035 -0.210171 0.030916 0.999130 -0.027986 -1.474304 -0.017168 0.028526 0.999446 112.053543
0.999359 -0.029895 0.019688 -0.214320 0.030485 0.999073 -0.030388 -1.508950 -0.018761 0.030969 0.999344 113.445885
0.999398 -0.027787 0.020773 -0.208311 0.028463 0.999051 -0.032969 -1.566801 -0.019837 0.033541 0.999240 114.817734
0.999412 -0.026085 0.022250 -0.195709 0.026858 0.999020 -0.035181 -1.632949 -0.021311 0.035758 0.999133 116.237572
0.999442 -0.022809 0.024396 -0.196399 0.023663 0.999095 -0.035331 -1.690461 -0.023569 0.035889 0.999078 117.603142
0.999425 -0.022117 0.025719 -0.173705 0.022968 0.999181 -0.033309 -1.763184 -0.024961 0.033880 0.999114 118.974609
0.999376 -0.022298 0.027398 -0.170884 0.023154 0.999241 -0.031324 -1.813209 -0.026679 0.031938 0.999134 120.330803
0.999318 -0.022888 0.028964 -0.162958 0.023780 0.999242 -0.030828 -1.873352 -0.028237 0.031496 0.999105 121.686981
0.999293 -0.021580 0.030800 -0.159080 0.022556 0.999242 -0.031714 -1.932106 -0.030092 0.032387 0.999022 123.077896
0.999243 -0.019807 0.033480 -0.171646 0.020900 0.999250 -0.032600 -1.981818 -0.032809 0.033275 0.998908 124.451515
0.999213 -0.017408 0.035655 -0.173854 0.018624 0.999246 -0.034065 -2.021097 -0.035035 0.034702 0.998783 125.870346
0.999145 -0.016455 0.037933 -0.168307 0.017798 0.999217 -0.035333 -2.086600 -0.037322 0.035978 0.998655 127.257797
0.999098 -0.015076 0.039704 -0.141799 0.016509 0.999215 -0.036024 -2.156696 -0.039129 0.036647 0.998562 128.620956
0.999032 -0.016098 0.040929 -0.100555 0.017598 0.999177 -0.036552 -2.216714 -0.040307 0.037237 0.998493 129.994934
0.998961 -0.016465 0.042505 -0.064662 0.017979 0.999208 -0.035488 -2.284405 -0.041887 0.036215 0.998466 131.337463
0.998865 -0.017828 0.044173 -0.032219 0.019382 0.999199 -0.035013 -2.344867 -0.043514 0.035829 0.998410 132.701477
0.998803 -0.018194 0.045405 0.010328 0.019802 0.999183 -0.035217 -2.404966 -0.044727 0.036074 0.998348 134.059540
0.998747 -0.020325 0.045721 0.062855 0.021938 0.999144 -0.035069 -2.480638 -0.044969 0.036028 0.998339 135.446671
0.998723 -0.021221 0.045852 0.113322 0.022821 0.999139 -0.034659 -2.548722 -0.045077 0.035661 0.998347 136.832001
0.998720 -0.022532 0.045293 0.174031 0.024131 0.999093 -0.035086 -2.617220 -0.044461 0.036134 0.998357 138.223434
0.998732 -0.023615 0.044456 0.217639 0.025211 0.999045 -0.035679 -2.678345 -0.043571 0.036755 0.998374 139.625366
0.998720 -0.025479 0.043702 0.260845 0.027019 0.999021 -0.035037 -2.742541 -0.042766 0.036173 0.998430 140.994522
0.998712 -0.027546 0.042615 0.317370 0.029043 0.998968 -0.034911 -2.804975 -0.041609 0.036104 0.998481 142.349884
0.998753 -0.027803 0.041469 0.365945 0.029277 0.998946 -0.035363 -2.863014 -0.040442 0.036533 0.998514 143.704987
0.998770 -0.028403 0.040639 0.401905 0.029881 0.998896 -0.036244 -2.923161 -0.039565 0.037413 0.998516 145.066330
0.998781 -0.028810 0.040070 0.444563 0.030284 0.998868 -0.036673 -2.988833 -0.038969 0.037842 0.998524 146.423141
0.998723 -0.031378 0.039584 0.486284 0.032935 0.998684 -0.039319 -3.050968 -0.038299 0.040572 0.998442 147.788010
0.998526 -0.037233 0.039484 0.521409 0.038794 0.998465 -0.039535 -3.123870 -0.037951 0.041008 0.998438 149.126526
0.998203 -0.045693 0.038774 0.572108 0.047125 0.998209 -0.036862 -3.199944 -0.037020 0.038623 0.998568 150.492783
0.997920 -0.052168 0.037880 0.617955 0.053518 0.997933 -0.035569 -3.261709 -0.035946 0.037522 0.998649 151.850555
0.997744 -0.055496 0.037779 0.659971 0.056985 0.997591 -0.039547 -3.314088 -0.035494 0.041610 0.998503 153.203430
0.997739 -0.054895 0.038773 0.699035 0.056548 0.997478 -0.042893 -3.378874 -0.036320 0.044989 0.998327 154.540741
0.997867 -0.051372 0.040268 0.736224 0.053172 0.997572 -0.044977 -3.452460 -0.037860 0.047022 0.998176 155.897430
0.997786 -0.051595 0.041959 0.764813 0.053483 0.997546 -0.045174 -3.525265 -0.039525 0.047318 0.998098 157.204544
0.997541 -0.055587 0.042674 0.815290 0.057360 0.997490 -0.041518 -3.601688 -0.040259 0.043863 0.998226 158.551239
0.997132 -0.061482 0.044125 0.853125 0.063208 0.997244 -0.038843 -3.660576 -0.041615 0.041520 0.998271 159.877121
0.996757 -0.066573 0.045202 0.896680 0.068292 0.996956 -0.037606 -3.710168 -0.042561 0.040571 0.998270 161.214203
0.996592 -0.068316 0.046232 0.934624 0.070102 0.996810 -0.038164 -3.756680 -0.043477 0.041275 0.998201 162.563400
0.996642 -0.066562 0.047681 0.982898 0.068392 0.996940 -0.037843 -3.811551 -0.045016 0.040977 0.998146 163.901917
0.996802 -0.062705 0.049537 1.029165 0.064663 0.997146 -0.038963 -3.868779 -0.046953 0.042041 0.998012 165.251205
0.996922 -0.059516 0.051035 1.063882 0.061652 0.997240 -0.041369 -3.929087 -0.048432 0.044388 0.997840 166.637070
0.996919 -0.057716 0.053122 1.085814 0.060018 0.997279 -0.042805 -3.968971 -0.050507 0.045861 0.997670 168.046417
0.996936 -0.056434 0.054156 1.125801 0.058749 0.997383 -0.042142 -4.029804 -0.051636 0.045195 0.997643 169.451950
0.996973 -0.054734 0.055226 1.157474 0.057156 0.997427 -0.043273 -4.086506 -0.052715 0.046298 0.997536 170.865845
0.997058 -0.053188 0.055196 1.209147 0.055765 0.997372 -0.046246 -4.141940 -0.052592 0.049188 0.997404 172.302399
0.997283 -0.048451 0.055485 1.254141 0.051271 0.997403 -0.050590 -4.187217 -0.052890 0.053297 0.997177 173.734543
0.997487 -0.044524 0.055117 1.332108 0.047392 0.997529 -0.051862 -4.263007 -0.052671 0.054344 0.997132 175.158981
0.997637 -0.040452 0.055533 1.396736 0.043272 0.997784 -0.050551 -4.350948 -0.053365 0.052834 0.997176 176.607941
0.997768 -0.037970 0.054931 1.509064 0.040666 0.997979 -0.048825 -4.439634 -0.052966 0.050950 0.997296 178.062744
0.997793 -0.037843 0.054560 1.600417 0.040394 0.998104 -0.046439 -4.521269 -0.052699 0.048540 0.997430 179.541122
0.997699 -0.041024 0.053978 1.664827 0.043534 0.997984 -0.046175 -4.582225 -0.051975 0.048419 0.997474 180.927826
0.997697 -0.042660 0.052726 1.729988 0.045130 0.997895 -0.046571 -4.654170 -0.050628 0.048844 0.997522 182.332825
0.997746 -0.043656 0.050962 1.802081 0.046258 0.997625 -0.051039 -4.733773 -0.048613 0.053281 0.997396 183.751083
0.997880 -0.042506 0.049283 1.883870 0.045228 0.997434 -0.055490 -4.821019 -0.046798 0.057601 0.997242 185.195938
0.998081 -0.037816 0.049032 1.938804 0.040566 0.997586 -0.056370 -4.903141 -0.046782 0.058250 0.997205 186.601318
0.998181 -0.035147 0.048986 1.995444 0.037871 0.997721 -0.055840 -4.970853 -0.046912 0.057594 0.997237 187.989136
0.998187 -0.034327 0.049439 2.047538 0.036944 0.997909 -0.053033 -5.030385 -0.047515 0.054763 0.997368 189.397888
0.998151 -0.034520 0.050023 2.093226 0.037090 0.997990 -0.051391 -5.104125 -0.048148 0.053152 0.997425 190.817978
0.998086 -0.034616 0.051242 2.114728 0.037250 0.997986 -0.051354 -5.157779 -0.049361 0.053164 0.997365 192.225891
0.997974 -0.036860 0.051863 2.160701 0.039488 0.997939 -0.050581 -5.246912 -0.049892 0.052526 0.997372 193.644897
0.997861 -0.039063 0.052421 2.216494 0.041710 0.997858 -0.050389 -5.324534 -0.050340 0.052468 0.997353 195.074326
0.997670 -0.041888 0.053847 2.248320 0.044631 0.997712 -0.050791 -5.401349 -0.051596 0.053075 0.997257 196.489761
0.997443 -0.045007 0.055521 2.278991 0.047799 0.997603 -0.050030 -5.482071 -0.053136 0.052556 0.997203 197.900787
0.997220 -0.048930 0.056194 2.346994 0.051705 0.997458 -0.049039 -5.555429 -0.053652 0.051808 0.997215 199.355255
0.997016 -0.052253 0.056814 2.413787 0.055080 0.997259 -0.049393 -5.638402 -0.054078 0.052375 0.997162 200.789276
0.997081 -0.049942 0.057750 2.476224 0.053084 0.997117 -0.054220 -5.712320 -0.054875 0.057127 0.996858 202.220505
0.997393 -0.042268 0.058478 2.550040 0.045751 0.997176 -0.059560 -5.797052 -0.055795 0.062080 0.996510 203.632736
0.997649 -0.032228 0.060479 2.587515 0.035850 0.997568 -0.059777 -5.892961 -0.058406 0.061805 0.996378 205.076416
0.997799 -0.024783 0.061499 2.661074 0.028261 0.998011 -0.056349 -5.986607 -0.059980 0.057963 0.996515 206.524155
0.997759 -0.024677 0.062202 2.740336 0.028053 0.998147 -0.054000 -6.088284 -0.060754 0.055624 0.996602 207.967911
0.997690 -0.027092 0.062301 2.816531 0.030440 0.998107 -0.053443 -6.181378 -0.060736 0.055216 0.996625 209.423920
0.997661 -0.029957 0.061448 2.900826 0.033303 0.997976 -0.054165 -6.265843 -0.059701 0.056084 0.996639 210.888947
0.997613 -0.032512 0.060915 2.987639 0.035837 0.997881 -0.054307 -6.370227 -0.059020 0.056360 0.996665 212.372345
0.997599 -0.032654 0.061073 3.055127 0.036008 0.997857 -0.054640 -6.470610 -0.059158 0.056708 0.996637 213.814957
0.997617 -0.031509 0.061388 3.129359 0.034884 0.997893 -0.054713 -6.562256 -0.059535 0.056724 0.996613 215.252655
0.997626 -0.030957 0.061515 3.208284 0.034311 0.997939 -0.054235 -6.643230 -0.059710 0.056217 0.996632 216.729431
0.997605 -0.031353 0.061652 3.287048 0.034747 0.997894 -0.054780 -6.743279 -0.059804 0.056791 0.996593 218.211563
0.997565 -0.032586 0.061665 3.363904 0.036037 0.997796 -0.055710 -6.838682 -0.059714 0.057797 0.996541 219.665649
0.997516 -0.033834 0.061776 3.443276 0.037316 0.997727 -0.056106 -6.929735 -0.059737 0.058272 0.996512 221.103745
0.997483 -0.034618 0.061884 3.519172 0.038118 0.997686 -0.056297 -7.022728 -0.059792 0.058514 0.996494 222.578568
0.997532 -0.033788 0.061547 3.609628 0.037314 0.997673 -0.057068 -7.111707 -0.059475 0.059224 0.996471 224.044083
0.997498 -0.033763 0.062104 3.676386 0.037365 0.997629 -0.057789 -7.197291 -0.060006 0.059965 0.996395 225.520935
0.997494 -0.032608 0.062792 3.733374 0.036272 0.997650 -0.058129 -7.298944 -0.060749 0.060261 0.996332 226.957382
0.997464 -0.033351 0.062874 3.821485 0.037032 0.997611 -0.058323 -7.403830 -0.060779 0.060503 0.996316 228.427109
0.997466 -0.032664 0.063206 3.897619 0.036381 0.997619 -0.058582 -7.502253 -0.061142 0.060733 0.996280 229.917694
0.997389 -0.034582 0.063391 3.985353 0.038305 0.997553 -0.058488 -7.608405 -0.061213 0.060764 0.996273 231.419312
0.997245 -0.036742 0.064441 4.054710 0.040528 0.997467 -0.058453 -7.721618 -0.062130 0.060903 0.996208 232.921585
0.997171 -0.038035 0.064835 4.142175 0.041829 0.997428 -0.058200 -7.829924 -0.062455 0.060747 0.996197 234.427536
0.997042 -0.039406 0.065981 4.216549 0.043238 0.997398 -0.057687 -7.928836 -0.063536 0.060369 0.996152 235.956360
0.996919 -0.040629 0.067102 4.286802 0.044540 0.997330 -0.057868 -8.018761 -0.064572 0.060678 0.996067 237.473602
0.996869 -0.040617 0.067844 4.368079 0.044637 0.997269 -0.058838 -8.107283 -0.065269 0.061682 0.995959 239.035736
0.996802 -0.040130 0.069101 4.442207 0.044300 0.997220 -0.059922 -8.201790 -0.066504 0.062792 0.995808 240.592377
0.996719 -0.039149 0.070847 4.513158 0.043416 0.997270 -0.059733 -8.297786 -0.068315 0.062613 0.995697 242.136551
0.996580 -0.039465 0.072605 4.594228 0.043733 0.997348 -0.058170 -8.391613 -0.070117 0.061146 0.995663 243.659058
0.996465 -0.040302 0.073710 4.703053 0.044616 0.997328 -0.057843 -8.494060 -0.071182 0.060927 0.995601 245.224594
0.996304 -0.040310 0.075857 4.792834 0.044926 0.997177 -0.060167 -8.581056 -0.073218 0.063352 0.995302 246.784622
0.996229 -0.040427 0.076768 4.906704 0.045246 0.997043 -0.062111 -8.673762 -0.074030 0.065350 0.995113 248.358765
0.996170 -0.040660 0.077404 5.025404 0.045532 0.997021 -0.062252 -8.768578 -0.074642 0.065538 0.995054 249.962692
0.996132 -0.041264 0.077584 5.147621 0.046080 0.997052 -0.061346 -8.877776 -0.074824 0.064684 0.995097 251.576294
0.996163 -0.041955 0.076810 5.290611 0.046704 0.997037 -0.061118 -8.987547 -0.074018 0.064471 0.995171 253.174103
0.996176 -0.042560 0.076308 5.425548 0.047283 0.997005 -0.061202 -9.101735 -0.073474 0.064576 0.995204 254.778717
0.996219 -0.041390 0.076386 5.536925 0.046120 0.997057 -0.061238 -9.213920 -0.073626 0.064529 0.995196 256.370972
0.996240 -0.040480 0.076600 5.633903 0.045223 0.997098 -0.061242 -9.340179 -0.073898 0.064476 0.995179 258.014709
0.996190 -0.040800 0.077077 5.713345 0.045575 0.997082 -0.061236 -9.452761 -0.074354 0.064515 0.995143 259.626099
0.996176 -0.041831 0.076701 5.835034 0.046572 0.997044 -0.061104 -9.574997 -0.073919 0.064442 0.995180 261.212769
0.996024 -0.044551 0.077150 5.915366 0.049244 0.996981 -0.060033 -9.697636 -0.074243 0.063593 0.995210 262.820831
0.995799 -0.047204 0.078464 5.973174 0.051968 0.996856 -0.059813 -9.804279 -0.075394 0.063640 0.995121 264.429169
0.995675 -0.049921 0.078356 6.097926 0.054740 0.996659 -0.060614 -9.913081 -0.075068 0.064641 0.995081 266.006256
0.995532 -0.052575 0.078435 6.197381 0.057487 0.996435 -0.061741 -10.022707 -0.074910 0.065975 0.995005 267.656952
0.995348 -0.054259 0.079616 6.301237 0.059135 0.996432 -0.060220 -10.136586 -0.076064 0.064648 0.995005 269.248138
0.995134 -0.057508 0.080011 6.418301 0.062325 0.996307 -0.059065 -10.240201 -0.076319 0.063764 0.995043 270.938568
0.995119 -0.058553 0.079430 6.565536 0.063425 0.996165 -0.060271 -10.343263 -0.075596 0.065015 0.995017 272.563141
0.994974 -0.059361 0.080647 6.665778 0.064418 0.996018 -0.061626 -10.448378 -0.076668 0.066512 0.994836 274.172668
0.994964 -0.058959 0.081062 6.791213 0.064117 0.995979 -0.062565 -10.549706 -0.077047 0.067447 0.994744 275.771271
0.994814 -0.058293 0.083350 6.882646 0.063577 0.996036 -0.062207 -10.674423 -0.079393 0.067183 0.994577 277.342957
0.994694 -0.057659 0.085207 6.984174 0.063096 0.996045 -0.062549 -10.783891 -0.081263 0.067594 0.994398 278.926636
0.994608 -0.056599 0.086898 7.094285 0.062132 0.996119 -0.062346 -10.914080 -0.083032 0.067409 0.994264 280.520294
0.994519 -0.056026 0.088280 7.225832 0.061712 0.996100 -0.063052 -11.021726 -0.084403 0.068154 0.994098 282.100800
0.994321 -0.056414 0.090244 7.327772 0.062294 0.996022 -0.063717 -11.140520 -0.086291 0.068977 0.993879 283.713135
0.994084 -0.058117 0.091760 7.453573 0.064176 0.995850 -0.064526 -11.253437 -0.087629 0.070033 0.993688 285.384064
0.993884 -0.059154 0.093250 7.584175 0.065317 0.995779 -0.064483 -11.366939 -0.089042 0.070179 0.993552 287.050476
0.993669 -0.060600 0.094601 7.707350 0.066856 0.995681 -0.064421 -11.467531 -0.090288 0.070338 0.993429 288.631409
0.993340 -0.061937 0.097156 7.799809 0.068400 0.995560 -0.064660 -11.568855 -0.092719 0.070875 0.993167 290.190643
0.993218 -0.062808 0.097845 7.947993 0.069594 0.995285 -0.067559 -11.681882 -0.093140 0.073910 0.992906 291.758667
0.993101 -0.065065 0.097554 8.110094 0.072060 0.994942 -0.069981 -11.797381 -0.092507 0.076528 0.992767 293.319244
0.993238 -0.064875 0.096279 8.284070 0.071746 0.994984 -0.069708 -11.941133 -0.091274 0.076144 0.992910 294.905701
0.993208 -0.066827 0.095247 8.440407 0.073584 0.994879 -0.069293 -12.084309 -0.090128 0.075831 0.993039 296.497040
0.993371 -0.066604 0.093694 8.622177 0.073328 0.994831 -0.070249 -12.205639 -0.088530 0.076654 0.993120 298.138763
0.993509 -0.066990 0.091941 8.808590 0.073648 0.994750 -0.071046 -12.321894 -0.086699 0.077356 0.993227 299.751190
0.993600 -0.067076 0.090883 8.965925 0.073633 0.994767 -0.070826 -12.451593 -0.085657 0.077065 0.993340 301.348663
0.993722 -0.067785 0.089005 9.147978 0.074212 0.994712 -0.071002 -12.574699 -0.083721 0.077161 0.993497 302.922424
0.993831 -0.068406 0.087297 9.305538 0.074631 0.994740 -0.070161 -12.693614 -0.082038 0.076243 0.993709 304.527405
0.994132 -0.066394 0.085398 9.489046 0.072426 0.994943 -0.069595 -12.811193 -0.080345 0.075371 0.993913 306.203003
0.994135 -0.066316 0.085422 9.638934 0.072365 0.994934 -0.069778 -12.938754 -0.080362 0.075550 0.993898 307.856476
0.994119 -0.066119 0.085762 9.795855 0.072252 0.994892 -0.070501 -13.056248 -0.080663 0.076283 0.993818 309.486084
0.994108 -0.066881 0.085300 9.963529 0.072998 0.994821 -0.070732 -13.188996 -0.080127 0.076542 0.993841 311.130371
0.994083 -0.068507 0.084291 10.133462 0.074677 0.994579 -0.072365 -13.306095 -0.078877 0.078231 0.993810 312.786041
0.994087 -0.070034 0.082988 10.323649 0.076289 0.994279 -0.074767 -13.429173 -0.077277 0.080656 0.993742 314.469727
0.994228 -0.069857 0.081433 10.501545 0.076101 0.994179 -0.076274 -13.559079 -0.075631 0.082031 0.993756 316.164337
0.994572 -0.068224 0.078565 10.651984 0.074373 0.994161 -0.078187 -13.687680 -0.072772 0.083606 0.993838 317.827942
0.994812 -0.067691 0.075939 10.792391 0.073585 0.994257 -0.077702 -13.835126 -0.070243 0.082886 0.994080 319.487762
0.994973 -0.066391 0.074974 10.933809 0.071993 0.994606 -0.074666 -13.972334 -0.069612 0.079688 0.994386 321.166504
0.994866 -0.068031 0.074916 11.083766 0.073434 0.994705 -0.071901 -14.107752 -0.069628 0.077034 0.994594 322.815613
0.994757 -0.069072 0.075414 11.203882 0.074457 0.994686 -0.071099 -14.244342 -0.070103 0.076341 0.994614 324.436859
0.994702 -0.070043 0.075244 11.343682 0.075535 0.994481 -0.072809 -14.375072 -0.069729 0.078106 0.994503 326.136108
0.994623 -0.070859 0.075530 11.464293 0.076414 0.994371 -0.073394 -14.502410 -0.069904 0.078771 0.994439 327.829926
0.994656 -0.070899 0.075048 11.613855 0.076426 0.994359 -0.073541 -14.631891 -0.069411 0.078883 0.994464 329.526398
0.994590 -0.070808 0.076005 11.721759 0.076446 0.994322 -0.074031 -14.765098 -0.070331 0.079440 0.994355 331.161316
0.994632 -0.070282 0.075941 11.860522 0.075962 0.994309 -0.074699 -14.909802 -0.070259 0.080067 0.994310 332.862335
0.994600 -0.069996 0.076623 11.977754 0.075749 0.994307 -0.074943 -15.053738 -0.070941 0.080343 0.994240 334.501190
0.994391 -0.072069 0.077416 12.089433 0.077746 0.994296 -0.073013 -15.196016 -0.071713 0.078622 0.994322 336.097778
0.994301 -0.073066 0.077627 12.208190 0.078724 0.994256 -0.072504 -15.328874 -0.071884 0.078202 0.994343 337.728973
0.994183 -0.074731 0.077564 12.327654 0.080452 0.994048 -0.073460 -15.474957 -0.071613 0.079273 0.994277 339.373566
0.994297 -0.073349 0.077415 12.442886 0.079069 0.994148 -0.073608 -15.611561 -0.071563 0.079309 0.994278 341.029175
0.994459 -0.071395 0.077162 12.557199 0.077267 0.994110 -0.075995 -15.745360 -0.071282 0.081536 0.994118 342.700989
0.994664 -0.069610 0.076142 12.684455 0.075642 0.993966 -0.079436 -15.883778 -0.070153 0.084772 0.993928 344.374420
0.994800 -0.068934 0.074968 12.802028 0.074801 0.994104 -0.078499 -16.048185 -0.069115 0.083699 0.994091 346.025726
0.994927 -0.069210 0.073006 12.932533 0.074678 0.994380 -0.075045 -16.192755 -0.067402 0.080116 0.994504 347.681183
0.995054 -0.068208 0.072219 13.022671 0.073445 0.994658 -0.072533 -16.334099 -0.066886 0.077478 0.994748 349.299103
0.995119 -0.067864 0.071647 13.115654 0.073150 0.994577 -0.073935 -16.474716 -0.066241 0.078815 0.994686 350.933105
0.995084 -0.069353 0.070694 13.214788 0.074642 0.994375 -0.075148 -16.622623 -0.065085 0.080056 0.994663 352.511169
0.995070 -0.070775 0.069480 13.304918 0.075922 0.994329 -0.074468 -16.757721 -0.063815 0.079376 0.994800 354.160858
0.994949 -0.072869 0.069047 13.394156 0.077963 0.994191 -0.074204 -16.890867 -0.063238 0.079212 0.994850 355.816376
0.994870 -0.073613 0.069383 13.493519 0.078791 0.994058 -0.075102 -17.030258 -0.063442 0.080183 0.994759 357.468475
0.994779 -0.074275 0.069985 13.581427 0.079531 0.993963 -0.075582 -17.187828 -0.063949 0.080753 0.994681 359.098755
0.994650 -0.074955 0.071087 13.663734 0.080301 0.993900 -0.075599 -17.330059 -0.064987 0.080903 0.994601 360.707031
0.994438 -0.075466 0.073470 13.726393 0.081064 0.993773 -0.076447 -17.455658 -0.067243 0.081977 0.994363 362.302429
0.994224 -0.076369 0.075414 13.802072 0.082164 0.993641 -0.076986 -17.602631 -0.069055 0.082738 0.994176 363.922791
0.994046 -0.076357 0.077731 13.881021 0.082429 0.993527 -0.078160 -17.736177 -0.071259 0.084102 0.993906 365.556946
0.993849 -0.076631 0.079955 13.968266 0.082936 0.993438 -0.078760 -17.868557 -0.073395 0.084907 0.993682 367.226593
0.993571 -0.076441 0.083513 14.049649 0.083164 0.993300 -0.080237 -18.001802 -0.076820 0.086667 0.993271 368.891510
0.993142 -0.078571 0.086573 14.165504 0.085689 0.992957 -0.081819 -18.144361 -0.079534 0.088677 0.992880 370.671326
0.992923 -0.079445 0.088275 14.298273 0.086645 0.992944 -0.080967 -18.276085 -0.081219 0.088043 0.992800 372.291962
0.992613 -0.081958 0.089451 14.441564 0.089218 0.992759 -0.080431 -18.423058 -0.082211 0.087817 0.992738 373.920990
0.992455 -0.083086 0.090161 14.608606 0.090517 0.992537 -0.081717 -18.567728 -0.082699 0.089261 0.992569 375.548981
0.992497 -0.083355 0.089454 14.814304 0.090747 0.992490 -0.082023 -18.731606 -0.081945 0.089526 0.992608 377.234436
0.992602 -0.081561 0.089939 14.990510 0.088944 0.992706 -0.081390 -18.891098 -0.082645 0.088788 0.992616 378.900909
0.992569 -0.078974 0.092570 15.118041 0.086647 0.992857 -0.082019 -19.019337 -0.085432 0.089430 0.992322 380.632416
0.992856 -0.077364 0.090840 15.398189 0.084983 0.992899 -0.083238 -19.157980 -0.083755 0.090363 0.992381 382.565277
0.992997 -0.076535 0.089995 15.608074 0.084236 0.992802 -0.085134 -19.309437 -0.082832 0.092118 0.992297 384.333618
0.992862 -0.077998 0.090228 15.778487 0.085738 0.992655 -0.085348 -19.464169 -0.082908 0.092475 0.992257 386.002747
0.992877 -0.077641 0.090373 15.957703 0.085455 0.992618 -0.086068 -19.617731 -0.083023 0.093178 0.992182 387.703613
0.992853 -0.077123 0.091073 16.124140 0.085013 0.992645 -0.086187 -19.780666 -0.083756 0.093314 0.992108 389.434509
0.992947 -0.076076 0.090931 16.332802 0.083959 0.992728 -0.086265 -19.940067 -0.083707 0.093291 0.992114 391.289978
0.992988 -0.075372 0.091067 16.517321 0.083364 0.992679 -0.087402 -20.099897 -0.083813 0.094381 0.992002 393.057251
0.993048 -0.074284 0.091308 16.682564 0.082408 0.992645 -0.088680 -20.249695 -0.084049 0.095588 0.991866 394.776306
0.992919 -0.075088 0.092049 16.822117 0.083246 0.992613 -0.088252 -20.417616 -0.084742 0.095290 0.991836 396.349152
0.992994 -0.074258 0.091919 16.991859 0.082347 0.992747 -0.087591 -20.563662 -0.084748 0.094546 0.991907 397.962799
0.993041 -0.073853 0.091737 17.159283 0.081892 0.992819 -0.087203 -20.739243 -0.084638 0.094109 0.991958 399.701141
0.993021 -0.073815 0.091986 17.320375 0.081922 0.992771 -0.087720 -20.908709 -0.084846 0.094643 0.991889 401.425781
0.992878 -0.076179 0.091600 17.491789 0.084199 0.992632 -0.087136 -21.084930 -0.084288 0.094228 0.991976 403.240417
