1.000000000 0.000000000 0.000000000 0.000000000 0.000000000 1.000000000 0.000000000 0.000000000 0.000000000 0.000000000 1.000000000 0.000000000
0.999991059 -0.002406855 -0.003475150 -0.001934051 0.002398894 0.999994516 -0.002293192 -0.002902993 0.003480650 0.002284835 0.999991357 0.670187116
0.999971628 -0.001138302 -0.007442296 -0.014728955 0.001111653 0.999992967 -0.003583819 -0.010599910 0.007446324 0.003575444 0.999965906 1.357041001
0.999934971 -0.001591288 -0.011291140 -0.023917364 0.001536001 0.999986827 -0.004903435 -0.014320572 0.011298794 0.004885773 0.999924242 2.065329313
0.999867857 -0.000115502 -0.016254766 -0.041583728 0.000022127 0.999983490 -0.005744494 -0.014840188 0.016255161 0.005743376 0.999851406 2.794851780
0.999791801 -0.000794676 -0.020390326 -0.064120241 0.000673031 0.999981940 -0.005971971 -0.024740566 0.020394703 0.005957005 0.999774277 3.531327009
0.999691367 0.000575294 -0.024836432 -0.089316629 -0.000753810 0.999973953 -0.007178920 -0.032584120 0.024831656 0.007195426 0.999665737 4.289484024
0.999549091 0.003213639 -0.029855086 -0.119617134 -0.003450468 0.999962986 -0.007884478 -0.038703769 0.029828643 0.007983937 0.999523163 5.056015968
0.999411881 0.003641725 -0.034098130 -0.152882755 -0.003855045 0.999973416 -0.006192407 -0.047964118 0.034074672 0.006320214 0.999399304 5.848406315
0.999251544 0.002876674 -0.038574878 -0.187512487 -0.003015154 0.999989212 -0.003532208 -0.053771969 0.038564302 0.003645874 0.999249458 6.646975040
0.999129117 0.002337865 -0.041660443 -0.230140001 -0.002365124 0.999997020 -0.000605037 -0.065982908 0.041658904 0.000703042 0.999131620 7.454869747
0.999007285 0.003941666 -0.044371992 -0.273003161 -0.004008433 0.999990940 -0.001415829 -0.077064201 0.044366010 0.001592286 0.999014080 8.268445969
0.998919368 0.003542410 -0.046341177 -0.320705771 -0.003622100 0.999992073 -0.001635764 -0.082407236 0.046335015 0.001801849 0.998924315 9.086724281
0.998838365 0.001079876 -0.048173878 -0.362942904 -0.001195168 0.999996483 -0.002364526 -0.087240085 0.048171155 0.002419355 0.998836160 9.914812088
0.998734355 0.000603838 -0.050292313 -0.399678051 -0.000680753 0.999998629 -0.001512237 -0.097359635 0.050291333 0.001544559 0.998733401 10.750432968
0.998656631 -0.000774288 -0.051810272 -0.446406096 0.000670666 0.999997735 -0.002017393 -0.103357010 0.051811717 0.001979935 0.998654902 11.600652695
0.998569906 0.001626202 -0.053436805 -0.501383781 -0.001854512 0.999989390 -0.004223216 -0.113561057 0.053429369 0.004316276 0.998562276 12.454020500
0.998500407 0.001912497 -0.054711420 -0.553470671 -0.002273195 0.999976099 -0.006531253 -0.130227551 0.054697622 0.006645828 0.998480856 13.319121361
0.998399496 0.005815783 -0.056254812 -0.615565717 -0.006281079 0.999947488 -0.008097948 -0.141637892 0.056204762 0.008438328 0.998383582 14.191120148
0.998321533 0.006965529 -0.057493854 -0.668159127 -0.007421733 0.999942601 -0.007725112 -0.154753521 0.057436746 0.008138849 0.998315990 15.084596634
0.998245358 0.006107009 -0.058897141 -0.721358955 -0.006480877 0.999960005 -0.006158901 -0.168430701 0.058857173 0.006529800 0.998245060 15.976027489
0.998179078 0.006846221 -0.059930142 -0.785109162 -0.007159282 0.999961793 -0.005010602 -0.176944807 0.059893548 0.005430535 0.998189986 16.868789673
0.998117805 0.006390061 -0.060992230 -0.843112350 -0.006690201 0.999966502 -0.004718009 -0.193118364 0.060960036 0.005117179 0.998127103 17.779087067
0.997999430 0.006149542 -0.062923141 -0.896348715 -0.006503419 0.999964178 -0.005420683 -0.208176628 0.062887557 0.005819054 0.998003662 18.683492661
0.997948408 0.004658092 -0.063853398 -0.958281636 -0.005057211 0.999968648 -0.006090363 -0.220942751 0.063823029 0.006400788 0.997940719 19.594469070
0.997908533 0.004446087 -0.064488694 -1.013704300 -0.004740313 0.999979019 -0.004410147 -0.232996404 0.064467736 0.004706620 0.997908711 20.512203217
0.997896194 0.006045235 -0.064549945 -1.077567220 -0.006131140 0.999980569 -0.001132819 -0.243797958 0.064541839 0.001526201 0.997913837 21.439500809
0.997947514 0.007062304 -0.063646652 -1.138225436 -0.006902224 0.999972463 0.002734660 -0.255323410 0.063664205 -0.002289744 0.997968733 22.370073318
0.998065650 0.006109333 -0.061867990 -1.204279900 -0.005775847 0.999967813 0.005567703 -0.260728657 0.061900016 -0.005199593 0.998068810 23.306983948
0.998141527 0.006001772 -0.060642157 -1.256595373 -0.005623552 0.999963701 0.006405650 -0.267708600 0.060678400 -0.006052721 0.998139024 24.249635696
0.998235404 0.006241044 -0.059052076 -1.320108771 -0.006039916 0.999975324 0.003583819 -0.272551030 0.059072986 -0.003220825 0.998248458 25.189126968
0.998278439 0.007011302 -0.058232054 -1.383430839 -0.007100061 0.999973953 -0.001317463 -0.278934181 0.058221299 0.001728646 0.998302221 26.132987976
0.998336375 0.006365447 -0.057306256 -1.427726030 -0.006607218 0.999970078 -0.004030447 -0.291700333 0.057278883 0.004402377 0.998348534 27.095600128
0.998386085 0.003437446 -0.056687266 -1.481922388 -0.003623829 0.999988377 -0.003185444 -0.298756868 0.056675658 0.003385728 0.998386919 28.056140900
0.998401344 0.002104655 -0.056483116 -1.546084881 -0.002007515 0.999996424 0.001776492 -0.310777009 0.056486651 -0.001660262 0.998401999 29.030588150
0.998354495 -0.001413269 -0.057326611 -1.594309211 0.001723750 0.999984086 0.005366909 -0.324167609 0.057318114 -0.005456895 0.998341024 29.991487503
0.998257816 -0.008399474 -0.058401719 -1.646476150 0.008683626 0.999951661 0.004613378 -0.330043346 0.058360144 -0.005112479 0.998282492 30.964468002
0.998154342 -0.010898620 -0.059742272 -1.701173902 0.010967295 0.999939501 0.000821725 -0.337270975 0.059729703 -0.001475420 0.998213470 31.931735992
0.998082340 -0.010467716 -0.061009068 -1.766296864 0.010279507 0.999941409 -0.003397985 -0.342172623 0.061041065 0.002764325 0.998131454 32.908107758
0.997937143 -0.009183613 -0.063538574 -1.828767180 0.008933863 0.999951243 -0.004213687 -0.351000786 0.063574173 0.003637349 0.997970462 33.905120850
0.997905195 -0.009395516 -0.064007744 -1.893837214 0.009259995 0.999954224 -0.002413604 -0.370381683 0.064027488 0.001815837 0.997946501 34.886203766
0.997850895 -0.006489036 -0.065203667 -1.968898535 0.006526845 0.999978662 0.000366861 -0.381397277 0.065199897 -0.000791647 0.997871935 35.878772736
0.997752011 -0.006122692 -0.066733941 -2.030380249 0.006243474 0.999979198 0.001601498 -0.393179983 0.066722751 -0.002014549 0.997769535 36.881767273
0.997692347 -0.005139032 -0.067701988 -2.101877213 0.005442079 0.999975979 0.004292521 -0.402112186 0.067678303 -0.004651054 0.997696340 37.861427307
0.997715056 -0.004912980 -0.067383699 -2.170076132 0.005434752 0.999956608 0.007562167 -0.413772076 0.067343622 -0.007911102 0.997698486 38.853878021
0.997666657 0.001176607 -0.068263277 -2.238318443 -0.000506546 0.999951541 0.009832303 -0.421688139 0.068271540 -0.009774783 0.997618914 39.855667114
0.997650146 0.001320324 -0.068501063 -2.314786196 -0.000707036 0.999959469 0.008976453 -0.423343718 0.068510137 -0.008906928 0.997610688 40.856697083
0.997665346 0.001453990 -0.068277180 -2.386964321 -0.000954903 0.999972582 0.007341779 -0.428063482 0.068285987 -0.007259441 0.997639358 41.837062836
0.997651041 0.003969339 -0.068385951 -2.453808308 -0.003646754 0.999981642 0.004841306 -0.431918532 0.068403907 -0.004580547 0.997647166 42.830287933
0.997607470 0.003773693 -0.069029696 -2.528694391 -0.003419688 0.999980390 0.005245754 -0.445191532 0.069048136 -0.004997144 0.997600794 43.824119568
0.997524738 0.001538535 -0.070299193 -2.603456259 -0.001098722 0.999979615 0.006294543 -0.447510064 0.070307441 -0.006201724 0.997506082 44.817680359
0.997458994 0.002176527 -0.071209922 -2.672158241 -0.001653851 0.999971271 0.007398071 -0.456190765 0.071223982 -0.007261502 0.997433901 45.795593262
0.997424662 0.004658165 -0.071570769 -2.749310017 -0.004382820 0.999982357 0.004003733 -0.468621314 0.071588159 -0.003679740 0.997427464 46.770771027
0.997383177 0.004994821 -0.072124168 -2.833145857 -0.005035329 0.999987245 -0.000379826 -0.473721206 0.072121352 0.000742001 0.997395575 47.742515564
0.997302651 0.005608364 -0.073184527 -2.893941164 -0.005749270 0.999981999 -0.001714834 -0.479684353 0.073173597 0.002130966 0.997316957 48.702320099
0.997312486 0.004590383 -0.073121674 -2.971862793 -0.004459515 0.999988139 0.001952887 -0.494114518 0.073129773 -0.001621551 0.997321129 49.681377411
0.997325003 0.002511919 -0.073051319 -3.049098969 -0.002141955 0.999984503 0.005142337 -0.505286694 0.073063098 -0.004972109 0.997314930 50.644908905
0.997283816 0.000309717 -0.073653482 -3.110519886 0.000112247 0.999983609 0.005724832 -0.512391031 0.073654048 -0.005717550 0.997267485 51.600337982
0.997256994 -0.002836256 -0.073962465 -3.181369543 0.003174597 0.999985039 0.004457333 -0.521367252 0.073948711 -0.004679908 0.997251093 52.551879883
0.997234523 -0.005454490 -0.074118398 -3.256062746 0.005715318 0.999978185 0.003307413 -0.530966818 0.074098743 -0.003721877 0.997243941 53.501682281
0.997142136 -0.007245486 -0.075199917 -3.316901207 0.007615638 0.999960244 0.004636662 -0.545004010 0.075163335 -0.005196107 0.997157693 54.444992065
0.997040808 -0.009942695 -0.076228470 -3.389752150 0.010620298 0.999907553 0.008488874 -0.549076319 0.076137021 -0.009273322 0.997054219 55.398826599
0.996977031 -0.010651069 -0.076963656 -3.460366011 0.011714728 0.999841809 0.013382029 -0.550840616 0.076808952 -0.014243184 0.996944070 56.348171234
0.996901810 -0.010192525 -0.077992737 -3.528729677 0.011484091 0.999803960 0.016129509 -0.558998406 0.077813044 -0.016975213 0.996823430 57.298168182
0.996797562 -0.008678243 -0.079494409 -3.605562925 0.009652997 0.999882758 0.011885845 -0.558469415 0.079381943 -0.012615141 0.996764421 58.225570679
0.996738434 -0.007514090 -0.080349110 -3.694539309 0.007892576 0.999959171 0.004393969 -0.565030575 0.080312818 -0.005013799 0.996757090 59.139846802
0.996658087 -0.005748515 -0.081483968 -3.770248890 0.005709595 0.999983430 -0.000710649 -0.569085538 0.081486709 0.000243034 0.996674418 60.072841644
0.996608913 -0.000716370 -0.082280971 -3.856254816 0.000729571 0.999999702 0.000130375 -0.580866158 0.082280859 -0.000189963 0.996609151 60.972934723
0.996499181 0.002000051 -0.083578795 -3.940419436 -0.001790026 0.999995053 0.002587747 -0.594932854 0.083583556 -0.002429079 0.996497810 61.863052368
0.996414542 0.004533307 -0.084483504 -4.017674446 -0.004213886 0.999983311 0.003958799 -0.608037472 0.084500037 -0.003588601 0.996416986 62.750572205
0.996305645 0.005513744 -0.085700899 -4.098103523 -0.005210986 0.999979377 0.003756031 -0.619134486 0.085719839 -0.003295569 0.996313810 63.618610382
0.996172130 0.007219164 -0.087114535 -4.181478024 -0.006850479 0.999966264 0.004530401 -0.627521574 0.087144308 -0.003916284 0.996187985 64.471443176
0.996047497 0.007778383 -0.088480726 -4.256488323 -0.007328977 0.999958575 0.005402893 -0.642946362 0.088519081 -0.004733066 0.996063232 65.304862976
0.995920241 0.007507484 -0.089925006 -4.333076000 -0.007009255 0.999958277 0.005855017 -0.651321530 0.089965217 -0.005200823 0.995931327 66.131721497
0.995818555 0.007114015 -0.091076009 -4.408320427 -0.006508675 0.999954700 0.006941820 -0.658768773 0.091121271 -0.006320009 0.995819747 66.936759949
0.995666444 0.009982379 -0.092458934 -4.487718582 -0.009139279 0.999912739 0.009537580 -0.665381253 0.092546076 -0.008651241 0.995670795 67.731559753
0.995538652 0.011615193 -0.093636721 -4.572682858 -0.010362127 0.999850273 0.013857332 -0.671346009 0.093783662 -0.012825234 0.995509982 68.529273987
0.995345414 0.014883494 -0.095215268 -4.655717373 -0.013461876 0.999788404 0.015555568 -0.675387025 0.095426634 -0.014201388 0.995335162 69.306793213
0.995180309 0.017487342 -0.096489914 -4.735344887 -0.016462507 0.999799430 0.011407124 -0.682612896 0.096670039 -0.009763679 0.995268583 70.048011780
0.995040655 0.017578237 -0.097903408 -4.808897495 -0.017251929 0.999842465 0.004178561 -0.692155540 0.097961433 -0.002468816 0.995187163 70.768829346
0.994901121 0.016640475 -0.099472955 -4.878883839 -0.016891312 0.999855936 -0.001679929 -0.696197987 0.099430665 0.003351592 0.995038867 71.473793030
0.994842470 0.017438412 -0.099921539 -4.951616287 -0.017823469 0.999836743 -0.002962120 -0.702216685 0.099853568 0.004727792 0.994990885 72.162872314
0.994721234 0.019980393 -0.100650348 -5.031895161 -0.020002238 0.999799609 0.000792232 -0.715456665 0.100646004 0.001225182 0.994921565 72.844306946
0.994600892 0.020582967 -0.101712503 -5.108299255 -0.020366335 0.999787569 0.003167935 -0.731370568 0.101756096 -0.001079320 0.994808793 73.496566772
0.994538486 0.017017506 -0.102973767 -5.166060448 -0.017118206 0.999853492 -0.000094229 -0.744145036 0.102957077 0.001856441 0.994684041 74.122802734
0.994614065 0.008699511 -0.103281870 -5.214739323 -0.009290602 0.999943078 -0.005243389 -0.759333730 0.103230380 0.006174699 0.994638324 74.742225647
0.994732201 0.004784079 -0.102396056 -5.268280983 -0.005810650 0.999935806 -0.009729561 -0.772572875 0.102342933 0.010273295 0.994696140 75.336120605
0.995035946 0.007022675 -0.099268213 -5.328689098 -0.008077106 0.999915123 -0.010224142 -0.780875564 0.099187985 0.010975189 0.995008171 75.917892456
0.995405018 0.012313123 -0.094959319 -5.394264221 -0.013020827 0.999891877 -0.006836661 -0.798268616 0.094864868 0.008041696 0.995457649 76.484031677
0.995851815 0.010902067 -0.090334155 -5.445111275 -0.011311596 0.999927938 -0.004022761 -0.808144331 0.090283789 0.005027898 0.995903373 77.040290833
0.996390820 0.007311625 -0.084569097 -5.481163025 -0.007323941 0.999973178 0.000164614 -0.818556130 0.084568031 0.000455359 0.996417582 77.582725525
0.997077465 0.002631304 -0.076351769 -5.511330605 -0.002369446 0.999991000 0.003520015 -0.828845322 0.076360337 -0.003328816 0.997074723 78.112098694
0.997843325 0.006356348 -0.065332375 -5.552997589 -0.006137296 0.999974847 0.003553046 -0.841181993 0.065353312 -0.003144420 0.997857213 78.624893188
0.998657107 0.011571295 -0.050498523 -5.572485447 -0.011432166 0.999930024 0.003043077 -0.847254276 0.050530203 -0.002461683 0.998719513 79.133255005
0.999343872 0.016654475 -0.032163668 -5.591870785 -0.016555954 0.999857426 0.003327042 -0.848034501 0.032214493 -0.002792359 0.999477088 79.622360229
0.999829888 0.015197727 -0.010450350 -5.573675632 -0.015156553 0.999877095 0.004007892 -0.855437875 0.010509976 -0.003848819 0.999937356 80.110588074
0.999806523 0.011562331 0.015912617 -5.549041271 -0.011644408 0.999919295 0.005075064 -0.865379095 -0.015852654 -0.005259375 0.999860525 80.573020935
0.998909414 0.010473634 0.045500759 -5.506254196 -0.010792684 0.999918818 0.006771969 -0.875767469 -0.045426138 -0.007255659 0.998941362 81.026206970
0.996864140 0.009919861 0.078507580 -5.446646690 -0.010605720 0.999909103 0.008324061 -0.884274065 -0.078417867 -0.009130587 0.996878743 81.461952209
0.993216395 0.009954463 0.115853749 -5.368774891 -0.010984952 0.999905527 0.008259651 -0.882864535 -0.115760587 -0.009476269 0.993231952 81.904319763
0.987403929 0.009951156 0.157906592 -5.280326366 -0.011389396 0.999901474 0.008205853 -0.886096835 -0.157809362 -0.009900953 0.987419963 82.334007263
0.979183018 0.009423661 0.202760354 -5.161494255 -0.011339520 0.999901354 0.008289266 -0.895680189 -0.202662244 -0.010415914 0.979193330 82.749603271
0.967783988 0.011995981 0.251495987 -5.030907631 -0.013926248 0.999885619 0.005896681 -0.899393737 -0.251396507 -0.009209109 0.967840374 83.140365601
0.952329516 0.012884732 0.304799050 -4.887502670 -0.014639241 0.999886811 0.003471491 -0.913232327 -0.304719836 -0.007768030 0.952410340 83.500495911
0.932529211 0.013016136 0.360859901 -4.710228920 -0.014427011 0.999895215 0.001216088 -0.917932034 -0.360806257 -0.006340168 0.932619214 83.870391846
0.908320427 0.013859771 0.418045282 -4.508833885 -0.014860959 0.999889195 -0.000860487 -0.921299756 -0.418010890 -0.005430955 0.908425808 84.222274780
0.879519284 0.013824462 0.475662470 -4.290167809 -0.014145238 0.999895751 -0.002905445 -0.927210450 -0.475653052 -0.004172963 0.879623115 84.542366028
0.845876575 0.012494231 0.533232272 -4.053507328 -0.011929684 0.999918699 -0.004504929 -0.941346169 -0.533245206 -0.002550679 0.845956862 84.850250244
0.809392452 0.012916931 0.587126076 -3.783641815 -0.010782626 0.999916434 -0.007133859 -0.936755896 -0.587169170 -0.000556669 0.809464097 85.139343262
0.768894434 0.010996469 0.639281213 -3.509052277 -0.009238003 0.999938786 -0.006089257 -0.947443724 -0.639309049 -0.001223685 0.768948913 85.431198120
0.728265405 0.010514614 0.685214520 -3.219167709 -0.011907176 0.999925494 -0.002688569 -0.971767724 -0.685191751 -0.006200978 0.728336334 85.619201660
0.682740927 0.009616193 0.730597258 -2.916292191 -0.011196764 0.999933660 -0.002697884 -0.976224244 -0.730574727 -0.006338369 0.682803333 85.852668762
0.636369109 0.008164452 0.771341562 -2.595533371 -0.008203492 0.999959052 -0.003816298 -0.986405015 -0.771341145 -0.003899120 0.636409998 86.056495667
0.589132071 0.005625449 0.808017194 -2.261684418 -0.002586342 0.999983788 -0.005076205 -0.992237985 -0.808032632 0.000900747 0.589137077 86.246925354
0.542939663 0.007665172 0.839736760 -1.921298981 -0.004890642 0.999970257 -0.005965704 -1.004948139 -0.839757502 -0.000867833 0.542961001 86.417152405
0.495990872 0.010546969 0.868263662 -1.588253021 -0.008109989 0.999938905 -0.007513667 -1.010648370 -0.868289888 -0.003314899 0.496046126 86.566825867
0.451148391 0.012829778 0.892356813 -1.243137360 -0.009246826 0.999910176 -0.009701204 -1.020512462 -0.892401099 -0.003874784 0.451226532 86.696777344
0.406832457 0.010768137 0.913439333 -0.894336700 -0.001963398 0.999938548 -0.010913369 -1.020486832 -0.913500667 0.002646467 0.406828582 86.833198547
0.367684662 0.002708162 0.929946601 -0.525005341 0.013410232 0.999876320 -0.008213982 -1.027826428 -0.929853857 0.015490956 0.367602885 86.917526245
0.332238257 -0.000565799 0.943195283 -0.159816742 0.017311908 0.999835014 -0.005498301 -1.028414369 -0.943036556 0.018155256 0.332193196 87.007659912
0.299080551 0.003432496 0.954221725 0.209724426 0.015144496 0.999850512 -0.008343354 -1.036711335 -0.954107702 0.016946543 0.298983872 87.107482910
0.268263519 0.010795090 0.963285148 0.571678162 0.004020852 0.999915957 -0.012325356 -1.053152323 -0.963337243 0.007179671 0.268197596 87.202522278
0.239537060 0.015363302 0.970765710 0.971328735 -0.001010386 0.999878168 -0.015574723 -1.070680261 -0.970886767 0.002749877 0.239523411 87.297332764
0.213139236 0.017281454 0.976868987 1.359069824 -0.000784854 0.999846280 -0.017516693 -1.087655187 -0.977021515 0.002966796 0.213120043 87.374839783
0.189777017 0.018622270 0.981650710 1.762214661 0.006498271 0.999774396 -0.020222360 -1.097718358 -0.981805801 0.010216772 0.189613163 87.424156189
0.169819295 0.024450069 0.985172033 2.174957275 0.013625986 0.999538362 -0.027155403 -1.101278543 -0.985381186 0.018035453 0.169407725 87.467330933
0.150037348 0.032179691 0.988156557 2.599754333 0.016222285 0.999255478 -0.035004254 -1.092855453 -0.988547266 0.021282103 0.149403572 87.519027710
0.132281125 0.032639436 0.990674794 3.037864685 0.013902785 0.999298275 -0.034779944 -1.108446598 -0.991114855 0.018373869 0.131734490 87.573348999
0.116920173 0.028294608 0.992738247 3.492790222 0.011805120 0.999483883 -0.029877225 -1.131256580 -0.993071198 0.015212646 0.116525769 87.622810364
0.102353394 0.025091337 0.994431734 3.965309143 0.011975517 0.999578297 -0.026453800 -1.151470661 -0.994676173 0.014616473 0.102009773 87.665214539
0.089087188 0.022565912 0.995768249 4.447799683 0.014178149 0.999613285 -0.023921510 -1.170250416 -0.995923042 0.016249252 0.088732779 87.697998047
0.077711880 0.021774886 0.996738136 4.944213867 0.017956154 0.999568701 -0.023236699 -1.182910919 -0.996814251 0.019703353 0.077287376 87.720886230
0.067526758 0.022323987 0.997467697 5.464027405 0.021712719 0.999480009 -0.023838935 -1.199236870 -0.997481227 0.023267500 0.067006886 87.745857239
0.059589505 0.022773080 0.997963250 5.993995667 0.023852758 0.999421775 -0.024230644 -1.214744091 -0.997938037 0.025248069 0.059011877 87.774627686
0.054155827 0.023150485 0.998264194 6.542785645 0.025638726 0.999369383 -0.024567021 -1.231478214 -0.998203397 0.026924670 0.053528130 87.798065186
0.048449039 0.024220962 0.998531938 7.107757568 0.026422922 0.999324977 -0.025522247 -1.245321155 -0.998476088 0.027620660 0.047776341 87.823005676
0.042724311 0.024888972 0.998776853 7.685615540 0.027158970 0.999291301 -0.026063561 -1.259987473 -0.998717725 0.028239299 0.042018116 87.842193604
0.038152218 0.024822397 0.998963654 8.286888123 0.029146126 0.999238431 -0.025942374 -1.280265450 -0.998846829 0.030105678 0.037399709 87.861808777
0.035326421 0.025056694 0.999061644 8.911613464 0.030887209 0.999180675 -0.026151838 -1.296533823 -0.998898387 0.031782076 0.034523547 87.881927490
0.032247424 0.024456237 0.999180675 9.548866272 0.031824168 0.999168575 -0.025483031 -1.316419005 -0.998973131 0.032619856 0.031442344 87.901679993
0.029944956 0.023925982 0.999265313 10.201484680 0.033999316 0.999110579 -0.024941143 -1.335931897 -0.998973250 0.034721196 0.029104888 87.914825439
0.029316843 0.023504170 0.999293864 10.875373840 0.038486574 0.998955667 -0.024625324 -1.356505156 -0.998829067 0.039181337 0.028381646 87.927238464
0.030215800 0.023226067 0.999273598 11.563117981 0.041843548 0.998824239 -0.024480883 -1.375886798 -0.998667300 0.042552862 0.029208422 87.946884155
0.032658994 0.023150815 0.999198437 12.272018433 0.043761853 0.998739779 -0.024570556 -1.395768881 -0.998508096 0.044529222 0.031604707 87.968170166
0.036347389 0.023158019 0.999071002 12.997718811 0.046264265 0.998620570 -0.024830738 -1.417548895 -0.998267889 0.047123816 0.035225809 87.996185303
0.040900171 0.022678306 0.998905838 13.733627319 0.046537846 0.998614132 -0.024577178 -1.438225985 -0.998078883 0.047492139 0.039788127 88.021499634
0.044781625 0.021143993 0.998773158 14.488937378 0.048159707 0.998567879 -0.023298975 -1.457985401 -0.997835398 0.049143985 0.043699205 88.060379028
0.048630893 0.019386124 0.998628795 15.254943848 0.047986481 0.998611748 -0.021722630 -1.483298182 -0.997663558 0.048977070 0.047633052 88.102455139
0.053012967 0.017279871 0.998444438 16.047378540 0.045007184 0.998792887 -0.019675590 -1.503257513 -0.997579217 0.045980230 0.052171230 88.152473450
0.056582093 0.016250778 0.998265803 16.841003418 0.043822799 0.998863459 -0.018744409 -1.524890661 -0.997435868 0.044807397 0.055805683 88.209121704
0.060344636 0.017290529 0.998027921 17.638214111 0.040915526 0.998966813 -0.019780712 -1.545967817 -0.997338772 0.042028498 0.059574842 88.272567749
0.063486218 0.021069618 0.997760415 18.451602936 0.038915802 0.998964429 -0.023571214 -1.576143742 -0.997223794 0.040325090 0.062600493 88.331344604
0.064337552 0.026507478 0.997576058 19.245040894 0.032669965 0.999055386 -0.028653799 -1.603399396 -0.997393250 0.034434292 0.063410819 88.406700134
0.064763963 0.029426837 0.997466624 20.047847748 0.030069949 0.999053657 -0.031426053 -1.636779428 -0.997447431 0.032029048 0.063817859 88.446380615
0.064908862 0.029238051 0.997462809 20.849819183 0.028081721 0.999121308 -0.031114057 -1.663401604 -0.997496068 0.030030051 0.064030766 88.502868652
0.064985514 0.027491270 0.997507453 21.666477203 0.025468683 0.999249101 -0.029198499 -1.693841457 -0.997561157 0.027302681 0.064236522 88.561126709
0.064560413 0.026084030 0.997572958 22.501621246 0.026100533 0.999272227 -0.027817629 -1.730275273 -0.997572482 0.027833104 0.063832641 88.628303528
0.064588368 0.025302706 0.997591197 23.315353394 0.023746019 0.999356449 -0.026884902 -1.766257763 -0.997629464 0.025425274 0.063946009 88.692909241
0.064461052 0.025692746 0.997589529 24.136299133 0.022090882 0.999386787 -0.027166482 -1.796137810 -0.997675776 0.023788814 0.063853920 88.762351990
0.064600408 0.025780698 0.997578263 24.941490173 0.018973587 0.999453783 -0.027057851 -1.837894917 -0.997730911 0.020675588 0.064076006 88.820388794
0.063790619 0.027564280 0.997582555 25.744789124 0.016477317 0.999453127 -0.028669612 -1.862974048 -0.997827291 0.018266339 0.063301563 88.869743347
0.060876489 0.027503774 0.997766376 26.558826447 0.013199303 0.999510705 -0.028357185 -1.892361045 -0.998058140 0.014896108 0.060483634 88.928665161
0.057067633 0.026150241 0.998027861 27.374538422 0.010903201 0.999580979 -0.026814390 -1.925765038 -0.998310804 0.012411933 0.056758642 88.983177185
0.051828384 0.023392495 0.998382092 28.190486908 0.008718773 0.999676943 -0.023875449 -1.960612535 -0.998618066 0.009942094 0.051607668 89.039413452
0.046413124 0.021691583 0.998686910 28.996818542 0.007019687 0.999732435 -0.022040531 -1.985056400 -0.998897791 0.008033440 0.046248436 89.061904907
0.039000213 0.021950044 0.998998165 29.801532745 0.006758566 0.999730051 -0.022229977 -2.013812065 -0.999216378 0.007618770 0.038841367 89.095024109
0.030406952 0.022841096 0.999276698 30.607471466 0.006450074 0.999713540 -0.023047352 -2.044508934 -0.999516904 0.007146210 0.030250907 89.119262695
0.020333350 0.023245491 0.999523103 31.405944824 0.006714895 0.999703944 -0.023386303 -2.073879242 -0.999770820 0.007187217 0.020171285 89.132263184
0.009874105 0.022365645 0.999701262 32.194808960 0.008583465 0.999711096 -0.022450648 -2.100936890 -0.999914587 0.008802582 0.009679258 89.142333984
-0.001103997 0.021318169 0.999772251 32.991344452 0.007356929 0.999745846 -0.021309486 -2.130320549 -0.999972463 0.007331728 -0.001260638 89.144935608
-0.012167454 0.020363912 0.999718606 33.776676178 0.008897799 0.999755204 -0.020256365 -2.160185337 -0.999886394 0.008648827 -0.012345672 89.133102417
-0.023032665 0.021110343 0.999511778 34.564311981 0.009318203 0.999738157 -0.020900395 -2.182929754 -0.999691308 0.008832263 -0.023223281 89.115051270
-0.034017682 0.021837065 0.999182820 35.342609406 0.009521245 0.999722958 -0.021524720 -2.210559845 -0.999376059 0.008781243 -0.034216166 89.086471558
-0.044456124 0.022586755 0.998755991 36.111915588 0.009031586 0.999712586 -0.022206379 -2.239986181 -0.998970509 0.008033138 -0.044647336 89.046432495
-0.055132389 0.023756519 0.998196423 36.876995087 0.009509125 0.999684095 -0.023266718 -2.264053345 -0.998433828 0.008209227 -0.055340886 89.006095886
-0.064515710 0.024218980 0.997622848 37.640224457 0.010558858 0.999666035 -0.023585750 -2.297349215 -0.997860909 0.009012108 -0.064749956 88.950500488
-0.074209929 0.025055846 0.996927857 38.405620575 0.011559917 0.999638736 -0.024263477 -2.320911407 -0.997175694 0.009723813 -0.074472785 88.896087646
-0.083631873 0.025438223 0.996172071 39.148799896 0.012235080 0.999624968 -0.024499224 -2.349648952 -0.996421695 0.010139329 -0.083911777 88.834869385
-0.092226028 0.024771562 0.995430052 39.881275177 0.013448014 0.999630332 -0.023630138 -2.378296614 -0.995647430 0.011207242 -0.092525125 88.763565063
-0.099648595 0.023757247 0.994739056 40.608100891 0.015159400 0.999635160 -0.022355577 -2.406172037 -0.994907260 0.012851945 -0.099972367 88.690032959
-0.104376793 0.022032293 0.994293690 41.332687378 0.018093796 0.999631166 -0.020251151 -2.438874722 -0.994373202 0.015876796 -0.104737043 88.596038818
-0.107745528 0.020517053 0.993966818 42.038722992 0.021490430 0.999601483 -0.018303808 -2.462290764 -0.993946254 0.019388620 -0.108143568 88.506835938
-0.110700011 0.019407716 0.993664503 42.742813110 0.022767026 0.999596477 -0.016987203 -2.486901522 -0.993593216 0.020742301 -0.111097097 88.432708740
-0.112623692 0.018441075 0.993466556 43.424716949 0.023019182 0.999607861 -0.015945517 -2.510200262 -0.993371069 0.021072943 -0.113003969 88.359306335
-0.113483667 0.018858463 0.993360877 44.097068787 0.023508023 0.999590874 -0.016291128 -2.535596848 -0.993261755 0.021503175 -0.113880634 88.285659790
-0.112424970 0.019958580 0.993459761 44.748119354 0.024347847 0.999553382 -0.017325675 -2.555706501 -0.993361890 0.022240769 -0.112860680 88.210868835
-0.109248638 0.021892976 0.993773520 45.377273560 0.025761463 0.999484003 -0.019186746 -2.571517706 -0.993680775 0.023504931 -0.109756231 88.141143799
-0.104410291 0.021900386 0.994293153 45.994789124 0.025003038 0.999499321 -0.019389501 -2.603730440 -0.994219959 0.022835886 -0.104905486 88.079315186
-0.096359968 0.022599466 0.995090067 46.586097717 0.024638429 0.999490023 -0.020313527 -2.625654936 -0.995041668 0.022560045 -0.096867561 88.027557373
-0.085555315 0.022382449 0.996082127 47.164516449 0.022633180 0.999533296 -0.020515999 -2.652086735 -0.996076465 0.020789254 -0.086022019 87.990859985
-0.072112203 0.022440109 0.997144103 47.723175049 0.021861412 0.999542236 -0.020913091 -2.677670956 -0.997156978 0.020290889 -0.072569728 87.964431763
-0.054434538 0.024165159 0.998224914 48.271198273 0.021572577 0.999502242 -0.023019699 -2.697014332 -0.998284280 0.020281214 -0.054928780 87.940307617
-0.033104897 0.026742367 0.999094069 48.807666779 0.019512596 0.999468744 -0.026105849 -2.718393326 -0.999261439 0.018630687 -0.033609152 87.939720154
-0.008564591 0.029409215 0.999530852 49.320892334 0.017279424 0.999422550 -0.029257970 -2.748135328 -0.999814093 0.017020734 -0.009067893 87.956924438
0.019715428 0.031342670 0.999314249 49.852085114 0.015777346 0.999374270 -0.031655826 -2.768109322 -0.999681175 0.016390635 0.019208610 87.987731934
0.053517401 0.030557945 0.998099267 50.335868835 0.013057697 0.999424756 -0.031298675 -2.795522213 -0.998481572 0.014707902 0.053087592 88.018562317
0.091427982 0.028175436 0.995413065 50.828258514 0.012483456 0.999488652 -0.029437395 -2.815542936 -0.995733500 0.015117597 0.091029525 88.087615967
0.133566260 0.024577241 0.990735173 51.332180023 0.010535918 0.999600708 -0.026217576 -2.835185289 -0.990983963 0.013940090 0.133253992 88.180442810
0.178692400 0.020410994 0.983693302 51.805698395 0.007657685 0.999725699 -0.022134710 -2.854073763 -0.983875215 0.011488118 0.178487062 88.296302795
0.227479100 0.017453214 0.973626554 52.302165985 0.003665651 0.999816954 -0.018779149 -2.867233753 -0.973776042 0.007840839 0.227373481 88.438156128
0.279195786 0.015815033 0.960103989 52.768615723 -0.000395202 0.999866188 -0.016355081 -2.887653351 -0.960234165 0.004186836 0.279164672 88.604652405
0.333841205 0.014517985 0.942517519 53.213886261 -0.001623553 0.999888778 -0.014826633 -2.918740749 -0.942627966 0.003419515 0.333827615 88.790565491
0.392431259 0.015454501 0.919651508 53.651664734 0.000389850 0.999855936 -0.016968671 -2.927947283 -0.919781327 0.007017565 0.392368734 89.002128601
0.452438533 0.018912226 0.891595125 54.069656372 0.000915737 0.999764740 -0.021671377 -2.943661451 -0.891795218 0.010621434 0.452314734 89.248519897
0.510626733 0.021887941 0.859523892 54.440620422 0.002378292 0.999636114 -0.026868828 -2.962837219 -0.859799266 0.015764141 0.510388851 89.520721436
0.569296777 0.026167201 0.821715593 54.810081482 -0.001457154 0.999523878 -0.030819898 -2.973784924 -0.822130859 0.016348304 0.569063902 89.815071106
0.625331104 0.029017016 0.779819906 55.143989563 -0.005391599 0.999445260 -0.032865774 -2.988752842 -0.780340910 0.016347513 0.625140667 90.134597778
0.678495526 0.030317243 0.733978629 55.467647552 -0.008128824 0.999396682 -0.033766083 -3.009613037 -0.734559536 0.016943753 0.678332686 90.477813721
0.725213468 0.029591896 0.687887907 55.707416534 -0.007664976 0.999361038 -0.034910113 -2.999804735 -0.688481450 0.020044642 0.724976897 90.825477600
0.770897329 0.027184037 0.636379182 55.976020813 -0.010498809 0.999495447 -0.029977130 -3.009805679 -0.636873007 0.016428068 0.770793736 91.208168030
0.812463343 0.022826670 0.582565248 56.220767975 -0.011572331 0.999667764 -0.023030883 -3.017963886 -0.582897425 0.011970109 0.812457561 91.609962463
0.849162161 0.021371234 0.527699590 56.455070496 -0.014536755 0.999748170 -0.017096449 -3.019994974 -0.527932107 0.006846617 0.849259019 92.046142578
0.880082011 0.017725155 0.474490732 56.639560699 -0.015417175 0.999842823 -0.008754626 -3.034365654 -0.474571317 0.000389482 0.880216956 92.480415344
0.905250549 0.017223602 0.424528897 56.764331818 -0.017770389 0.999838531 -0.002671590 -3.058269501 -0.424506366 -0.005125585 0.905410469 92.863662720
0.925317466 0.019322757 0.378700733 56.900943756 -0.021278765 0.999773085 0.000980301 -3.067281246 -0.378595859 -0.008965373 0.925518692 93.310729980
0.940520406 0.025429238 0.338784128 57.018352509 -0.028328808 0.999592125 0.003615749 -3.069957256 -0.338553995 -0.012998036 0.940857172 93.767005920
0.952181876 0.029600529 0.304094493 57.122703552 -0.032097388 0.999479592 0.003214218 -3.076558828 -0.303841084 -0.012821158 0.952636480 94.212234497
0.961392820 0.032119170 0.273298860 57.230400085 -0.034387484 0.999402404 0.003512285 -3.077171564 -0.273022711 -0.012774745 0.961922765 94.675910950
0.967414141 0.026087752 0.251851737 57.334125519 -0.027986392 0.999600470 0.003959083 -3.080192327 -0.251647830 -0.010878495 0.967757702 95.143753052
0.971524119 0.022718318 0.235849008 57.445938110 -0.024642760 0.999682724 0.005214883 -3.091628313 -0.235655710 -0.010878354 0.971775711 95.638442993
0.974190414 0.027914500 0.223995075 57.533626556 -0.029618932 0.999552190 0.004252241 -3.089547634 -0.223776087 -0.010776987 0.974581003 96.130981445
0.976364434 0.032613710 0.213655829 57.633045197 -0.034495309 0.999391913 0.005083472 -3.089739799 -0.213360116 -0.012333445 0.976895750 96.605995178
0.977500796 0.040196292 0.207066193 57.731433868 -0.041841913 0.999117851 0.003572155 -3.087830067 -0.206739947 -0.012155831 0.978320420 97.121253967
0.977820814 0.046253759 0.204272121 57.823974609 -0.047233276 0.998883903 -0.000080552 -3.088134766 -0.204047859 -0.009569677 0.978914142 97.637763977
0.977776349 0.047655277 0.204162702 57.917335510 -0.048173327 0.998836040 -0.002434678 -3.097604036 -0.204041094 -0.007454626 0.978933930 98.170631409
0.977232039 0.046527397 0.207008943 58.027153015 -0.046291281 0.998910069 -0.005986994 -3.111143112 -0.207061872 -0.003732026 0.978320718 98.714256287
0.976687372 0.043949522 0.210119560 58.160301208 -0.042245988 0.999027908 -0.012591279 -3.109169483 -0.210468680 0.003421035 0.977594614 99.242652893
0.975750029 0.044335250 0.214350730 58.280994415 -0.041572776 0.998984277 -0.017380768 -3.113033533 -0.214903593 0.008048132 0.976602077 99.801254272
0.974466443 0.049518775 0.219004571 58.397762299 -0.046970189 0.998754442 -0.016831737 -3.126824141 -0.219565272 0.006115278 0.975578666 100.383560181
0.973097742 0.052454110 0.224342152 58.531490326 -0.050904263 0.998622894 -0.012690683 -3.142090797 -0.224698886 0.000929304 0.974427819 100.967926025
0.972120225 0.049492668 0.229200169 58.674373627 -0.048907507 0.998769343 -0.008236399 -3.151437283 -0.229325742 -0.003202839 0.973344445 101.575531006
0.971419215 0.045256183 0.233016193 58.825866699 -0.045917165 0.998941898 -0.002589854 -3.162298918 -0.232886836 -0.008183608 0.972469389 102.190086365
0.970632315 0.042834349 0.236723766 58.981212616 -0.044573113 0.999004126 0.001995631 -3.168851852 -0.236402541 -0.012488537 0.971574962 102.815589905
0.970056713 0.037782267 0.239921734 59.138866425 -0.039569587 0.999213338 0.002635028 -3.174748182 -0.239633441 -0.012049731 0.970788658 103.444740295
0.970142543 0.034210715 0.240110487 59.304462433 -0.035061475 0.999384880 -0.000729002 -3.179186344 -0.239987731 -0.007711391 0.970745325 104.094795227
0.970295072 0.034138143 0.239503711 59.465950012 -0.033297535 0.999416888 -0.007556481 -3.189241648 -0.239622027 -0.000642866 0.970866024 104.732742310
0.970379353 0.036406662 0.238827378 59.620983124 -0.034023799 0.999321640 -0.014093764 -3.198066473 -0.239178479 0.005550483 0.970959783 105.393486023
0.970970392 0.039160494 0.235972419 59.777839661 -0.035938904 0.999192953 -0.017939728 -3.205822945 -0.236484498 0.008938356 0.971594155 106.069717407
0.971567154 0.037861690 0.233717248 59.933834076 -0.035591487 0.999269426 -0.013924987 -3.210993528 -0.234073713 0.005210718 0.972204864 106.759941101
0.972073436 0.033649292 0.232251972 60.108062744 -0.033149708 0.999432027 -0.006054771 -3.226813793 -0.232323810 -0.001813403 0.972636819 107.452827454
0.972628057 0.034657210 0.229768559 60.279342651 -0.035623010 0.999365270 0.000055387 -3.242691517 -0.229620814 -0.008238919 0.973245263 108.162765503
0.972929060 0.037923086 0.227971271 60.440670013 -0.038780976 0.999247491 -0.000716796 -3.251254559 -0.227826908 -0.008143557 0.973667622 108.891960144
0.973189712 0.043461476 0.225860327 60.597385406 -0.043374553 0.999044538 -0.005349683 -3.259428501 -0.225877032 -0.004590334 0.974144995 109.626983643
0.974051714 0.044442303 0.221919283 60.758460999 -0.043159425 0.999011636 -0.010629397 -3.264568806 -0.222172335 0.000775674 0.975007117 110.363929749
0.975011945 0.042864304 0.217977941 60.925632477 -0.040902525 0.999071836 -0.013506276 -3.274810791 -0.218354568 0.004252932 0.975860238 111.119750977
0.975943029 0.040609881 0.214210197 61.091972351 -0.038948182 0.999169469 -0.011973970 -3.285066605 -0.214518562 0.003342815 0.976714194 111.896530151
0.976784706 0.037251085 0.210959762 61.255596161 -0.036005016 0.999304056 -0.009746002 -3.304148912 -0.211176008 0.001924135 0.977446139 112.673828125
0.977213085 0.036108639 0.209166750 61.421150208 -0.035463478 0.999347627 -0.006835238 -3.318943977 -0.209277093 -0.000738297 0.977856100 113.464904785
0.977579772 0.033078469 0.207951099 61.590808868 -0.032827895 0.999450147 -0.004656855 -3.325639725 -0.207990810 -0.002274149 0.978128135 114.263740540
0.977791369 0.027961610 0.207706988 61.760234833 -0.027852371 0.999606073 -0.003450959 -3.337118626 -0.207721666 -0.002410814 0.978184998 115.052795410
0.977884293 0.028661590 0.207173362 61.921676636 -0.028914187 0.999580264 -0.001809259 -3.346232414 -0.207138255 -0.004221002 0.978302598 115.855255127
0.977665842 0.033839483 0.207423151 62.086585999 -0.033793099 0.999421775 -0.003767917 -3.356559277 -0.207430720 -0.003325707 0.978244066 116.665100098
0.977387667 0.039486006 0.207736045 62.257434845 -0.038844269 0.999219537 -0.007169094 -3.367659330 -0.207856998 -0.001062371 0.978158653 117.498626709
0.976788104 0.048217338 0.208710462 62.420677185 -0.047393970 0.998836219 -0.008947114 -3.374153852 -0.208898962 -0.001152182 0.977936566 118.327941895
0.975815475 0.054226425 0.211763084 62.583515167 -0.053660836 0.998523712 -0.008421189 -3.387300014 -0.211907104 -0.003145856 0.977284729 119.157562256
0.975049496 0.056548208 0.214664429 62.753910065 -0.056488097 0.998382628 -0.006419598 -3.406212091 -0.214680254 -0.005866559 0.976666749 119.994773865
0.974495590 0.056784976 0.217103183 62.936008453 -0.056622524 0.998371303 -0.006974057 -3.427340746 -0.217145607 -0.005496741 0.976123750 120.826919556
0.974192858 0.055054113 0.218900353 63.119380951 -0.054186169 0.998481035 -0.009971261 -3.435713768 -0.219116822 -0.002147439 0.975696266 121.661537170
0.974187255 0.049125493 0.220331416 63.311882019 -0.048390795 0.998790264 -0.008733985 -3.450142622 -0.220493942 -0.002153473 0.975385964 122.506034851
0.974410355 0.043001156 0.220625043 63.510025024 -0.041769054 0.999074697 -0.010248919 -3.471131563 -0.220861614 0.000771354 0.975304842 123.330947876
0.974228859 0.041865867 0.221642435 63.700195312 -0.040684000 0.999123037 -0.009897145 -3.497519970 -0.221862406 0.000624785 0.975077808 124.164031982
0.973671019 0.044085220 0.223654225 63.885963440 -0.043603279 0.999023736 -0.007095478 -3.511514187 -0.223748684 -0.002843395 0.974642754 125.008132935
0.973274291 0.046273984 0.224935234 64.072959900 -0.047209155 0.998884261 -0.001222124 -3.528057814 -0.224740818 -0.009429540 0.974372983 125.851852417
0.972841203 0.050010934 0.226006463 64.256935120 -0.051983412 0.998644054 0.002780810 -3.543469191 -0.225560948 -0.014453873 0.974121809 126.704849243
0.972655594 0.049384806 0.226941079 64.443016052 -0.049841046 0.998750210 -0.003723067 -3.558255911 -0.226841316 -0.007689718 0.973901391 127.510452271
0.972943842 0.045187805 0.226579756 64.634704590 -0.042206518 0.998946965 -0.017987706 -3.576895714 -0.227153987 0.007937886 0.973826528 128.318405151
