1.000000000 0.000000000 0.000000000 0.000000000 0.000000000 1.000000000 0.000000000 0.000000000 0.000000000 0.000000000 1.000000000 0.000000000
0.999999940 -0.000089406 0.000309133 -0.024926841 0.000088975 0.999999046 0.001394748 -0.011401298 -0.000309257 -0.001394721 0.999998987 1.315564513
0.999998569 -0.001613742 -0.000538244 -0.017555187 0.001614655 0.999997258 0.001700462 -0.037193540 0.000535498 -0.001701329 0.999998391 2.619158030
0.999995351 -0.002981843 -0.000643655 -0.023863928 0.002982306 0.999995291 0.000719048 -0.054352697 0.000641508 -0.000720964 0.999999523 3.931811810
0.999994934 -0.003132771 -0.000521584 -0.034478784 0.003133190 0.999994755 0.000805460 -0.071474306 0.000519058 -0.000807091 0.999999523 5.247186184
0.999992132 -0.003915443 -0.000658567 -0.031023538 0.003916603 0.999990761 0.001769257 -0.098321594 0.000651634 -0.001771822 0.999998212 6.582887650
0.999986529 -0.005188617 -0.000231168 -0.041958552 0.005189226 0.999982834 0.002715533 -0.109449327 0.000217074 -0.002716696 0.999996305 7.912759781
0.999989033 -0.004651905 -0.000531316 -0.047309566 0.004653646 0.999983668 0.003325060 -0.132640764 0.000515839 -0.003327496 0.999994338 9.248847961
0.999994278 -0.003329625 -0.000601084 -0.067257725 0.003330461 0.999993503 0.001394404 -0.147178277 0.000596437 -0.001396397 0.999998868 10.576277733
0.999998569 -0.001315329 -0.001041876 -0.062586054 0.001314790 0.999998987 -0.000517290 -0.173812583 0.001042556 0.000515920 0.999999344 11.918027878
0.999996841 0.002407737 -0.000686663 -0.079127945 -0.002408709 0.999996066 -0.001418639 -0.194419622 0.000683245 0.001420288 0.999998748 13.257822037
0.999989688 0.004491314 -0.000627870 -0.096868299 -0.004492235 0.999988794 -0.001473976 -0.216431975 0.000621243 0.001476782 0.999998689 14.592708588
0.999984324 0.005575890 -0.000529349 -0.109008245 -0.005576208 0.999984264 -0.000601084 -0.237094373 0.000525989 0.000604026 0.999999702 15.943479538
0.999994397 0.003347050 -0.000147992 -0.105595835 -0.003346744 0.999992371 0.002021347 -0.260304779 0.000154757 -0.002020840 0.999997973 17.302402496
0.999999285 -0.001154461 -0.000207879 -0.107731648 0.001155302 0.999990940 0.004090703 -0.282713622 0.000203154 -0.004090941 0.999991596 18.652626038
0.999994397 -0.003322109 -0.000337354 -0.107702076 0.003322620 0.999993324 0.001525465 -0.295548111 0.000332284 -0.001526577 0.999998808 20.000663757
0.999990940 -0.004226792 -0.000488953 -0.114540629 0.004226591 0.999991000 -0.000413112 -0.313977927 0.000490694 0.000411041 0.999999821 21.350069046
0.999997914 -0.002026508 0.000230298 -0.121870659 0.002026981 0.999995828 -0.002071557 -0.336939931 -0.000226099 0.002072020 0.999997854 22.711763382
0.999999523 0.000473301 0.000867511 -0.131205097 -0.000472991 0.999999821 -0.000356733 -0.353446275 -0.000867680 0.000356322 0.999999583 24.086719513
0.999997854 0.001400796 0.001534151 -0.144864336 -0.001405886 0.999993503 0.003321914 -0.373097360 -0.001529488 -0.003324064 0.999993324 25.458715439
0.999997079 -0.001333498 0.002013871 -0.145416543 0.001322304 0.999983728 0.005549281 -0.393735260 -0.002021238 -0.005546602 0.999982595 26.816623688
0.999986112 -0.005000437 0.001653834 -0.144697756 0.004994186 0.999980450 0.003762282 -0.406917214 -0.001672615 -0.003753971 0.999991536 28.187063217
0.999985754 -0.005076380 0.001631545 -0.157476604 0.005074112 0.999986172 0.001390791 -0.423999012 -0.001638583 -0.001382492 0.999997675 29.548643112
0.999979675 -0.006013318 0.002125625 -0.145862654 0.006015461 0.999981403 -0.001003000 -0.450223356 -0.002119554 0.001015766 0.999997258 30.919933319
0.999991775 -0.002466838 0.003214958 -0.164971679 0.002472420 0.999995470 -0.001733210 -0.473278224 -0.003210668 0.001741145 0.999993324 32.288406372
0.999993622 -0.001643034 0.003178520 -0.160016879 0.001655545 0.999990880 -0.003937433 -0.498377502 -0.003172021 0.003942669 0.999987185 33.664161682
0.999994397 -0.000580130 0.003296121 -0.171650991 0.000590997 0.999994397 -0.003296942 -0.523256302 -0.003294190 0.003298871 0.999989152 35.035991669
0.999994934 -0.000805408 0.003082857 -0.167964384 0.000811968 0.999997437 -0.002127079 -0.549875617 -0.003081136 0.002129571 0.999992967 36.429664612
0.999995649 0.000741526 0.002858438 -0.179747760 -0.000740309 0.999999642 -0.000426586 -0.574955046 -0.002858753 0.000424468 0.999995828 37.806739807
0.999990821 0.003277071 0.002759687 -0.179576591 -0.003276766 0.999994636 -0.000114963 -0.598457634 -0.002760049 0.000105919 0.999996185 39.207660675
0.999978006 0.005922476 0.002992688 -0.189483985 -0.005920805 0.999982297 -0.000567020 -0.619480252 -0.002995993 0.000549289 0.999995351 40.602375031
0.999965966 0.007637669 0.003117811 -0.199831903 -0.007637258 0.999970853 -0.000143966 -0.642864525 -0.003118820 0.000120150 0.999995112 41.992404938
0.999959886 0.008525407 0.002742738 -0.203147531 -0.008525201 0.999963641 -0.000086951 -0.665271819 -0.002743380 0.000063565 0.999996245 43.392551422
0.999967277 0.007733200 0.002373427 -0.209965795 -0.007732925 0.999970078 -0.000125134 -0.691276371 -0.002374324 0.000106777 0.999997199 44.789794922
0.999975502 0.006805831 0.001633025 -0.214275301 -0.006804936 0.999976695 -0.000552755 -0.714213610 -0.001636749 0.000541629 0.999998510 46.189830780
0.999984026 0.005622372 0.000564991 -0.216961727 -0.005622213 0.999984145 -0.000283066 -0.738097668 -0.000566574 0.000279884 0.999999821 47.596065521
0.999981761 0.006034106 -0.000301026 -0.229443878 -0.006033880 0.999981523 0.000747304 -0.757478118 0.000305529 -0.000745474 0.999999702 49.000213623
0.999978006 0.006493822 -0.001344138 -0.239466652 -0.006493137 0.999978781 0.000513322 -0.779541969 0.001347443 -0.000504583 0.999998987 50.405387878
0.999973536 0.006871641 -0.002392921 -0.259260327 -0.006868967 0.999975801 0.001123839 -0.801462293 0.002400586 -0.001107372 0.999996483 51.819446564
0.999969423 0.007011579 -0.003460587 -0.271801859 -0.007005514 0.999973893 0.001761837 -0.820638537 0.003472850 -0.001737540 0.999992490 53.240337372
0.999976814 0.005543854 -0.003960696 -0.286021769 -0.005532165 0.999980330 0.002956164 -0.841787696 0.003977007 -0.002934184 0.999987781 54.681785583
0.999982834 0.003705318 -0.004538909 -0.296314597 -0.003691803 0.999988735 0.002982266 -0.861950994 0.004549908 -0.002965458 0.999985278 56.088516235
0.999985576 0.001243755 -0.005228881 -0.305621684 -0.001230712 0.999996126 0.002496901 -0.883477628 0.005231967 -0.002490429 0.999983191 57.514827728
0.999987781 0.000438933 -0.004924172 -0.325289220 -0.000425636 0.999996245 0.002701044 -0.905485809 0.004925339 -0.002698916 0.999984205 58.912517548
0.999989450 -0.000690697 -0.004547422 -0.336264461 0.000705570 0.999994397 0.003269813 -0.923293710 0.004545139 -0.003272987 0.999984324 60.337345123
0.999989510 -0.001828569 -0.004206542 -0.345367670 0.001845645 0.999990046 0.004059107 -0.944532990 0.004199077 -0.004066828 0.999982893 61.757907867
0.999988019 -0.003530280 -0.003392360 -0.363800615 0.003543855 0.999985695 0.004003969 -0.969514787 0.003378176 -0.004015943 0.999986231 63.171016693
0.999978483 -0.005765035 -0.003139237 -0.366581470 0.005774915 0.999978364 0.003147604 -0.990835965 0.003121023 -0.003165665 0.999990106 64.572914124
0.999982715 -0.005214509 -0.002720695 -0.377003074 0.005221954 0.999982595 0.002736491 -1.010299683 0.002706378 -0.002750651 0.999992549 65.969749451
0.999990463 -0.003927893 -0.001914801 -0.378990382 0.003932845 0.999988914 0.002589005 -1.029749513 0.001904611 -0.002596511 0.999994814 67.390693665
0.999998569 -0.000599313 -0.001575690 -0.393729061 0.000605579 0.999991894 0.003979033 -1.050435543 0.001573292 -0.003979982 0.999990821 68.787979126
0.999997556 0.002080160 -0.000733730 -0.399022698 -0.002076188 0.999983430 0.005373612 -1.074089527 0.000744896 -0.005372075 0.999985278 70.206138611
0.999982774 0.005866054 -0.000071934 -0.414037436 -0.005865521 0.999965072 0.005952607 -1.092733026 0.000106850 -0.005952083 0.999982297 71.583656311
0.999938488 0.011066826 0.000767239 -0.436124414 -0.011070727 0.999924779 0.005282520 -1.109612703 -0.000708720 -0.005290689 0.999985754 73.027091980
0.999893665 0.014477155 0.001756319 -0.457692474 -0.014485254 0.999884069 0.004689453 -1.127701521 -0.001688226 -0.004714395 0.999987483 74.403900146
0.999871731 0.015894944 0.001955538 -0.452324331 -0.015903549 0.999863565 0.004466419 -1.149792790 -0.001884278 -0.004496946 0.999988139 75.829231262
0.999874771 0.015670849 0.002196247 -0.456431270 -0.015681468 0.999864995 0.004903490 -1.167639732 -0.002119108 -0.004937317 0.999985576 77.239982605
0.999878645 0.015305615 0.002898906 -0.480524540 -0.015318760 0.999872208 0.004567719 -1.193692923 -0.002828624 -0.004611572 0.999985337 78.609138489
0.999897540 0.013946945 0.003224725 -0.500296414 -0.013959524 0.999894917 0.003911948 -1.213359594 -0.003169826 -0.003956563 0.999987125 79.981185913
0.999915540 0.012841510 0.002010547 -0.475904286 -0.012849035 0.999910295 0.003775702 -1.233893871 -0.001961881 -0.003801216 0.999990880 81.403549194
0.999911189 0.013150717 0.002174058 -0.488869429 -0.013159257 0.999905586 0.003961327 -1.255363941 -0.002121759 -0.003989584 0.999989808 82.738189697
0.999922872 0.012370246 0.001091121 -0.479668409 -0.012373890 0.999917686 0.003398206 -1.272363782 -0.001048995 -0.003411445 0.999993622 84.168785095
0.999928057 0.011964351 0.000837314 -0.498639017 -0.011967345 0.999921679 0.003667474 -1.279632926 -0.000793369 -0.003677231 0.999992907 85.516662598
0.999926984 0.012069453 -0.000579378 -0.499533355 -0.012066712 0.999916971 0.004522130 -1.316093802 0.000633910 -0.004514809 0.999989629 86.921447754
0.999948025 0.010100269 -0.001408376 -0.516578138 -0.010092363 0.999933898 0.005512301 -1.332518458 0.001463958 -0.005497801 0.999983788 88.313240051
0.999963045 0.008086905 -0.002917278 -0.508770049 -0.008069022 0.999948919 0.006090941 -1.358323693 0.002966385 -0.006067176 0.999977171 89.682319641
0.999976575 0.005646635 -0.003862575 -0.513620436 -0.005622469 0.999964714 0.006239017 -1.375374794 0.003897668 -0.006217153 0.999973059 91.053878784
0.999982595 0.003942816 -0.004388069 -0.524586022 -0.003916914 0.999974966 0.005895785 -1.400942683 0.004411205 -0.005878494 0.999972999 92.443084717
0.999986112 0.003173194 -0.004205628 -0.544416249 -0.003149721 0.999979496 0.005576357 -1.417014241 0.004223237 -0.005563034 0.999975622 93.788955688
0.999985278 0.003140725 -0.004427708 -0.558581948 -0.003119227 0.999983370 0.004853984 -1.433538914 0.004442879 -0.004840102 0.999978423 95.163536072
0.999986112 0.002962136 -0.004363535 -0.573161125 -0.002943694 0.999986708 0.004226658 -1.451112628 0.004375997 -0.004213754 0.999981523 96.526222229
0.999982834 0.003893632 -0.004378755 -0.581606686 -0.003878380 0.999986410 0.003486219 -1.471111655 0.004392270 -0.003469177 0.999984324 97.893692017
0.999979258 0.005380682 -0.003539418 -0.611980438 -0.005368026 0.999979198 0.003575683 -1.486358762 0.003558584 -0.003556609 0.999987364 99.231353760
0.999978900 0.005394035 -0.003618193 -0.610466361 -0.005375462 0.999972403 0.005123589 -1.506614089 0.003645730 -0.005104031 0.999980330 100.585098267
0.999972582 0.006623074 -0.003311334 -0.637974083 -0.006600990 0.999956191 0.006636085 -1.525772691 0.003355141 -0.006614044 0.999972522 101.909759521
0.999975443 0.006101255 -0.003448981 -0.629089117 -0.006083738 0.999968648 0.005067064 -1.548182964 0.003479789 -0.005045957 0.999981225 103.275909424
0.999976277 0.006229876 -0.002932578 -0.650249422 -0.006221945 0.999976993 0.002705545 -1.565639138 0.002949366 -0.002687234 0.999992013 104.588562012
0.999978781 0.005404994 -0.003642912 -0.648170888 -0.005399328 0.999984205 0.001563352 -1.590008020 0.003651304 -0.001543650 0.999992132 105.962951660
0.999990046 0.002917879 -0.003366664 -0.660238385 -0.002907566 0.999991059 0.003063841 -1.611575484 0.003375574 -0.003054022 0.999989629 107.298637390
0.999995291 0.001356727 -0.002761943 -0.674746156 -0.001343696 0.999987960 0.004714270 -1.627901554 0.002768305 -0.004710536 0.999985099 108.644767761
0.999998510 0.000115980 -0.001737910 -0.684766531 -0.000106783 0.999985993 0.005291102 -1.648335338 0.001738500 -0.005290908 0.999984503 109.989517212
0.999998987 -0.000859304 -0.001112729 -0.688141525 0.000863613 0.999992132 0.003877565 -1.665276170 0.001109388 -0.003878522 0.999991834 111.330474854
0.999998868 0.001490467 0.000048900 -0.712862074 -0.001490552 0.999997318 0.001780790 -1.686574459 -0.000046246 -0.001780861 0.999998391 112.650642395
0.999994099 0.003333672 0.000797197 -0.706338286 -0.003333183 0.999994278 -0.000613479 -1.704897285 -0.000799238 0.000610819 0.999999523 113.997810364
0.999975920 0.006586902 0.002191185 -0.718885422 -0.006585408 0.999978065 -0.000688755 -1.725975513 -0.002195673 0.000674309 0.999997377 115.322685242
0.999968708 0.007133543 0.003418429 -0.714772820 -0.007138344 0.999973536 0.001394412 -1.749468803 -0.003408392 -0.001418770 0.999993205 116.675636292
0.999960303 0.007623330 0.004612124 -0.720127821 -0.007640293 0.999964058 0.003671520 -1.769285917 -0.004583969 -0.003706612 0.999982595 118.000328064
0.999963641 0.006732586 0.005237840 -0.714637041 -0.006753952 0.999968886 0.004072173 -1.788837910 -0.005210261 -0.004107402 0.999978006 119.352287292
0.999951899 0.007406303 0.006433092 -0.714095891 -0.007429076 0.999966204 0.003523279 -1.807919502 -0.006406780 -0.003570901 0.999973118 120.694046021
0.999930084 0.009172557 0.007465563 -0.708824754 -0.009195754 0.999952972 0.003078762 -1.827301502 -0.007436972 -0.003147198 0.999967396 122.044921875
0.999895334 0.011398346 0.008907602 -0.703302085 -0.011422469 0.999931216 0.002661917 -1.843812346 -0.008876648 -0.002763385 0.999956787 123.400856018
0.999880254 0.012003018 0.009766358 -0.704230130 -0.012019319 0.999926448 0.001612189 -1.861461759 -0.009746289 -0.001729381 0.999951005 124.749473572
0.999852300 0.013324066 0.010854499 -0.701607883 -0.013332729 0.999910831 0.000726111 -1.879648805 -0.010843857 -0.000870724 0.999940813 126.094131470
0.999858260 0.012175781 0.011626436 -0.687091291 -0.012181342 0.999925733 0.000407606 -1.898052573 -0.011620610 -0.000549174 0.999932349 127.443580627
0.999849796 0.011949904 0.012553961 -0.676571369 -0.011971381 0.999926984 0.001636952 -1.918523908 -0.012533483 -0.001786994 0.999919832 128.799972534
0.999861300 0.010051523 0.013279691 -0.667866051 -0.010085562 0.999945998 0.002498706 -1.939755321 -0.013253858 -0.002632293 0.999908686 130.153259277
0.999860406 0.009319712 0.013868584 -0.656014204 -0.009359562 0.999952257 0.002811213 -1.957899809 -0.013841722 -0.002940625 0.999899864 131.506439209
0.999880254 0.007465104 0.013556731 -0.638469875 -0.007504203 0.999967813 0.002835595 -1.978373528 -0.013535126 -0.002936987 0.999904096 132.836380005
0.999890924 0.005903188 0.013539903 -0.631257236 -0.005949261 0.999976635 0.003365038 -1.992663622 -0.013519722 -0.003445223 0.999902666 134.185272217
0.999910355 0.004181499 0.012720208 -0.614752471 -0.004221193 0.999986291 0.003095360 -2.014509201 -0.012707090 -0.003148777 0.999914289 135.533905029
0.999922752 0.003143255 0.012027455 -0.617945969 -0.003178901 0.999990582 0.002945741 -2.029370785 -0.012018083 -0.002983748 0.999923348 136.863830566
0.999941885 0.001324938 0.010700680 -0.597278237 -0.001367372 0.999991238 0.003959186 -2.051254272 -0.010695341 -0.003973587 0.999934912 138.213836670
0.999951541 -0.000146676 0.009846040 -0.591337979 0.000107043 0.999991894 0.004025741 -2.067875862 -0.009846550 -0.004024493 0.999943435 139.555221558
0.999964595 -0.000462364 0.008399629 -0.587454140 0.000429201 0.999992132 0.003949493 -2.084826469 -0.008401388 -0.003945748 0.999956906 140.915710449
0.999973178 -0.001058253 0.007246251 -0.581375301 0.001031867 0.999992847 0.003644071 -2.108318329 -0.007250056 -0.003636497 0.999967098 142.265182495
0.999978185 -0.001048824 0.006524119 -0.587345600 0.001027886 0.999994338 0.003211861 -2.125768185 -0.006527451 -0.003205084 0.999973536 143.601608276
0.999980211 -0.003682445 0.005098579 -0.568129539 0.003677804 0.999992788 0.000919297 -2.149194717 -0.005101927 -0.000900527 0.999986589 144.945297241
0.999954998 -0.008461700 0.004286785 -0.566903770 0.008461327 0.999964178 0.000105068 -2.163745165 -0.004287521 -0.000068791 0.999990821 146.289886475
0.999856234 -0.016711425 0.002874977 -0.546944201 0.016703350 0.999856532 0.002810082 -2.192688227 -0.002921525 -0.002761656 0.999991894 147.656295776
0.999731004 -0.023138620 0.001594928 -0.549121141 0.023131710 0.999723494 0.004223008 -2.208037376 -0.001692201 -0.004184979 0.999989808 148.979675293
0.999642491 -0.026736846 0.000267207 -0.534322977 0.026736587 0.999642074 0.000931126 -2.229828358 -0.000292007 -0.000923649 0.999999523 150.344665527
0.999661982 -0.025982797 0.000896012 -0.543105125 0.025984850 0.999659538 -0.002360054 -2.247130632 -0.000834386 0.002382539 0.999996841 151.680664062
0.999741077 -0.022712797 0.001399897 -0.539260387 0.022718625 0.999732673 -0.004298860 -2.278373241 -0.001301883 0.004329551 0.999989808 153.038345337
0.999736130 -0.022833256 0.002504425 -0.557813942 0.022844357 0.999728918 -0.004497782 -2.304145336 -0.002401047 0.004553807 0.999986768 154.371978760
0.999669313 -0.025494883 0.003360289 -0.558598220 0.025497641 0.999674559 -0.000780849 -2.332721710 -0.003339288 0.000866270 0.999994040 155.721252441
0.999511659 -0.031064846 0.003370671 -0.538116455 0.031058621 0.999515772 0.001883544 -2.356868982 -0.003427551 -0.001777936 0.999992549 157.089202881
0.999384940 -0.034893557 0.003484304 -0.538008928 0.034881614 0.999385536 0.003431582 -2.378314495 -0.003601904 -0.003307933 0.999988019 158.421646118
0.999326527 -0.036566123 0.003074395 -0.517683744 0.036556456 0.999326646 0.003143841 -2.399974108 -0.003187283 -0.003029335 0.999990344 159.801971436
0.999389708 -0.034697849 0.004028604 -0.524174035 0.034682509 0.999391079 0.003817646 -2.417095423 -0.004158615 -0.003675594 0.999984622 161.140563965
0.999516845 -0.030662289 0.005084033 -0.513811409 0.030647922 0.999526083 0.002880169 -2.434977293 -0.005169936 -0.002722962 0.999982953 162.512557983
0.999606192 -0.027351908 0.006272044 -0.535886705 0.027346488 0.999625564 0.000948302 -2.457324982 -0.006295633 -0.000776410 0.999979854 163.833831787
0.999661565 -0.024881979 0.007595929 -0.556197822 0.024879033 0.999690354 0.000482166 -2.475342274 -0.007605574 -0.000293023 0.999971032 165.149261475
0.999710798 -0.022928165 0.007252740 -0.533972979 0.022916362 0.999735951 0.001706661 -2.504134893 -0.007289955 -0.001539961 0.999972224 166.559005737
0.999758124 -0.020913476 0.006803627 -0.527379394 0.020905335 0.999780655 0.001265560 -2.528424740 -0.006828602 -0.001123022 0.999976039 167.927841187
0.999792516 -0.019267797 0.006612554 -0.531957984 0.019275879 0.999813557 -0.001160833 -2.545876265 -0.006588954 0.001288055 0.999977469 169.279464722
0.999863446 -0.015255969 0.006349161 -0.539616823 0.015281199 0.999875426 -0.003944400 -2.570981503 -0.006288195 0.004040884 0.999972045 170.626266479
0.999931157 -0.010006553 0.006125318 -0.546123743 0.010038995 0.999935627 -0.005288799 -2.594691515 -0.006072001 0.005349927 0.999967277 172.009689331
0.999965131 -0.005364304 0.006401048 -0.549697936 0.005391031 0.999976814 -0.004165532 -2.620719910 -0.006378554 0.004199895 0.999970853 173.372161865
0.999971986 -0.002489821 0.007059602 -0.555652261 0.002506527 0.999994099 -0.002358557 -2.645354509 -0.007053687 0.002376186 0.999972284 174.770507812
0.999974847 -0.001620296 0.006904413 -0.551045775 0.001620951 0.999998689 -0.000089247 -2.669033766 -0.006904259 0.000100436 0.999976158 176.167510986
0.999968886 -0.005335107 0.005812969 -0.542722046 0.005329030 0.999985218 0.001060283 -2.691983223 -0.005818540 -0.001029273 0.999982536 177.556564331
0.999965847 -0.007083007 0.004254491 -0.538645804 0.007079669 0.999974608 0.000798953 -2.710294485 -0.004260042 -0.000768806 0.999990642 178.933395386
0.999970376 -0.007222827 0.002654797 -0.547585547 0.007231688 0.999968290 -0.003343149 -2.736298323 -0.002630566 0.003362249 0.999990880 180.315231323
0.999981165 -0.006102645 0.000688343 -0.541459978 0.006107597 0.999953687 -0.007437474 -2.764740467 -0.000642923 0.007441537 0.999972105 181.714477539
0.999999404 -0.001084976 0.000094731 -0.554041147 0.001085714 0.999966085 -0.008167238 -2.793724298 -0.000085867 0.008167336 0.999966621 183.112319946
0.999997258 0.002349145 -0.000051195 -0.565065980 -0.002349454 0.999970973 -0.007246734 -2.825201750 0.000034170 0.007246834 0.999973714 184.504241943
0.999990404 0.004370475 0.000298474 -0.581379414 -0.004369293 0.999983013 -0.003852574 -2.852062464 -0.000315307 0.003851233 0.999992549 185.909423828
0.999986589 0.005134766 0.000701031 -0.589867294 -0.005133648 0.999985576 -0.001586928 -2.882212639 -0.000709169 0.001583308 0.999998510 187.301544189
0.999990523 0.004340844 0.000408071 -0.584610939 -0.004340555 0.999990344 -0.000707123 -2.899853230 -0.000411136 0.000705345 0.999999642 188.736053467
0.999996424 0.002604739 0.000588941 -0.595945954 -0.002604518 0.999996543 -0.000375431 -2.921096087 -0.000589916 0.000373896 0.999999762 190.131927490
0.999999523 -0.000211055 0.000932772 -0.607334316 0.000210982 1.000000000 0.000077998 -2.940516710 -0.000932788 -0.000077801 0.999999583 191.568603516
0.999995947 -0.002711918 0.000840127 -0.595610380 0.002711784 0.999996305 0.000160713 -2.968578100 -0.000840559 -0.000158434 0.999999642 192.972244263
0.999982774 -0.005689477 0.001421886 -0.607803762 0.005687752 0.999983072 0.001214133 -2.987522602 -0.001428770 -0.001206024 0.999998271 194.395294189
0.999942660 -0.010571664 0.001713051 -0.598031461 0.010566712 0.999940038 0.002874240 -3.013462305 -0.001743334 -0.002855974 0.999994397 195.823348999
0.999908030 -0.013422081 0.001935243 -0.598506331 0.013416260 0.999905527 0.002990317 -3.033694267 -0.001975197 -0.002964079 0.999993682 197.263793945
0.999934196 -0.011221722 0.002373827 -0.601635516 0.011225616 0.999935627 -0.001633516 -3.057329655 -0.002355343 0.001660056 0.999995828 198.682495117
0.999988079 -0.003824109 0.003027857 -0.625193119 0.003843819 0.999971271 -0.006530643 -3.082233191 -0.003002796 0.006542204 0.999974072 200.092208862
0.999975324 0.005646850 0.004185939 -0.631857276 -0.005617899 0.999960423 -0.006895937 -3.107818127 -0.004224713 0.006872251 0.999967456 201.564437866
0.999899805 0.013144379 0.005250705 -0.655583680 -0.013127506 0.999908626 -0.003235173 -3.135091305 -0.005292749 0.003165920 0.999980986 202.995056152
0.999883652 0.013928716 0.006214995 -0.655133247 -0.013923655 0.999902666 -0.000856821 -3.165939569 -0.006226325 0.000770186 0.999980330 204.443481445
0.999908745 0.012231145 0.005732066 -0.656393766 -0.012228727 0.999925137 -0.000456516 -3.185267925 -0.005737220 0.000386378 0.999983490 205.880859375
0.999957621 0.008109917 0.004358844 -0.650222540 -0.008109638 0.999967098 -0.000081512 -3.217192888 -0.004359362 0.000046160 0.999990523 207.351028442
0.999970019 0.006950257 0.003414852 -0.636738122 -0.006945782 0.999975026 -0.001320768 -3.230184317 -0.003423946 0.001297009 0.999993324 208.804779053
0.999970376 0.007100776 0.002966755 -0.640722215 -0.007096113 0.999973595 -0.001579328 -3.259330750 -0.002977891 0.001558229 0.999994338 210.263854980
0.999958396 0.008662743 0.002858204 -0.646830142 -0.008658938 0.999961615 -0.001340969 -3.283247232 -0.002869711 0.001316164 0.999994993 211.731903076
0.999956548 0.008981893 0.002494015 -0.648927093 -0.008980843 0.999959588 -0.000431786 -3.313568354 -0.002497792 0.000409369 0.999996781 213.181350708
0.999953747 0.009281811 0.002521422 -0.658794522 -0.009278762 0.999956191 -0.001217969 -3.332231283 -0.002532616 0.001194517 0.999996066 214.643981934
0.999964416 0.008218051 0.001906564 -0.658864856 -0.008214174 0.999964178 -0.002032970 -3.361340523 -0.001923202 0.002017237 0.999996126 216.126220703
0.999967992 0.007726292 0.002086491 -0.675354183 -0.007721359 0.999967396 -0.002361953 -3.382822990 -0.002104672 0.002345767 0.999995053 217.577285767
0.999971032 0.007512967 0.001196385 -0.668994784 -0.007510205 0.999969184 -0.002295821 -3.416671753 -0.001213597 0.002286769 0.999996662 219.072525024
0.999967337 0.008003027 0.001141551 -0.680684865 -0.008000000 0.999964535 -0.002632214 -3.441459894 -0.001162576 0.002622996 0.999995887 220.546737671
0.999967813 0.007983644 0.000764038 -0.687981665 -0.007981293 0.999963582 -0.003031713 -3.467605352 -0.000788214 0.003025518 0.999995112 222.024017334
0.999962509 0.008656356 0.000247176 -0.687918603 -0.008655550 0.999957740 -0.003095844 -3.497316837 -0.000273965 0.003093588 0.999995172 223.523605347
0.999962687 0.008624958 0.000446310 -0.704616308 -0.008623464 0.999957561 -0.003246957 -3.521007538 -0.000474296 0.003242987 0.999994636 225.009017944
0.999957979 0.009162557 -0.000370394 -0.703224480 -0.009163711 0.999952734 -0.003243555 -3.551193476 0.000340657 0.003246813 0.999994695 226.509124756
0.999966502 0.008179259 -0.000347556 -0.715656757 -0.008180427 0.999960363 -0.003506595 -3.574015617 0.000318861 0.003509321 0.999993801 227.993713379
0.999977171 0.006726780 -0.000598470 -0.715368211 -0.006728838 0.999971211 -0.003506690 -3.608088970 0.000574864 0.003510637 0.999993682 229.504974365
0.999984562 0.005553442 -0.000207739 -0.735317647 -0.005554079 0.999979436 -0.003202613 -3.637014627 0.000189949 0.003203718 0.999994874 230.995407104
0.999991477 0.004123209 -0.000174044 -0.732835054 -0.004123638 0.999988258 -0.002541136 -3.662382126 0.000163564 0.002541832 0.999996781 232.509750366
0.999989808 0.004504420 -0.000202471 -0.743796289 -0.004504884 0.999987066 -0.002350368 -3.689221382 0.000191881 0.002351257 0.999997199 234.022781372
0.999990165 0.004423060 -0.000312222 -0.750826657 -0.004423846 0.999986947 -0.002567544 -3.724840403 0.000300861 0.002568900 0.999996662 235.531173706
0.999986470 0.005203050 0.000123068 -0.761359394 -0.005202632 0.999981403 -0.003182185 -3.753684521 -0.000139623 0.003181502 0.999994934 237.037475586
0.999977827 0.006589276 0.000967237 -0.773104608 -0.006586852 0.999975204 -0.002487893 -3.781749487 -0.000983606 0.002481466 0.999996424 238.525787354
0.999976575 0.006719135 0.001322232 -0.779743731 -0.006718560 0.999977350 -0.000438870 -3.809568405 -0.001325151 0.000429976 0.999999046 240.072006226
0.999975026 0.006762676 0.002049248 -0.788179696 -0.006762472 0.999977112 -0.000106682 -3.830760956 -0.002049923 0.000092822 0.999997914 241.588424683
0.999974251 0.006815664 0.002252258 -0.785750031 -0.006812261 0.999975622 -0.001514790 -3.859335423 -0.002262527 0.001499408 0.999996305 243.103927612
0.999971926 0.007050254 0.002540560 -0.785630286 -0.007042632 0.999970734 -0.002996423 -3.883115768 -0.002561611 0.002978446 0.999992311 244.624359131
0.999970496 0.007117195 0.002895150 -0.790046990 -0.007110309 0.999971867 -0.002381507 -3.915121317 -0.002912018 0.002360851 0.999992967 246.140029907
0.999972522 0.006900521 0.002705684 -0.793607235 -0.006897529 0.999975562 -0.001113686 -3.946712971 -0.002713303 0.001094993 0.999995708 247.664993286
0.999968290 0.007462163 0.002786823 -0.806774080 -0.007459824 0.999971807 -0.000848546 -3.972988129 -0.002793076 0.000827730 0.999995768 249.202026367
0.999968588 0.007601697 0.002242190 -0.803890169 -0.007600155 0.999970853 -0.000695401 -4.003048420 -0.002247411 0.000678339 0.999997258 250.726272583
0.999954820 0.009052596 0.002909215 -0.816285789 -0.009051488 0.999958932 -0.000394076 -4.028365612 -0.002912663 0.000367725 0.999995708 252.254653931
0.999943912 0.010258375 0.002636642 -0.817639828 -0.010257101 0.999947250 -0.000496314 -4.055813789 -0.002641595 0.000469241 0.999996424 253.784439087
0.999940038 0.010524897 0.003020535 -0.829592109 -0.010523981 0.999944568 -0.000318595 -4.079701424 -0.003023720 0.000286788 0.999995410 255.323593140
0.999953508 0.009146136 0.003045636 -0.839528143 -0.009146267 0.999958158 0.000029077 -4.110232353 -0.003045243 -0.000056931 0.999995351 256.860443115
0.999973476 0.006756837 0.002720122 -0.834443629 -0.006759240 0.999976754 0.000875383 -4.131530285 -0.002714144 -0.000893746 0.999995947 258.402526855
0.999984860 0.004585845 0.003048346 -0.835804820 -0.004589689 0.999988675 0.001255098 -4.151021481 -0.003042556 -0.001269070 0.999994576 259.943481445
0.999993086 0.002675914 0.002584287 -0.841327786 -0.002678846 0.999995768 0.001131994 -4.184166908 -0.002581247 -0.001138909 0.999996006 261.489593506
0.999995112 0.001780381 0.002561033 -0.845744133 -0.001780193 0.999998391 -0.000075759 -4.204363346 -0.002561164 0.000071200 0.999996722 263.007781982
0.999996245 -0.000059922 0.002731356 -0.845445752 0.000055434 0.999998629 0.001643182 -4.230014324 -0.002731451 -0.001643025 0.999994934 264.548370361
0.999992788 -0.001617452 0.003436375 -0.854306281 0.001604799 0.999991953 0.003681657 -4.256526947 -0.003442302 -0.003676116 0.999987304 266.076995850
0.999991596 -0.002401628 0.003320355 -0.847670197 0.002393476 0.999994099 0.002456963 -4.268436432 -0.003326236 -0.002448995 0.999991477 267.650390625
0.999990284 -0.002764311 0.003432776 -0.840161562 0.002759830 0.999995351 0.001309587 -4.288624763 -0.003436380 -0.001300100 0.999993265 269.201660156
0.999988079 -0.001865336 0.004515481 -0.847671032 0.001861254 0.999997854 0.000907896 -4.314603806 -0.004517165 -0.000899481 0.999989390 270.748596191
0.999984503 -0.000109425 0.005565824 -0.856670499 0.000103463 0.999999404 0.001071432 -4.343721867 -0.005565939 -0.001070840 0.999983966 272.280517578
0.999978483 0.001443334 0.006395364 -0.853369653 -0.001448013 0.999998689 0.000726972 -4.367708206 -0.006394306 -0.000736217 0.999979258 273.849639893
0.999967813 0.002565643 0.007601171 -0.855792701 -0.002572665 0.999996245 0.000914208 -4.397679806 -0.007598797 -0.000933734 0.999970675 275.401031494
0.999960065 0.003511058 0.008220532 -0.839901209 -0.003512354 0.999993801 0.000143269 -4.415195465 -0.008219979 -0.000172136 0.999966204 276.945465088
0.999955714 0.004109049 0.008464330 -0.831070900 -0.004102586 0.999991298 -0.000780745 -4.440176964 -0.008467464 0.000745984 0.999963880 278.494995117
0.999946952 0.002828849 0.009906995 -0.836335063 -0.002816123 0.999995172 -0.001298235 -4.460093975 -0.009910620 0.001270267 0.999950111 280.074096680
0.999939442 0.002211336 0.010779630 -0.826784849 -0.002200409 0.999997079 -0.001025436 -4.484169960 -0.010781866 0.001001654 0.999941349 281.629394531
0.999935448 0.001030827 0.011315934 -0.813293755 -0.001029467 0.999999464 -0.000126003 -4.506123543 -0.011316058 0.000114345 0.999935985 283.193695068
0.999934018 0.000024991 0.011489560 -0.801724434 -0.000027249 1.000000000 0.000196395 -4.535547256 -0.011489555 -0.000196695 0.999933958 284.751037598
0.999939024 -0.000680725 0.011020198 -0.778554320 0.000704403 0.999997437 -0.002144877 -4.568951130 -0.011018709 0.002152509 0.999936998 286.303527832
0.999935806 -0.001791989 0.011190493 -0.767054558 0.001839621 0.999989271 -0.004247646 -4.594204426 -0.011182761 0.004267959 0.999928355 287.867675781
0.999944091 -0.001921637 0.010395529 -0.753817379 0.001966939 0.999988616 -0.004349340 -4.624847412 -0.010387053 0.004369544 0.999936521 289.428649902
0.999949992 -0.002867835 0.009578335 -0.745667338 0.002908855 0.999986649 -0.004271417 -4.654420376 -0.009565958 0.004299065 0.999944985 290.999267578
0.999959528 -0.002999321 0.008481418 -0.742518842 0.003040998 0.999983370 -0.004905205 -4.684826851 -0.008466564 0.004930798 0.999952018 292.565765381
0.999964714 -0.002894791 0.007882545 -0.735004187 0.002935123 0.999982655 -0.005109909 -4.718891621 -0.007867616 0.005132866 0.999955893 294.140411377
0.999970317 -0.003191578 0.007016827 -0.725376070 0.003223256 0.999984622 -0.004507927 -4.755501747 -0.007002332 0.004530410 0.999965250 295.721405029
0.999975145 -0.003494452 0.006120107 -0.720531285 0.003521213 0.999984264 -0.004367318 -4.790781021 -0.006104749 0.004388760 0.999971747 297.288696289
0.999979615 -0.003982566 0.004991080 -0.713035524 0.003996314 0.999988258 -0.002747461 -4.825234413 -0.004980080 0.002767351 0.999983788 298.869995117
0.999987900 -0.002401821 0.004291581 -0.712624609 0.002409041 0.999995708 -0.001678017 -4.849370003 -0.004287532 0.001688335 0.999989390 300.465850830
0.999985218 -0.002154125 0.004991947 -0.712638021 0.002162246 0.999996364 -0.001622139 -4.875451088 -0.004988434 0.001632909 0.999986231 302.047912598
0.999982595 -0.001347340 0.005744892 -0.704280913 0.001357248 0.999997616 -0.001721119 -4.905649662 -0.005742559 0.001728887 0.999981999 303.649627686
0.999977052 -0.002788717 0.006169683 -0.701504052 0.002801739 0.999993861 -0.002102866 -4.928174973 -0.006163781 0.002120104 0.999978781 305.251861572
0.999969423 -0.004389107 0.006472670 -0.697368503 0.004408585 0.999985814 -0.002998063 -4.958677292 -0.006459419 0.003026506 0.999974549 306.844848633
0.999959648 -0.006062919 0.006628354 -0.683019996 0.006096521 0.999968588 -0.005061109 -4.988415718 -0.006597460 0.005101315 0.999965250 308.455749512
0.999957383 -0.006381668 0.006674735 -0.682155669 0.006421045 0.999962032 -0.005894755 -5.023110390 -0.006636864 0.005937363 0.999960363 310.067413330
0.999975801 -0.005312903 0.004497731 -0.684343934 0.005345013 0.999960124 -0.007157490 -5.051765442 -0.004459525 0.007181357 0.999964297 311.677398682
0.999986172 -0.004698597 0.002355582 -0.681843340 0.004713497 0.999968648 -0.006360123 -5.090565681 -0.002325624 0.006371139 0.999976993 313.302307129
0.999991238 -0.003747837 0.001872156 -0.684183419 0.003753718 0.999988019 -0.003147743 -5.120983124 -0.001860336 0.003154743 0.999993265 314.932403564
0.999983907 -0.005108321 0.002473110 -0.684546351 0.005108612 0.999986947 -0.000111332 -5.155093670 -0.002472509 0.000123964 0.999996960 316.566955566
0.999979675 -0.005948610 0.002288861 -0.682685137 0.005947409 0.999982178 0.000531174 -5.180339813 -0.002291980 -0.000517550 0.999997258 318.192626953
0.999974012 -0.006698200 0.002661892 -0.686838150 0.006700356 0.999977231 -0.000801702 -5.203494072 -0.002656461 0.000819517 0.999996126 319.817504883
0.999963164 -0.008050413 0.002982137 -0.689938903 0.008052011 0.999967456 -0.000524265 -5.230049610 -0.002977819 0.000548258 0.999995410 321.444488525
0.999962807 -0.007897511 0.003460287 -0.696879983 0.007898977 0.999968708 -0.000410209 -5.257726669 -0.003456939 0.000437527 0.999993920 323.064514160
0.999962151 -0.007724256 0.004011197 -0.699949443 0.007725528 0.999970138 -0.000301615 -5.289391518 -0.004008748 0.000332593 0.999991894 324.686218262
0.999971628 -0.006085436 0.004440490 -0.697693825 0.006092419 0.999980211 -0.001560756 -5.316112995 -0.004430905 0.001587765 0.999988914 326.302246094
0.999972880 -0.005305515 0.005107737 -0.703535378 0.005316074 0.999983728 -0.002055944 -5.347275257 -0.005096746 0.002083041 0.999984860 327.913940430
0.999961257 -0.006246075 0.006198589 -0.702095270 0.006246850 0.999980509 -0.000105607 -5.380241871 -0.006197808 0.000144324 0.999980807 329.542510986
0.999956548 -0.006935768 0.006232699 -0.711553395 0.006929624 0.999975502 0.001006780 -5.410928249 -0.006239529 -0.000963546 0.999980092 331.153167725
0.999946356 -0.008366616 0.006109294 -0.691513002 0.008369600 0.999964893 -0.000463281 -5.435300827 -0.006105203 0.000514389 0.999981225 332.778930664
0.999956727 -0.007294028 0.005778232 -0.683810830 0.007296388 0.999973297 -0.000387470 -5.463653088 -0.005775251 0.000429613 0.999983251 334.431488037
0.999968648 -0.005476010 0.005716917 -0.691258550 0.005489990 0.999981999 -0.002432644 -5.493033886 -0.005703493 0.002463954 0.999980688 336.000244141
0.999979556 -0.003908135 0.005060289 -0.693986297 0.003935343 0.999977767 -0.005378173 -5.524320602 -0.005039157 0.005397977 0.999972761 337.615051270
0.999987125 -0.002487223 0.004429106 -0.696523547 0.002509364 0.999984324 -0.005000574 -5.556503773 -0.004416599 0.005011624 0.999977708 339.227508545
0.999992311 -0.001139488 0.003755544 -0.706769347 0.001146784 0.999997437 -0.001941023 -5.586308479 -0.003753323 0.001945315 0.999991059 340.807220459
0.999996960 -0.000732542 0.002355977 -0.705369294 0.000728870 0.999998510 0.001558913 -5.625743866 -0.002357116 -0.001557191 0.999996006 342.427307129
0.999999285 0.000121911 0.001167406 -0.711143255 -0.000122181 0.999999940 0.000231013 -5.652290821 -0.001167377 -0.000231155 0.999999285 344.036804199
0.999999702 -0.000498265 -0.000625881 -0.721015930 0.000497415 0.999998927 -0.001357458 -5.681059837 0.000626557 0.001357147 0.999998868 345.627441406
0.999994993 -0.001657017 -0.002692072 -0.718365371 0.001656947 0.999998629 -0.000028253 -5.711582661 0.002692115 0.000023792 0.999996364 347.221557617
0.999986291 -0.003308254 -0.004065698 -0.725107670 0.003310908 0.999994338 0.000646253 -5.742591858 0.004063537 -0.000659705 0.999991536 348.825561523
0.999987841 -0.003086692 -0.003851789 -0.745436788 0.003085766 0.999995232 -0.000246554 -5.770303249 0.003852532 0.000234665 0.999992549 350.427337646
0.999980450 -0.004480617 -0.004368085 -0.753429890 0.004475786 0.999989390 -0.001115106 -5.798968792 0.004373035 0.001095533 0.999989867 352.029052734
0.999983549 -0.003907814 -0.004202871 -0.771260560 0.003900896 0.999991000 -0.001652999 -5.823939323 0.004209293 0.001636576 0.999989808 353.636566162
0.999978840 -0.004887102 -0.004286724 -0.783744395 0.004879699 0.999986589 -0.001735907 -5.851243973 0.004295150 0.001714952 0.999989331 355.224243164
0.999978542 -0.005147141 -0.004048548 -0.800538242 0.005138462 0.999984503 -0.002151174 -5.887587547 0.004059557 0.002130324 0.999989510 356.819488525
0.999976754 -0.005533478 -0.003978240 -0.820107222 0.005521608 0.999980271 -0.002988455 -5.911080360 0.003994698 0.002966419 0.999987602 358.426879883
0.999972045 -0.006046933 -0.004403269 -0.818509042 0.006034676 0.999977887 -0.002791529 -5.945383072 0.004420052 0.002764879 0.999986410 360.046386719
0.999973178 -0.005834195 -0.004429560 -0.827671766 0.005818604 0.999976873 -0.003524558 -5.978632450 0.004450021 0.003498689 0.999983966 361.650543213
0.999963403 -0.007357356 -0.004372052 -0.840464652 0.007335614 0.999960780 -0.004968228 -6.010615349 0.004408434 0.004935975 0.999978125 363.233276367
0.999951243 -0.008813188 -0.004451301 -0.851009250 0.008799769 0.999956727 -0.003025293 -6.044125080 0.004477771 0.002985975 0.999985516 364.841033936
0.999931097 -0.010690429 -0.004846519 -0.856119871 0.010678624 0.999939978 -0.002455242 -6.070029736 0.004872475 0.002403319 0.999985218 366.449188232
0.999929428 -0.011094914 -0.004241006 -0.879036486 0.011080475 0.999932766 -0.003412956 -6.097395420 0.004278588 0.003365723 0.999985158 368.038085938
0.999945998 -0.009768318 -0.003539552 -0.901463449 0.009753576 0.999943793 -0.004158516 -6.126987934 0.003579974 0.004123768 0.999985099 369.647766113
0.999954522 -0.008828570 -0.003600830 -0.911899567 0.008818407 0.999957144 -0.002828689 -6.169756413 0.003625649 0.002796807 0.999989510 371.249420166
0.999965549 -0.007642988 -0.003230084 -0.929669738 0.007636484 0.999968827 -0.002021044 -6.201560497 0.003245429 0.001996308 0.999992728 372.848968506
0.999967873 -0.007409947 -0.003047450 -0.934500039 0.007402728 0.999969780 -0.002373118 -6.232361317 0.003064942 0.002350482 0.999992549 374.460754395
0.999973178 -0.006968872 -0.002258325 -0.959915102 0.006960908 0.999969602 -0.003515085 -6.256248951 0.002282753 0.003499270 0.999991298 376.054199219
0.999969602 -0.007398156 -0.002461251 -0.961601615 0.007390175 0.999967456 -0.003235837 -6.293255806 0.002485110 0.003217549 0.999991715 377.660583496
0.999970615 -0.007379626 -0.002083257 -0.970679402 0.007372825 0.999967515 -0.003253659 -6.328260422 0.002107200 0.003238204 0.999992549 379.281921387
0.999983847 -0.005407084 -0.001748984 -0.984077990 0.005401252 0.999979913 -0.003322120 -6.354305267 0.001766912 0.003312619 0.999992967 380.888519287
0.999992013 -0.003916959 -0.000799772 -1.002397299 0.003914938 0.999989152 -0.002513624 -6.385228634 0.000809609 0.002510473 0.999996543 382.488098145
0.999998331 -0.001515368 -0.000994780 -1.015341282 0.001511544 0.999991536 -0.003833763 -6.414299011 0.001000581 0.003832253 0.999992132 384.161285400
