1.000000000 0.000000000 0.000000000 0.000000000 0.000000000 1.000000000 0.000000000 0.000000000 0.000000000 0.000000000 1.000000000 0.000000000
0.999872744 0.001544921 0.015878366 0.009265546 -0.001530450 0.999998391 -0.000923523 -0.003207448 -0.015879767 0.000899104 0.999873519 0.127266169
0.999288976 0.004351707 0.037451982 0.024333017 -0.004340022 0.999990523 -0.000393276 -0.004343098 -0.037453339 0.000230454 0.999298334 0.273980796
0.997891486 0.005982865 0.064628355 0.053965464 -0.006059792 0.999981165 0.000994349 -0.004300230 -0.064621188 -0.001383887 0.997908890 0.437613934
0.995131075 0.005528516 0.098404996 0.102946632 -0.005879886 0.999977350 0.003281001 -0.004784831 -0.098384626 -0.003843636 0.995141029 0.607562661
0.990637302 0.002364689 0.136499807 0.165019095 -0.003111016 0.999981344 0.005254540 -0.004922803 -0.136484832 -0.005629996 0.990626156 0.795560956
0.984360099 -0.000512425 0.176167384 0.240049779 -0.000500680 0.999983609 0.005706312 -0.006053450 -0.176167414 -0.005705269 0.984343708 0.989561379
0.975579441 -0.000556182 0.219646245 0.322896540 -0.000940519 0.999977052 0.006709515 -0.002028977 -0.219644934 -0.006752247 0.975556493 1.192044497
0.963426471 -0.000334245 0.267972708 0.416722059 -0.002300016 0.999952078 0.009516363 0.001721405 -0.267963022 -0.009784657 0.963379502 1.408702612
0.949011505 -0.004452927 0.315209925 0.534410357 -0.000896196 0.999858081 0.016823055 -0.004130005 -0.315240115 -0.016247764 0.948872864 1.621139884
0.931954861 -0.013533360 0.362321675 0.675025046 0.004876484 0.999680638 0.024796685 -0.006551454 -0.362541527 -0.021342536 0.931723237 1.839024544
0.910551965 -0.018743012 0.412969530 0.826850116 0.007393020 0.999550164 0.029064739 -0.005867963 -0.413328528 -0.023411863 0.910280943 2.054319620
0.885131836 -0.020155640 0.464903623 0.999171436 0.005425640 0.999440610 0.033000302 0.000535566 -0.465308726 -0.026687216 0.884746075 2.288481236
0.856719017 -0.022599822 0.515288055 1.184943914 0.003746714 0.999285936 0.037598010 0.003360067 -0.515769780 -0.030280296 0.856191933 2.506187677
0.824384272 -0.026837431 0.565393984 1.374925733 0.003960069 0.999124348 0.041651156 0.007840099 -0.566016674 -0.032097559 0.823768675 2.705929279
0.788327575 -0.032151930 0.614415109 1.614945292 0.005707027 0.998972774 0.044953160 0.013195716 -0.615229309 -0.031931333 0.787701309 2.923439741
0.749959230 -0.035918560 0.660508156 1.849209070 0.005997190 0.998852849 0.047508430 0.018307857 -0.661456883 -0.031668190 0.749314308 3.130982399
0.709523737 -0.038732953 0.703616261 2.122878551 0.006648982 0.998811781 0.048278186 0.036275972 -0.704650223 -0.029576190 0.708938241 3.347557068
0.667489767 -0.040899515 0.743494868 2.413385630 0.005994738 0.998753190 0.049559314 0.044139467 -0.744594812 -0.028623281 0.666902781 3.555197954
0.624394059 -0.040951364 0.780035257 2.747312307 0.000931092 0.998663068 0.051683880 0.061620872 -0.781108916 -0.031544827 0.623597443 3.783542633
0.582773089 -0.041486185 0.811575294 3.080412626 -0.002289381 0.998608232 0.052690905 0.075379178 -0.812631726 -0.032564849 0.581866980 3.982435465
0.542115152 -0.042654190 0.839221001 3.460252762 -0.004176953 0.998561740 0.053451039 0.096410453 -0.840293884 -0.032482006 0.541157305 4.194069386
0.503593981 -0.044581275 0.862789392 3.867961407 -0.006073906 0.998460352 0.055136766 0.114778772 -0.863919079 -0.033007044 0.502547860 4.400065422
0.465826392 -0.044197764 0.883771658 4.301520348 -0.009033344 0.998462260 0.054694861 0.135607809 -0.884829998 -0.033461723 0.464710772 4.603832722
0.429357171 -0.043406870 0.902091086 4.769870758 -0.010072789 0.998552024 0.052842610 0.159124300 -0.903078675 -0.031774927 0.428298235 4.797831535
0.395790696 -0.041932672 0.917382956 5.257112980 -0.008940478 0.998733699 0.049508370 0.183292270 -0.918297291 -0.027796796 0.394914567 4.988771915
0.365904629 -0.039991468 0.929792762 5.775881767 -0.006888121 0.998932540 0.045675959 0.208452582 -0.930626929 -0.023117570 0.365238547 5.167232513
0.340784848 -0.038113553 0.939368427 6.331072330 -0.005635763 0.999077141 0.042580694 0.234558344 -0.940124393 -0.019804912 0.340255499 5.345726490
0.320554137 -0.037935540 0.946470261 6.900698662 -0.004431966 0.999126732 0.041547101 0.247868836 -0.947219849 -0.017512821 0.320106089 5.530352116
0.306112409 -0.038347188 0.951222777 7.502573013 -0.003438093 0.999137342 0.041385211 0.274240613 -0.951989233 -0.015938921 0.305716455 5.709238052
0.294682264 -0.039886560 0.954762518 8.140180588 -0.002402995 0.999094427 0.042480260 0.297325820 -0.955592275 -0.014812469 0.294319570 5.895473003
0.284340918 -0.041284658 0.957834005 8.801290512 -0.003616310 0.999019086 0.044133358 0.331327766 -0.958716512 -0.016012745 0.283912718 6.076819897
0.273337603 -0.043114066 0.960951567 9.474939346 -0.005231956 0.998913646 0.046305481 0.352073967 -0.961904049 -0.017684689 0.272815108 6.281042099
0.263305187 -0.044821605 0.963670909 10.177324295 -0.006081834 0.998823106 0.048118338 0.381453633 -0.964693546 -0.018530700 0.262722731 6.469137192
0.253578246 -0.047008596 0.966172040 10.904692650 -0.006914262 0.998704851 0.050406165 0.407369256 -0.967290282 -0.019462276 0.252924800 6.648158073
0.243104339 -0.048130214 0.968805432 11.646463394 -0.006848718 0.998658180 0.051331870 0.446455300 -0.969976068 -0.019114079 0.242448509 6.833453178
0.232649446 -0.049621385 0.971293986 12.429780960 -0.007537171 0.998575568 0.052820489 0.472113729 -0.972531497 -0.019609468 0.231944084 7.022501945
0.222307682 -0.052315850 0.973572016 13.213691711 -0.008793729 0.998411119 0.055658590 0.510255039 -0.974937022 -0.020934666 0.221494377 7.198969841
0.210664868 -0.055823013 0.975963116 13.994675636 -0.010147490 0.998189509 0.059284683 0.550847828 -0.977505624 -0.022392772 0.209716976 7.372084618
0.198480010 -0.058993116 0.978328049 14.791938782 -0.011103065 0.997987509 0.062431145 0.594528794 -0.980042160 -0.023253782 0.197425604 7.536298752
0.185513258 -0.061811846 0.980695724 15.584000587 -0.012296295 0.997795403 0.065215640 0.620819330 -0.982564807 -0.024157293 0.184344232 7.684170723
0.171413839 -0.062274478 0.983229101 16.393020630 -0.012562699 0.997780919 0.065386310 0.661140203 -0.985119164 -0.023560133 0.170251131 7.824282646
0.157127202 -0.060772806 0.985706806 17.208841324 -0.014193676 0.997862756 0.063784830 0.705979943 -0.987476468 -0.024013141 0.155928791 7.951152802
0.140617669 -0.060050901 0.988241196 18.024560928 -0.014591533 0.997924745 0.062715575 0.741457105 -0.989956498 -0.023238871 0.139449596 8.063463211
0.119758785 -0.058278318 0.991091073 18.852848053 -0.017045716 0.998007774 0.060744762 0.780282497 -0.992656708 -0.024168573 0.118526757 8.170423508
0.093392074 -0.057049323 0.993993640 19.683767319 -0.021847110 0.997999191 0.059331898 0.816623569 -0.995389700 -0.027257022 0.091958821 8.258382797
0.062997341 -0.056599829 0.996407509 20.534004211 -0.025622079 0.997969747 0.058308523 0.850337982 -0.997684836 -0.029203320 0.061419249 8.308530807
0.029615939 -0.056162190 0.997982323 21.359745026 -0.028885763 0.997955203 0.057017870 0.885281563 -0.999143839 -0.030516118 0.027933061 8.335317612
-0.004315853 -0.055816423 0.998431742 22.198938370 -0.031203579 0.997962356 0.055655301 0.911771894 -0.999503732 -0.030914443 -0.006048799 8.317438126
-0.038625121 -0.054444827 0.997769475 23.045913696 -0.032199971 0.998063803 0.053214382 0.944464505 -0.998734832 -0.030072734 -0.040303469 8.280481339
-0.070940733 -0.052664906 0.996089220 23.896770477 -0.034412928 0.998139977 0.050322462 0.970810473 -0.996886730 -0.030708434 -0.072621226 8.209932327
-0.104151130 -0.049840603 0.993311942 24.744300842 -0.036793169 0.998252988 0.046230678 0.995483518 -0.993880749 -0.031732116 -0.105803013 8.125497818
-0.135985851 -0.045282904 0.989675343 25.569675446 -0.034172427 0.998574853 0.040994655 1.015072465 -0.990121245 -0.028244918 -0.137339473 7.996595383
-0.167706847 -0.039274786 0.985054374 26.406200409 -0.028871382 0.998973191 0.034914356 1.033667803 -0.985414147 -0.022584505 -0.168668509 7.838859558
-0.197955608 -0.033002306 0.979655385 27.238607407 -0.021943716 0.999331772 0.029231071 1.045804739 -0.979965448 -0.015710827 -0.198547482 7.651977539
-0.227147222 -0.027203586 0.973480582 28.070400238 -0.016088959 0.999578178 0.024178760 1.052489281 -0.973727703 -0.010170151 -0.227489114 7.445066452
-0.254170895 -0.020955555 0.966932476 28.873840332 -0.007993408 0.999776602 0.019566191 1.054706335 -0.967126489 -0.002755933 -0.254281521 7.207290649
-0.280494213 -0.010739071 0.959795654 29.679004669 -0.002054164 0.999941826 0.010587947 1.046288610 -0.959853530 0.000998280 -0.280499935 6.952552795
-0.305790305 0.005010639 0.952085912 30.466318130 0.002401753 0.999987006 -0.004491341 1.035472989 -0.952096105 0.000913267 -0.305798292 6.687831879
-0.330505252 0.022335740 0.943539798 31.245500565 0.003530666 0.999742210 -0.022429449 1.014384985 -0.943797529 -0.004081728 -0.330498934 6.406364441
-0.355592847 0.036903538 0.933912158 32.028392792 0.003899104 0.999270082 -0.038001548 0.978016376 -0.934632838 -0.009871657 -0.355477095 6.101219177
-0.380185127 0.047294207 0.923700452 32.787708282 0.007396376 0.998815358 -0.048095878 0.934331417 -0.924880803 -0.011453304 -0.380084515 5.780670166
-0.403230786 0.051441941 0.913651288 33.542747498 0.010741843 0.998615980 -0.051484969 0.883139014 -0.915035307 -0.010946025 -0.403225303 5.431610107
-0.425949931 0.051353779 0.903288186 34.290454865 0.014635924 0.998648286 -0.049873557 0.830857038 -0.904628396 -0.008023180 -0.426125765 5.073085785
-0.446214318 0.047029708 0.893689632 35.024616241 0.017757585 0.998886883 -0.043699369 0.777236700 -0.894750059 -0.003629513 -0.446552753 4.695926666
-0.463877082 0.045648661 0.884722710 35.749126434 0.025419174 0.998946190 -0.038214441 0.726554871 -0.885534823 0.004762115 -0.464548588 4.296348572
-0.477301478 0.046060868 0.877531826 36.454833984 0.027767370 0.998917162 -0.037329238 0.679123640 -0.878301024 0.006549454 -0.478063583 3.902576447
-0.488310456 0.050289359 0.871219814 37.155258179 0.031833034 0.998700261 -0.039805789 0.630677938 -0.872089267 0.008295988 -0.489276648 3.497810364
-0.498205423 0.052809216 0.865449488 37.844055176 0.032624148 0.998578429 -0.042152230 0.584384084 -0.866445184 0.007234086 -0.499220014 3.095058441
-0.508795857 0.052173555 0.859304726 38.537307739 0.026926503 0.998637974 -0.044690080 0.531951308 -0.860465944 0.000399941 -0.509507775 2.687393188
-0.519984722 0.050725002 0.852668226 39.227256775 0.026324008 0.998712659 -0.043359917 0.484067559 -0.853769958 -0.000100842 -0.520650506 2.272632599
-0.528707147 0.051916499 0.847215354 39.899833679 0.028172474 0.998651087 -0.043615226 0.438372970 -0.848336875 0.000808474 -0.529456615 1.851566315
-0.535685182 0.055016112 0.842623770 40.583896637 0.031283643 0.998483300 -0.045304306 0.391832709 -0.843838215 0.002091501 -0.536593795 1.403842926
-0.539474130 0.057993997 0.840002537 41.279838562 0.032672036 0.998315692 -0.047941037 0.345588923 -0.841368020 0.001581643 -0.540460348 0.960960388
-0.539179802 0.060262028 0.840031922 41.984424591 0.032452550 0.998182595 -0.050777532 0.299537659 -0.841565192 -0.000117045 -0.540155530 0.511211395
-0.535652041 0.060464058 0.842271268 42.703571320 0.034403596 0.998167694 -0.049776018 0.248140574 -0.843737662 0.002314537 -0.536750793 0.047786713
-0.529738188 0.059324615 0.846084118 43.453041077 0.032800302 0.998237550 -0.049456663 0.191545248 -0.847526968 0.001552738 -0.530750394 -0.417850494
-0.523150444 0.057733331 0.850282907 44.211196899 0.029855186 0.998331904 -0.049416836 0.145346045 -0.851717532 -0.000467079 -0.524001479 -0.868930817
-0.515987635 0.057387702 0.854671597 44.961814880 0.028617965 0.998351216 -0.049757790 0.094177127 -0.856117904 -0.001215444 -0.516779304 -1.314086914
-0.509770036 0.055970263 0.858488202 45.757385254 0.025476541 0.998425961 -0.049965728 0.043239594 -0.859933496 -0.003599719 -0.510393500 -1.775012970
-0.505822301 0.053505182 0.860976815 46.569236755 0.020809129 0.998540998 -0.049828749 -0.012484908 -0.862386703 -0.007288315 -0.506197691 -2.234256744
-0.504191756 0.050619520 0.862106979 47.390945435 0.017047590 0.998669505 -0.048667882 -0.074321389 -0.863423467 -0.009841096 -0.504383802 -2.708087921
-0.504694223 0.048141234 0.861954927 48.227890015 0.013838387 0.998766840 -0.047679659 -0.128444791 -0.863187313 -0.012135577 -0.504737973 -3.184768677
-0.505624175 0.047072586 0.861468732 49.081180573 0.013210840 0.998815835 -0.046823665 -0.188125014 -0.862652719 -0.012294453 -0.505647302 -3.674968719
-0.506132960 0.046083048 0.861223340 49.938922882 0.012100767 0.998852611 -0.046335917 -0.244443893 -0.862370491 -0.013030674 -0.506109953 -4.175376892
-0.506423354 0.045704652 0.861073017 50.807762146 0.012126470 0.998873055 -0.045886956 -0.299974799 -0.862199843 -0.012796446 -0.506406903 -4.679328918
-0.506442904 0.044781718 0.861109734 51.682590485 0.012349313 0.998924732 -0.044685759 -0.357726216 -0.862184942 -0.011996674 -0.506451368 -5.189140320
-0.506695390 0.044605136 0.860970557 52.572429657 0.011905781 0.998927474 -0.044745658 -0.415655136 -0.862043023 -0.012421887 -0.506682992 -5.705947876
-0.506571293 0.042881798 0.861131132 53.465690613 0.010191261 0.998990476 -0.043751653 -0.477851987 -0.862137914 -0.013387318 -0.506496906 -6.231323242
-0.506641507 0.042308796 0.861118317 54.358337402 0.009541377 0.999009192 -0.043470014 -0.537415028 -0.862104237 -0.013807451 -0.506543159 -6.748794556
-0.506015301 0.041447092 0.861528158 55.250183105 0.008322412 0.999032915 -0.043174148 -0.600405335 -0.862484396 -0.014676786 -0.505870938 -7.267982483
-0.504711986 0.039962970 0.862362385 56.141616821 0.008014023 0.999101818 -0.041609310 -0.661294460 -0.863250673 -0.014089722 -0.504578948 -7.783035278
-0.502533197 0.037875541 0.863727927 57.027557373 0.008289409 0.999205053 -0.038993448 -0.722256064 -0.864518225 -0.012435704 -0.502447605 -8.297561646
-0.500262022 0.036492154 0.865104973 57.910804749 0.008447438 0.999269664 -0.037266664 -0.778795958 -0.865833104 -0.011335169 -0.500204921 -8.799888611
-0.497867227 0.036195364 0.866497815 58.807899475 0.008784696 0.999287903 -0.036694821 -0.835525811 -0.867208958 -0.010657222 -0.497830629 -9.308250427
-0.496026278 0.036343161 0.867546558 59.692001343 0.008550324 0.999279678 -0.036972996 -0.889493346 -0.868265390 -0.010921776 -0.495979786 -9.804565430
-0.494946480 0.036737420 0.868146896 60.582191467 0.008424701 0.999261737 -0.037482750 -0.947644830 -0.868883014 -0.011238066 -0.494890571 -10.309051514
-0.495721579 0.038330935 0.867635250 61.456386566 0.008730800 0.999195039 -0.039154742 -1.008001804 -0.868437648 -0.011834701 -0.495657206 -10.807922363
-0.498653889 0.040024374 0.865876615 62.325061798 0.007359569 0.999092877 -0.041943837 -1.064859748 -0.866769910 -0.014542978 -0.498496056 -11.299789429
-0.503492355 0.040803045 0.863035798 63.195171356 0.005947629 0.999024272 -0.043762553 -1.123049855 -0.863979340 -0.016901091 -0.503243804 -11.796348572
-0.508538961 0.039292920 0.860142171 64.074089050 0.007276204 0.999118626 -0.041339748 -1.183080077 -0.861008465 -0.014764297 -0.508376718 -12.322280884
-0.513946414 0.036923449 0.857027531 64.932983398 0.008691850 0.999246061 -0.037838310 -1.244058967 -0.857778549 -0.011997703 -0.513879895 -12.837532043
-0.520346045 0.034078296 0.853275537 65.788505554 0.005329015 0.999313533 -0.036661051 -1.303879023 -0.853939116 -0.014529309 -0.520170450 -13.331802368
-0.524060488 0.037809588 0.850841463 66.647064209 0.007933980 0.999187469 -0.039514981 -1.356989622 -0.851644158 -0.013957677 -0.523934603 -13.874763489
-0.529429078 0.039651770 0.847427189 67.480369568 0.008265744 0.999100804 -0.041584685 -1.408403158 -0.848314106 -0.015011519 -0.529280663 -14.389923096
-0.533891201 0.040482830 0.844583571 68.309318542 0.007300618 0.999036670 -0.043271147 -1.469947100 -0.845521748 -0.016936101 -0.533672452 -14.907379150
-0.537901521 0.040356304 0.842041373 69.137908936 0.005948804 0.999010324 -0.044079185 -1.532677531 -0.842986941 -0.018701114 -0.537609220 -15.424331665
-0.541377544 0.039833531 0.839835703 69.963302612 0.006965312 0.999055266 -0.042895347 -1.588574529 -0.840750992 -0.017372852 -0.541143537 -15.948410034
-0.543445706 0.032680027 0.838807940 70.794349670 0.007676037 0.999393582 -0.033963315 -1.643977880 -0.839409232 -0.012018498 -0.543367028 -16.487243652
-0.545873046 0.023915065 0.837526679 71.614440918 0.007181739 0.999689400 -0.023864698 -1.695590258 -0.837837279 -0.007012194 -0.545875192 -17.015121460
-0.547938347 0.023038302 0.836201727 72.431549072 0.008709039 0.999723613 -0.021836746 -1.737517715 -0.836473703 -0.004682672 -0.547987580 -17.538665771
-0.548912168 0.027089691 0.835440934 73.231414795 0.008709089 0.999605775 -0.026690681 -1.786824465 -0.835834622 -0.007374912 -0.548931718 -18.061553955
-0.549365640 0.033486906 0.834910870 74.027610779 0.010509842 0.999394536 -0.033168674 -1.831536651 -0.835516036 -0.009446946 -0.549384952 -18.601348877
-0.550042868 0.037081052 0.834312856 74.823883057 0.015792403 0.999296963 -0.034002215 -1.877545357 -0.834987164 -0.005526870 -0.550241828 -19.127975464
-0.548929572 0.038885470 0.834963679 75.628585815 0.019616291 0.999241471 -0.033639804 -1.923890233 -0.835638463 -0.002086993 -0.549275994 -19.688880920
-0.549028516 0.035371047 0.835054934 76.431137085 0.017051404 0.999370217 -0.031120189 -1.958992481 -0.835629761 -0.002847012 -0.549285889 -20.200157166
-0.548144817 0.030476971 0.835827887 77.228515625 0.015246136 0.999533951 -0.026447637 -1.998586893 -0.836244404 -0.001753991 -0.548354030 -20.728675842
-0.548271894 0.023457482 0.835971057 78.017791748 0.011910655 0.999724209 -0.020240815 -2.038007259 -0.836215317 -0.001140508 -0.548400044 -21.214469910
-0.548332810 0.017670155 0.836073697 78.816680908 0.003498462 0.999816477 -0.018836368 -2.076901197 -0.836253107 -0.007403624 -0.548293948 -21.706130981
-0.546284199 0.012755840 0.837502778 79.612808228 -0.003507795 0.999840438 -0.017516429 -2.107718468 -0.837592542 -0.012506736 -0.546152234 -22.218788147
-0.544557571 0.013529942 0.838614523 80.400367737 -0.000990715 0.999858797 -0.016774731 -2.136032581 -0.838723063 -0.009965631 -0.544467330 -22.717102051
-0.542001605 0.016594183 0.840213597 81.183158875 0.004149961 0.999845684 -0.017069871 -2.188203096 -0.840367198 -0.005765043 -0.541986823 -23.210487366
-0.536116362 0.020719970 0.843889952 81.961120605 0.006720873 0.999771774 -0.020277614 -2.205910921 -0.844117582 -0.005199481 -0.536133289 -23.714714050
-0.528234363 0.023130758 0.848783612 82.748687744 0.011678531 0.999732256 -0.019976310 -2.236429691 -0.849018395 -0.000639627 -0.528363109 -24.210647583
-0.520168304 0.026739705 0.853645205 83.551528931 0.019804701 0.999618649 -0.019244216 -2.279450417 -0.853834271 0.006895958 -0.520499587 -24.706405640
-0.510958314 0.025703192 0.859221160 84.351654053 0.016525134 0.999661863 -0.020077307 -2.305130482 -0.859446645 0.003940077 -0.511210322 -25.170761108
-0.499915361 0.022975644 0.865769804 85.160697937 0.014422930 0.999730289 -0.018202540 -2.340995312 -0.865954459 0.003387210 -0.500111938 -25.624679565
-0.488222957 0.019559603 0.872499824 85.991653442 0.014718126 0.999791145 -0.014177417 -2.377341509 -0.872594893 0.005919822 -0.488408923 -26.088012695
-0.477523565 0.018641081 0.878421187 86.809860229 0.014297924 0.999807417 -0.013444456 -2.410296679 -0.878502607 0.006139555 -0.477698088 -26.522941589
-0.466147423 0.017866287 0.884526789 87.633712769 0.014208019 0.999818325 -0.012707375 -2.433022499 -0.884593129 0.006643864 -0.466316581 -26.942321777
-0.453272223 0.019075325 0.891167998 88.456108093 0.015470530 0.999788761 -0.013531604 -2.460060358 -0.891237855 0.007653341 -0.453471541 -27.368888855
-0.440933704 0.022726001 0.897252142 89.292289734 0.015281716 0.999724567 -0.017811630 -2.501389980 -0.897409797 0.005857807 -0.441159606 -27.786460876
-0.429774404 0.031951528 0.902370989 90.117065430 0.017925011 0.999478698 -0.026852775 -2.533414364 -0.902758539 0.004634378 -0.430123091 -28.172172546
-0.415922880 0.036935847 0.908649564 90.949119568 0.017485192 0.999314964 -0.032617696 -2.565515041 -0.909231901 0.002321470 -0.416283727 -28.562522888
-0.405542016 0.032320749 0.913504779 91.812057495 0.014532006 0.999476373 -0.028911162 -2.612769604 -0.913960814 0.001550365 -0.405799389 -28.935844421
-0.393668413 0.028587231 0.918807924 92.627319336 0.012143949 0.999590814 -0.025897520 -2.649077415 -0.919172347 0.000962924 -0.393854499 -29.277290344
-0.384043455 0.029149842 0.922854960 93.466323853 0.009179530 0.999572635 -0.027753061 -2.693421364 -0.923269570 -0.002187006 -0.384146929 -29.615295410
-0.377021670 0.033531163 0.925597429 94.316070557 0.005171098 0.999405086 -0.034098629 -2.741656303 -0.926190138 -0.008069562 -0.376970768 -29.950141907
-0.372210979 0.038163446 0.927363455 95.147338867 -0.002455751 0.999110341 -0.042101674 -2.781766415 -0.928145111 -0.017948069 -0.371786118 -30.269126892
-0.368968248 0.040169232 0.928573728 95.983444214 -0.005029280 0.998964727 -0.045212667 -2.830792189 -0.929428518 -0.021352088 -0.368384242 -30.585723877
-0.364861846 0.040071670 0.930199027 96.828819275 -0.005178057 0.998970628 -0.045065302 -2.889728785 -0.931047380 -0.021259230 -0.364278793 -30.913276672
-0.360219955 0.040348161 0.931994379 97.669639587 -0.006488542 0.998931646 -0.045753878 -2.942385435 -0.932844758 -0.022528749 -0.359573364 -31.230140686
-0.354049206 0.036126725 0.934528708 98.518051147 -0.009395713 0.999065816 -0.042181175 -2.993937492 -0.935179532 -0.023714779 -0.353379011 -31.549728394
-0.349020362 0.032210644 0.936561406 99.365394592 -0.008906597 0.999249935 -0.037685804 -3.052269936 -0.937072814 -0.021494688 -0.348471761 -31.857910156
-0.343360782 0.029257184 0.938748002 100.206443787 -0.011224487 0.999315500 -0.035250366 -3.099536657 -0.939136684 -0.022640551 -0.342797399 -32.155776978
-0.337327361 0.027005369 0.940999985 101.063400269 -0.018765332 0.999196947 -0.035402488 -3.154968262 -0.941200316 -0.029600406 -0.336549759 -32.447647095
-0.331454754 0.027379069 0.943073750 101.906044006 -0.026757494 0.998903990 -0.038404167 -3.195874214 -0.943091571 -0.037963532 -0.330358982 -32.723777771
-0.324554801 0.031456258 0.945343852 102.750617981 -0.024918232 0.998815596 -0.041790437 -3.246256351 -0.945538759 -0.037119571 -0.323386550 -33.009674072
-0.317636132 0.034766667 0.947575271 103.596076965 -0.023628624 0.998727083 -0.044563968 -3.295011282 -0.947918415 -0.036545012 -0.316410303 -33.288040161
-0.311036706 0.032873593 0.949829400 104.454727173 -0.025530536 0.998751938 -0.042927183 -3.343760014 -0.950055122 -0.037601568 -0.309809208 -33.562751770
-0.304220080 0.028337557 0.952180207 105.308845520 -0.025290927 0.998964846 -0.037810311 -3.393008709 -0.952265978 -0.035584174 -0.303188443 -33.829757690
-0.297221780 0.025439123 0.954469562 106.168464661 -0.025947802 0.999060631 -0.034707736 -3.445997715 -0.954455853 -0.035082284 -0.296282411 -34.089477539
-0.290374160 0.029030954 0.956472754 107.031265259 -0.027746400 0.998863995 -0.038741108 -3.488134623 -0.956510901 -0.037788089 -0.289238811 -34.351051331
-0.284152389 0.031981017 0.958245754 107.886863708 -0.027479412 0.998761296 -0.041481782 -3.536044598 -0.958385408 -0.038119171 -0.282921553 -34.597381592
-0.277362823 0.032248121 0.960224092 108.741653442 -0.029287346 0.998688281 -0.041999616 -3.586962223 -0.960318923 -0.039771535 -0.276054502 -34.833023071
-0.270550370 0.031816732 0.962179959 109.604003906 -0.029655794 0.998703957 -0.041363243 -3.636825085 -0.962248981 -0.039725047 -0.269256234 -35.066467285
-0.262489319 0.031646039 0.964416087 110.463531494 -0.025920967 0.998870134 -0.039831627 -3.686259985 -0.964586914 -0.035453957 -0.261372328 -35.296966553
-0.254895806 0.032702941 0.966415465 111.318626404 -0.022807119 0.998946548 -0.039819241 -3.738621235 -0.966699600 -0.032190904 -0.253881454 -35.523475647
-0.248047113 0.033490166 0.968169093 112.180580139 -0.021557666 0.998963952 -0.040078521 -3.787693739 -0.968508303 -0.030812815 -0.247068048 -35.741493225
-0.241427302 0.032038309 0.969889939 113.052406311 -0.028046248 0.998807013 -0.039974865 -3.838838577 -0.970013559 -0.036852796 -0.240240693 -35.940269470
-0.235190868 0.030092254 0.971483409 113.911163330 -0.032212425 0.998730183 -0.038734689 -3.890368938 -0.971415401 -0.040403873 -0.233922958 -36.142837524
-0.231273055 0.030652355 0.972406089 114.776100159 -0.029570490 0.998820305 -0.038517911 -3.925092936 -0.972439587 -0.037662666 -0.230093837 -36.334899902
-0.226452470 0.030370401 0.973548651 115.643585205 -0.027712887 0.998908222 -0.037607670 -3.988022804 -0.973627925 -0.035496190 -0.225363612 -36.533599854
-0.221908927 0.031944931 0.974544108 116.514656067 -0.026995786 0.998878777 -0.038889691 -4.031819820 -0.974693775 -0.034938544 -0.220797777 -36.722610474
-0.215985060 0.030872384 0.975908577 117.373573303 -0.021236887 0.999115050 -0.036306590 -4.075647831 -0.976165771 -0.028566934 -0.215138197 -36.911941528
-0.210727811 0.029700596 0.977093637 118.242225647 -0.014459883 0.999334276 -0.033495177 -4.118328094 -0.977437973 -0.021187019 -0.210158110 -37.102943420
-0.205697060 0.029396463 0.978174269 119.125595093 -0.012706500 0.999384224 -0.032705884 -4.160592079 -0.978533387 -0.019156668 -0.205196857 -37.286972046
-0.201825976 0.030638942 0.978942096 119.985427856 -0.014807994 0.999300897 -0.034329057 -4.204507828 -0.979309499 -0.021424660 -0.201231241 -37.459060669
-0.198377132 0.032659184 0.979581475 120.854835510 -0.016499599 0.999191761 -0.036654361 -4.244479179 -0.979986846 -0.023434088 -0.197677851 -37.625915527
-0.196227431 0.031905815 0.980039358 121.712776184 -0.018482236 0.999172568 -0.036229298 -4.292808056 -0.980384350 -0.025222491 -0.195475340 -37.793952942
-0.194996595 0.030993648 0.980314255 122.593872070 -0.019362170 0.999184191 -0.035441618 -4.336275101 -0.980612934 -0.025891999 -0.194237471 -37.967201233
-0.194549322 0.026192851 0.980542958 123.475585938 -0.017798990 0.999384582 -0.030227652 -4.381561279 -0.980731249 -0.023333443 -0.193963408 -38.133026123
-0.193935156 0.021178197 0.980785847 124.348731995 -0.019340651 0.999490082 -0.025406396 -4.423007011 -0.980823815 -0.023896227 -0.193426728 -38.294967651
-0.192333341 0.019104330 0.981143832 125.209655762 -0.018204702 0.999568999 -0.023031758 -4.465715408 -0.981160939 -0.022291200 -0.191902637 -38.469871521
-0.191125154 0.023888772 0.981274903 126.074539185 -0.018915161 0.999428511 -0.028014865 -4.498661518 -0.981383383 -0.023915321 -0.190564156 -38.636741638
-0.191022754 0.028004540 0.981186211 126.925354004 -0.018590795 0.999310434 -0.032141194 -4.534232140 -0.981409729 -0.024380725 -0.190370440 -38.798072815
-0.191651344 0.027073452 0.981089592 127.780349731 -0.022128699 0.999246180 -0.031897228 -4.573116779 -0.981213570 -0.027823383 -0.190907717 -38.947341919
-0.191145301 0.026338225 0.981208444 128.627151489 -0.023639787 0.999226451 -0.031427052 -4.616984844 -0.981277168 -0.029202687 -0.190374851 -39.104873657
-0.190030813 0.026630219 0.981416821 129.468063354 -0.018301642 0.999362290 -0.030660888 -4.669547081 -0.981607497 -0.023788055 -0.189422250 -39.273880005
-0.189191341 0.028939102 0.981513739 130.307510376 -0.020344893 0.999235511 -0.033383187 -4.709618568 -0.981729448 -0.026284602 -0.188457966 -39.434211731
-0.190086842 0.030392388 0.981296897 131.139785767 -0.028177684 0.998940051 -0.036397118 -4.749917507 -0.981362998 -0.034569275 -0.189028978 -39.573226929
-0.188887358 0.031387597 0.981497049 131.988281250 -0.034837112 0.998645723 -0.038640343 -4.796659470 -0.981380641 -0.041491196 -0.187538147 -39.727661133
-0.188454747 0.035043523 0.981456637 132.816436768 -0.031578243 0.998630166 -0.041720219 -4.843309879 -0.981574237 -0.038855039 -0.187089920 -39.882949829
-0.188174844 0.036195077 0.981468379 133.648452759 -0.030229829 0.998633742 -0.042624012 -4.891646862 -0.981670201 -0.037690386 -0.186823606 -40.039741516
-0.186351180 0.037247952 0.981777012 134.469970703 -0.031332560 0.998547494 -0.043831449 -4.938948631 -0.981983602 -0.038929623 -0.184913397 -40.190032959
-0.184151411 0.036885664 0.982205570 135.290252686 -0.022125851 0.998886824 -0.041660435 -4.987126827 -0.982648849 -0.029403960 -0.183130264 -40.351791382
-0.180547118 0.033600688 0.982992291 136.102722168 -0.016697131 0.999167562 -0.037220374 -5.036593914 -0.983424664 -0.023133181 -0.179835796 -40.510780334
-0.178573728 0.028523745 0.983513057 136.920394897 -0.012984189 0.999424338 -0.031342708 -5.084070206 -0.983840942 -0.018367101 -0.178100586 -40.662078857
-0.174864411 0.028241562 0.984187424 137.731369019 -0.011116483 0.999468207 -0.030655159 -5.126505375 -0.984529793 -0.016301198 -0.174457550 -40.805114746
-0.169868946 0.033282675 0.984904587 138.529708862 -0.009854829 0.999322176 -0.035469573 -5.171870232 -0.985417545 -0.015731240 -0.169425726 -40.941680908
-0.163408637 0.036182944 0.985894859 139.328704834 -0.009109417 0.999229252 -0.038182180 -5.214880466 -0.986516535 -0.015220219 -0.162953138 -41.068832397
-0.155258536 0.037009869 0.987180531 140.129165649 -0.009347408 0.999198198 -0.038930532 -5.251656532 -0.987829864 -0.015271868 -0.154788136 -41.187667847
-0.145775676 0.032621942 0.988779724 140.927429199 -0.007355686 0.999392867 -0.034056541 -5.294203758 -0.989290357 -0.012237769 -0.145447254 -41.302291870
-0.133784413 0.031395592 0.990512967 141.721328735 -0.004030818 0.999472558 -0.032224003 -5.336416245 -0.991002202 -0.008303647 -0.133587360 -41.409805298
-0.119841218 0.033938006 0.992212832 142.511291504 0.000153539 0.999416173 -0.034165848 -5.375026703 -0.992793083 -0.003942133 -0.119776487 -41.507865906
-0.105733752 0.034986235 0.993778884 143.298553467 -0.000547834 0.999378681 -0.035241667 -5.414118767 -0.994394362 -0.004270657 -0.105648875 -41.587455750
-0.091777802 0.035056029 0.995162427 144.093856812 0.001601400 0.999384046 -0.035057057 -5.456070900 -0.995778382 -0.001623802 -0.091777444 -41.655593872
-0.078234911 0.036502089 0.996266603 144.877960205 0.002543481 0.999333501 -0.036414728 -5.500395298 -0.996931851 -0.000314911 -0.078275561 -41.712944031
-0.064686179 0.042782504 0.996988237 145.646392822 -0.000635836 0.999078572 -0.042913463 -5.549169540 -0.997905493 -0.003409826 -0.064599395 -41.752983093
-0.051968932 0.051931702 0.997297585 146.408309937 -0.007999923 0.998593271 -0.052416053 -5.595148087 -0.998616755 -0.010702310 -0.051480412 -41.775619507
-0.038186193 0.059963204 0.997469902 147.179519653 -0.012415257 0.998092413 -0.060475923 -5.643121243 -0.999193490 -0.014693193 -0.037368894 -41.793823242
-0.025236130 0.060453564 0.997851968 147.945953369 -0.012946422 0.998066366 -0.060793974 -5.695286751 -0.999597669 -0.014452815 -0.024404645 -41.803672791
-0.013118148 0.056768887 0.998301148 148.719955444 -0.016572105 0.998237610 -0.056983039 -5.750092030 -0.999776602 -0.017291466 -0.012154222 -41.805831909
-0.002301693 0.054316506 0.998521209 149.483001709 -0.020684816 0.998307526 -0.054352570 -5.809226036 -0.999783456 -0.020779330 -0.001174331 -41.794685364
0.006218553 0.060867075 0.998126626 150.239257812 -0.024352036 0.997859001 -0.060699042 -5.868235111 -0.999684215 -0.023928951 0.007687449 -41.775962830
0.013182044 0.068799339 0.997543573 150.983642578 -0.027484434 0.997278094 -0.068417847 -5.923027515 -0.999535501 -0.026515016 0.015037060 -41.758918762
0.016263008 0.071459569 0.997310936 151.736419678 -0.030126067 0.997025013 -0.070947826 -5.979563236 -0.999413788 -0.028891230 0.018367410 -41.737800598
0.016049206 0.067005858 0.997623563 152.492950439 -0.032507636 0.997259498 -0.066458449 -6.039083004 -0.999342680 -0.031363774 0.018183410 -41.716392517
0.014442742 0.062500983 0.997940540 153.247222900 -0.034422964 0.997483969 -0.061974205 -6.106429100 -0.999303102 -0.033456981 0.016557872 -41.700172424
0.011302888 0.059633203 0.998156369 154.002716064 -0.033339281 0.997687638 -0.059227675 -6.161630154 -0.999380171 -0.032608375 0.013264894 -41.687828064
0.008590221 0.059976317 0.998162866 154.748168945 -0.031520940 0.997719884 -0.059678428 -6.213932991 -0.999466181 -0.030950377 0.010461152 -41.681999207
0.004273951 0.059867870 0.998197258 155.492599487 -0.030347526 0.997754276 -0.059711367 -6.272080898 -0.999530315 -0.030037604 0.006081223 -41.670730591
0.000573993 0.059105668 0.998251677 156.245407104 -0.029890597 0.997806728 -0.059062138 -6.322837830 -0.999553144 -0.029804431 0.002339423 -41.676261902
-0.004352689 0.059193674 0.998237193 156.985595703 -0.030607335 0.997770905 -0.059299491 -6.374016285 -0.999522150 -0.030811483 -0.002531290 -41.678619385
-0.010321259 0.057485957 0.998293042 157.727645874 -0.031927478 0.997818172 -0.057788707 -6.425948143 -0.999436975 -0.032469422 -0.008463383 -41.681015015
-0.015652657 0.054745555 0.998377621 158.479888916 -0.028804146 0.998060882 -0.055179778 -6.487800121 -0.999462485 -0.029621121 -0.014045358 -41.705284119
-0.021315813 0.054598421 0.998280942 159.208984375 -0.029700806 0.998032451 -0.055219017 -6.538596630 -0.999331594 -0.030826775 -0.019652247 -41.714302063
-0.026862621 0.056134731 0.998061895 159.930908203 -0.031585217 0.997875869 -0.056974377 -6.587424755 -0.999140143 -0.033054467 -0.025032520 -41.723670959
-0.030480981 0.058254682 0.997836351 160.662872314 -0.031767234 0.997739375 -0.059219416 -6.646007538 -0.999030411 -0.033503558 -0.028561473 -41.746925354
-0.032926321 0.060349781 0.997634172 161.386505127 -0.029768214 0.997673273 -0.061334629 -6.703347683 -0.999014497 -0.031717297 -0.031053185 -41.769248962
-0.034193039 0.061824039 0.997501373 162.099960327 -0.026934605 0.997665286 -0.062757485 -6.754016399 -0.999052405 -0.029013155 -0.032447934 -41.796485901
-0.033674955 0.060451247 0.997602940 162.814727783 -0.024447519 0.997820556 -0.061289683 -6.805388451 -0.999133825 -0.026452841 -0.032123685 -41.819030762
-0.029245734 0.057003461 0.997945547 163.533523560 -0.021753866 0.998099804 -0.057649791 -6.861166954 -0.999335527 -0.023395181 -0.027950168 -41.847312927
-0.022087455 0.056049313 0.998183668 164.237274170 -0.020301253 0.998196244 -0.056499239 -6.922553539 -0.999549925 -0.021512304 -0.020909786 -41.854408264
-0.010665417 0.057023373 0.998315990 164.931030273 -0.018152302 0.998197079 -0.057210516 -6.971777916 -0.999778450 -0.018731903 -0.009611130 -41.859817505
0.003711164 0.057058584 0.998364091 165.619171143 -0.015214526 0.998258471 -0.056995999 -7.023032665 -0.999877512 -0.014978106 0.004572809 -41.851737976
0.018752277 0.054394379 0.998343468 166.303619385 -0.015667191 0.998412371 -0.054103855 -7.071545601 -0.999701440 -0.014626663 0.019574702 -41.822502136
0.035118163 0.049870152 0.998138070 166.976974487 -0.020305173 0.998583615 -0.049178001 -7.117964745 -0.999176860 -0.018540328 0.036081076 -41.791793823
0.051490724 0.042994823 0.997747600 167.656768799 -0.021422971 0.998890519 -0.041938499 -7.161674976 -0.998443723 -0.019215267 0.052354693 -41.744682312
0.068482220 0.035696112 0.997013628 168.333404541 -0.021720396 0.999176145 -0.034281623 -7.200239182 -0.997415960 -0.019307844 0.069201171 -41.685028076
0.086129248 0.028909884 0.995864451 169.008895874 -0.022788092 0.999374568 -0.027040910 -7.231883049 -0.996023357 -0.020364836 0.086734176 -41.620422363
0.102870762 0.022936150 0.994430304 169.670822144 -0.024306791 0.999493539 -0.020538470 -7.264244556 -0.994397700 -0.022058601 0.103376150 -41.535469055
0.120999813 0.020346025 0.992444098 170.325210571 -0.025488354 0.999523938 -0.017383603 -7.295100212 -0.992325306 -0.023192352 0.121460795 -41.441917419
0.138813555 0.019512657 0.990126312 170.957763672 -0.024751892 0.999561906 -0.016228447 -7.314906120 -0.990009189 -0.022254771 0.139235675 -41.347404480
0.156179368 0.019026946 0.987545431 171.596038818 -0.025651928 0.999555349 -0.015201513 -7.333279610 -0.987395525 -0.022958282 0.156598032 -41.233673096
0.171610415 0.017775610 0.985004485 172.227096558 -0.030466884 0.999454737 -0.012728351 -7.353134155 -0.984693646 -0.027825702 0.172058403 -41.098075867
0.186742485 0.014487338 0.982302129 172.842361450 -0.032745499 0.999427438 -0.008514761 -7.371622086 -0.981863022 -0.030575903 0.187109947 -40.973876953
0.198419869 0.010651853 0.980059326 173.466247559 -0.029261002 0.999559581 -0.004939698 -7.387969494 -0.979680300 -0.027697381 0.198644161 -40.839431763
0.209407628 0.009508614 0.977782190 174.083267212 -0.027412012 0.999616802 -0.003850230 -7.402884483 -0.977444112 -0.025996709 0.209588051 -40.705657959
0.219665229 0.013320197 0.975484431 174.686706543 -0.031886149 0.999470592 -0.006467419 -7.421189308 -0.975054145 -0.029683774 0.219973624 -40.558532715
0.228411019 0.020293897 0.973353267 175.280395508 -0.036277317 0.999265790 -0.012321177 -7.442233562 -0.972888649 -0.032496352 0.228979528 -40.398025513
0.237401366 0.030033447 0.970947385 175.861450195 -0.036444824 0.999093652 -0.021993130 -7.462194443 -0.970727861 -0.030164801 0.238280773 -40.253807068
0.245696843 0.035938017 0.968680382 176.456680298 -0.031155793 0.999089003 -0.029163795 -7.476734161 -0.968846023 -0.023014547 0.246592700 -40.104042053
0.251931846 0.033774454 0.967155576 177.056823730 -0.029925268 0.999184787 -0.027097806 -7.495558739 -0.967282355 -0.022115581 0.252737164 -39.940483093
0.257986009 0.026476488 0.965785921 177.662902832 -0.033377763 0.999271989 -0.018478438 -7.515582085 -0.965572000 -0.027468588 0.258681953 -39.769989014
0.262215078 0.015911059 0.964878321 178.268585205 -0.036775768 0.999302506 -0.006484549 -7.536108017 -0.964308500 -0.033783793 0.262617290 -39.590499878
0.264307916 0.007888326 0.964406133 178.875411987 -0.037378624 0.999299049 0.002070362 -7.556281090 -0.963713765 -0.036595386 0.264417470 -39.418785095
0.265267968 0.006895299 0.964150131 179.480010986 -0.034478866 0.999402702 0.002338808 -7.574628830 -0.963558078 -0.033863209 0.265347302 -39.252510071
0.266585112 0.009339741 0.963766158 180.073974609 -0.030612666 0.999530554 -0.001218631 -7.576573372 -0.963325143 -0.029178580 0.266745865 -39.093978882
0.268468320 0.008927405 0.963247180 180.682403564 -0.027316734 0.999625444 -0.001651065 -7.580875397 -0.962901115 -0.025869507 0.268611610 -38.928001404
0.270078182 0.006657676 0.962815464 181.289123535 -0.029295333 0.999569952 0.001305775 -7.585732460 -0.962392747 -0.028558657 0.270157039 -38.752265930
0.273039043 0.003083528 0.961998105 181.907989502 -0.029221613 0.999559999 0.005089899 -7.592858315 -0.961559117 -0.029500876 0.273009002 -38.572128296
0.275895238 -0.002201540 0.961185336 182.522567749 -0.028605372 0.999535620 0.010500167 -7.603903770 -0.960762084 -0.030392008 0.275704145 -38.392288208
0.280490220 -0.004891481 0.959844530 183.142700195 -0.027212154 0.999544561 0.013045862 -7.603595257 -0.959471166 -0.029778672 0.280229330 -38.210815430
0.286390424 -0.007404464 0.958084464 183.749435425 -0.025488256 0.999557376 0.015343932 -7.604394913 -0.957773983 -0.028814254 0.286074936 -38.018859863
0.294426799 -0.010682725 0.955614388 184.370178223 -0.023714706 0.999547958 0.018480407 -7.607942104 -0.955379844 -0.028103240 0.294040322 -37.825195312
0.304396212 -0.012054681 0.952469230 185.007369995 -0.021489425 0.999578536 0.019518632 -7.605710030 -0.952303112 -0.026409412 0.304008842 -37.625572205
0.315280437 -0.009878410 0.948947191 185.622406006 -0.023111651 0.999569297 0.018084051 -7.605712414 -0.948717117 -0.027633281 0.314916372 -37.407669067
0.326965570 -0.006266423 0.945015490 186.240692139 -0.024327807 0.999590814 0.015045482 -7.606769562 -0.944723070 -0.027909510 0.326679289 -37.183120728
0.339009702 -0.003465229 0.940776527 186.863739014 -0.025064692 0.999605000 0.012714003 -7.607020378 -0.940448999 -0.027890446 0.338788927 -36.950531006
0.350447595 -0.003127256 0.936577141 187.479217529 -0.023473661 0.999650955 0.012121215 -7.603289127 -0.936288178 -0.026232745 0.350251853 -36.719779968
0.362246692 -0.006285135 0.932061076 188.105743408 -0.022644773 0.999622762 0.015541640 -7.602328300 -0.931807160 -0.026736220 0.361967683 -36.474052429
