1.000000000 0.000000000 0.000000000 0.000000000 0.000000000 1.000000000 0.000000000 0.000000000 0.000000000 0.000000000 1.000000000 0.000000000
0.999991536 -0.002356234 -0.003378423 -0.003953446 0.002348625 0.999994695 -0.002254468 -0.003411196 0.003383717 0.002246514 0.999991775 0.666560113
0.999972045 -0.001046219 -0.007400061 -0.015639264 0.001020053 0.999993205 -0.003538847 -0.010875732 0.007403713 0.003531199 0.999966383 1.356111646
0.999938071 -0.001487998 -0.011029225 -0.029090893 0.001435436 0.999987602 -0.004772117 -0.015724937 0.011036189 0.004755990 0.999927759 2.063211203
0.999872983 0.000079477 -0.015937863 -0.046954069 -0.000167964 0.999984562 -0.005550707 -0.017522691 0.015937176 0.005552679 0.999857605 2.787130833
0.999797165 -0.000609908 -0.020132080 -0.068497121 0.000494658 0.999983490 -0.005729203 -0.027510041 0.020135242 0.005718083 0.999780893 3.525102854
0.999701917 0.000792474 -0.024401465 -0.093591429 -0.000962759 0.999975264 -0.006967530 -0.035340406 0.024395339 0.006988946 0.999677956 4.267649651
0.999565661 0.003341930 -0.029279551 -0.125308260 -0.003569981 0.999963701 -0.007739956 -0.040082246 0.029252620 0.007841122 0.999541283 5.034679890
0.999429822 0.003662006 -0.033564895 -0.157523558 -0.003862607 0.999975026 -0.005913621 -0.051141758 0.033542402 0.006039897 0.999419034 5.814752102
0.999272645 0.003017261 -0.038014021 -0.191663906 -0.003142680 0.999989808 -0.003239948 -0.057340626 0.038003858 0.003357057 0.999271929 6.613348961
0.999152064 0.002565528 -0.041091759 -0.235471293 -0.002575779 0.999996662 -0.000196506 -0.070563003 0.041091114 0.000302183 0.999155343 7.420858383
0.999024928 0.004040409 -0.043965057 -0.272451669 -0.004102059 0.999990702 -0.001312124 -0.077919282 0.043959346 0.001491192 0.999032199 8.228325844
0.998935997 0.003632196 -0.045975089 -0.319714427 -0.003702911 0.999992073 -0.001453061 -0.084103033 0.045969445 0.001621756 0.998941541 9.044667244
0.998851478 0.001159961 -0.047899254 -0.359586477 -0.001267192 0.999996781 -0.002208376 -0.088547498 0.047896538 0.002266538 0.998849750 9.875741959
0.998750865 0.000653792 -0.049963005 -0.397077858 -0.000717527 0.999998927 -0.001257728 -0.098879449 0.049962129 0.001292006 0.998750269 10.708590508
0.998672605 -0.000798625 -0.051501587 -0.443080693 0.000711787 0.999998271 -0.001704440 -0.105260514 0.051502861 0.001665519 0.998671472 11.556270599
0.998582721 0.001604098 -0.053197559 -0.498426259 -0.001808452 0.999991179 -0.003793512 -0.117110342 0.053191002 0.003884341 0.998576820 12.413344383
0.998513520 0.002290495 -0.054456264 -0.551556766 -0.002640800 0.999976277 -0.006361697 -0.130993679 0.054440398 0.006496049 0.998495877 13.270833969
0.998404086 0.006221969 -0.056130055 -0.612399876 -0.006683142 0.999945402 -0.008032189 -0.142247930 0.056077015 0.008394495 0.998391151 14.141855240
0.998333037 0.007364137 -0.057244584 -0.667369902 -0.007809157 0.999940991 -0.007554202 -0.155875117 0.057185575 0.007988641 0.998331606 15.034316063
0.998248577 0.006402592 -0.058811456 -0.716424584 -0.006771137 0.999958634 -0.006069422 -0.168609798 0.058770165 0.006457013 0.998250663 15.922762871
0.998186648 0.007102353 -0.059774745 -0.780957580 -0.007399366 0.999961376 -0.004748994 -0.178615212 0.059738707 0.005182677 0.998200595 16.815406799
0.998109698 0.006983154 -0.061059188 -0.836240530 -0.007289637 0.999961913 -0.004798126 -0.192506000 0.061023355 0.005234156 0.998122633 17.724439621
0.998011529 0.006658165 -0.062678762 -0.893422902 -0.007021001 0.999959826 -0.005570346 -0.202956870 0.062639154 0.005999337 0.998018205 18.627321243
0.997971773 0.005417441 -0.063427217 -0.958074808 -0.005823192 0.999963760 -0.006214004 -0.216245919 0.063391253 0.006570749 0.997967124 19.537429810
0.997913897 0.005083957 -0.064358689 -1.009307861 -0.005387556 0.999975145 -0.004544629 -0.228104353 0.064333983 0.004881884 0.997916460 20.455932617
0.997918725 0.006490069 -0.064157233 -1.077259183 -0.006578114 0.999977708 -0.001161194 -0.238707393 0.064148262 0.001580811 0.997939110 21.387952805
0.997981489 0.007658461 -0.063041568 -1.141357899 -0.007514167 0.999968588 0.002525653 -0.247540459 0.063058928 -0.002046851 0.998007715 22.318296432
0.998073697 0.006642701 -0.061683297 -1.198107719 -0.006301723 0.999963760 0.005720777 -0.258107573 0.061719064 -0.005321046 0.998079360 23.254940033
0.998160839 0.005975838 -0.060325906 -1.253731370 -0.005592439 0.999963105 0.006522310 -0.264999628 0.060362656 -0.006172945 0.998157442 24.206012726
0.998255730 0.006320683 -0.058698721 -1.317100644 -0.006122488 0.999974906 0.003555716 -0.268736094 0.058719724 -0.003190132 0.998269439 25.145565033
0.998293638 0.006906575 -0.057984203 -1.374276161 -0.006984437 0.999974966 -0.001140252 -0.276885092 0.057974875 0.001543293 0.998316824 26.085205078
0.998349369 0.006379549 -0.057077728 -1.420435309 -0.006612347 0.999970555 -0.003890678 -0.287908822 0.057051230 0.004261674 0.998362184 27.056224823
0.998400331 0.003465771 -0.056433257 -1.475799799 -0.003636548 0.999989092 -0.002923773 -0.296431929 0.056422509 0.003124318 0.998402119 28.016387939
0.998404920 0.001836105 -0.056429207 -1.534838200 -0.001716363 0.999996185 0.002170363 -0.309500426 0.056432977 -0.002070048 0.998404264 28.992555618
0.998363316 -0.001551594 -0.057169136 -1.587169528 0.001864615 0.999983549 0.005422419 -0.316801041 0.057159785 -0.005520143 0.998349786 29.962377548
0.998265505 -0.008328420 -0.058280148 -1.638157964 0.008602941 0.999953032 0.004461051 -0.321221352 0.058240257 -0.004954694 0.998290300 30.932933807
0.998171926 -0.010568197 -0.059507519 -1.693824291 0.010619868 0.999943435 0.000552112 -0.326426953 0.059498321 -0.001183065 0.998227715 31.900510788
0.998102903 -0.010058286 -0.060740300 -1.758464932 0.009864303 0.999945223 -0.003492652 -0.333780348 0.060772106 0.002886866 0.998147488 32.877742767
0.997964025 -0.008689450 -0.063184358 -1.819995642 0.008426245 0.999954700 -0.004430946 -0.340561777 0.063220002 0.003889518 0.997992039 33.871562958
0.997935772 -0.008953929 -0.063592747 -1.885054350 0.008806697 0.999957860 -0.002595167 -0.363277555 0.063613303 0.002029768 0.997972548 34.844493866
0.997879028 -0.005988685 -0.064819731 -1.959614635 0.006015180 0.999981880 0.000213591 -0.374533474 0.064817272 -0.000603040 0.997896969 35.836769104
0.997788072 -0.005707055 -0.066229865 -2.023142576 0.005822181 0.999981880 0.001545398 -0.386189908 0.066219844 -0.001927582 0.997803211 36.832878113
0.997725308 -0.004767453 -0.067241684 -2.093706131 0.005071735 0.999977648 0.004355216 -0.397333920 0.067219414 -0.004686341 0.997727215 37.811210632
0.997735620 -0.004408994 -0.067113310 -2.157575130 0.004914457 0.999960780 0.007368249 -0.409046859 0.067078188 -0.007681390 0.997718155 38.814331055
0.997697234 0.001233181 -0.067813829 -2.232652426 -0.000567922 0.999951541 0.009828486 -0.415307283 0.067822665 -0.009767340 0.997649610 39.798191071
0.997694373 0.002101298 -0.067834757 -2.303463459 -0.001481961 0.999956787 0.009179123 -0.424960136 0.067851119 -0.009057431 0.997654319 40.773674011
0.997679174 0.001606654 -0.068071321 -2.366745710 -0.001117872 0.999973297 0.007217914 -0.419017822 0.068081103 -0.007125067 0.997654319 41.786094666
0.997673869 0.004093309 -0.068045065 -2.443922758 -0.003778639 0.999981582 0.004752492 -0.423804432 0.068063267 -0.004484319 0.997670949 42.773387909
0.997627318 0.003580507 -0.068752892 -2.520732164 -0.003226762 0.999980986 0.005255539 -0.436507791 0.068770401 -0.005021219 0.997619867 43.758735657
0.997542441 0.001442798 -0.070050038 -2.585116625 -0.001018957 0.999980986 0.006085911 -0.438711673 0.070057489 -0.005999577 0.997524917 44.754512787
0.997484565 0.001869430 -0.070859104 -2.660224438 -0.001370341 0.999973893 0.007091362 -0.447435409 0.070870511 -0.006976423 0.997461140 45.743278503
0.997468531 0.004726364 -0.070951663 -2.743709326 -0.004490038 0.999983847 0.003489919 -0.459012210 0.070967011 -0.003162509 0.997473657 46.718612671
0.997397959 0.004597359 -0.071945556 -2.808749914 -0.004657311 0.999988914 -0.000665552 -0.461794585 0.071941704 0.000998893 0.997408330 47.684707642
0.997353852 0.005646233 -0.072480768 -2.887835264 -0.005803660 0.999981225 -0.001961566 -0.470062256 0.072468325 0.002377029 0.997367859 48.650485992
0.997377813 0.004412863 -0.072236307 -2.969763279 -0.004281765 0.999988914 0.001969603 -0.489201248 0.072244190 -0.001655140 0.997385621 49.617843628
0.997332454 0.002631748 -0.072945900 -3.024498940 -0.002295654 0.999986351 0.004690891 -0.496485204 0.072957247 -0.004510919 0.997324884 50.583797455
0.997317135 0.000948495 -0.073196150 -3.096967459 -0.000555759 0.999985337 0.005385716 -0.507586718 0.073200189 -0.005330588 0.997303009 51.545188904
0.997306883 -0.002198558 -0.073308669 -3.171140432 0.002503148 0.999988616 0.004063287 -0.515886486 0.073298901 -0.004235846 0.997301042 52.495582581
0.997252882 -0.005631988 -0.073857568 -3.224977732 0.005874380 0.999978065 0.003065058 -0.526313007 0.073838688 -0.003490505 0.997264087 53.436630249
0.997192919 -0.007190632 -0.074529365 -3.299980402 0.007543991 0.999961615 0.004460779 -0.538523436 0.074494429 -0.005010506 0.997208834 54.379867554
0.997057557 -0.010258797 -0.075966746 -3.372310638 0.010925710 0.999905288 0.008368623 -0.542244434 0.075873703 -0.009173990 0.997075260 55.331958771
0.997000337 -0.011012441 -0.076610073 -3.434043884 0.012068239 0.999838293 0.013332165 -0.547339439 0.076450869 -0.014216722 0.996971965 56.264266968
0.996981621 -0.009183886 -0.077092677 -3.513983965 0.010399552 0.999827623 0.015382257 -0.546319544 0.076938115 -0.016137557 0.996905267 57.206836700
0.996850014 -0.007807034 -0.078924701 -3.584765434 0.008709190 0.999900520 0.011092843 -0.546701312 0.078830250 -0.011745271 0.996818841 58.144905090
0.996792853 -0.006486326 -0.079761617 -3.675182581 0.006808678 0.999969721 0.003770138 -0.554617703 0.079734750 -0.004301118 0.996806860 59.064941406
0.996716857 -0.004756443 -0.080826506 -3.750098705 0.004700833 0.999988556 -0.000878283 -0.569840252 0.080829754 0.000495447 0.996727824 59.978317261
0.996656179 0.000309371 -0.081708871 -3.835547924 -0.000331843 0.999999940 -0.000261449 -0.579580069 0.081708781 0.000287689 0.996656179 60.878913879
0.996549785 0.003384907 -0.082927898 -3.921683550 -0.003199443 0.999992073 0.002369241 -0.597243190 0.082935259 -0.002095744 0.996552706 61.776191711
0.996467531 0.005581743 -0.083792903 -3.996897459 -0.005280896 0.999978781 0.003811582 -0.608604729 0.083812401 -0.003355617 0.996475875 62.649246216
0.996360362 0.006465522 -0.084995680 -4.075920582 -0.006190049 0.999974728 0.003504165 -0.618584394 0.085016184 -0.002965284 0.996375144 63.516887665
0.996243775 0.008523062 -0.086172640 -4.160732269 -0.008169847 0.999956727 0.004450768 -0.630560577 0.086206846 -0.003730033 0.996270299 64.366317749
0.996099234 0.009004889 -0.087779216 -4.236371040 -0.008590367 0.999950111 0.005098950 -0.641706944 0.087820753 -0.004325005 0.996126890 65.207283020
0.995968342 0.008927007 -0.089260027 -4.310922146 -0.008450977 0.999947965 0.005709577 -0.651729286 0.089306355 -0.004932224 0.995992005 66.031982422
0.995885611 0.008647569 -0.090205558 -4.388803482 -0.008086758 0.999945641 0.006580676 -0.658355594 0.090257563 -0.005824130 0.995901406 66.835556030
0.995713830 0.011684017 -0.091746792 -4.466001987 -0.010893008 0.999899089 0.009117709 -0.663533211 0.091844067 -0.008079230 0.995740652 67.632133484
0.995587647 0.013093092 -0.092918158 -4.548710346 -0.011900733 0.999839723 0.013374894 -0.670149267 0.093078390 -0.012210085 0.995583892 68.426994324
0.995393634 0.016280221 -0.094479769 -4.630660534 -0.014918003 0.999774575 0.015106567 -0.674717784 0.094704412 -0.013627532 0.995412171 69.206832886
0.995232284 0.018980598 -0.095668599 -4.711561680 -0.018015748 0.999777853 0.010939086 -0.681313515 0.095854983 -0.009163390 0.995353103 69.946319580
0.995073676 0.019112473 -0.097278215 -4.781322002 -0.018825904 0.999815285 0.003862977 -0.694314897 0.097334079 -0.002012596 0.995249748 70.669540405
0.994934142 0.018130612 -0.098880552 -4.851488590 -0.018411433 0.999828637 -0.001928186 -0.701188684 0.098828651 0.003738951 0.995097458 71.376274109
0.994877219 0.018818818 -0.099323586 -4.923370361 -0.019217521 0.999810636 -0.003058894 -0.708119750 0.099247217 0.004951977 0.995050490 72.066444397
0.994769037 0.021508597 -0.099859528 -5.006036282 -0.021565471 0.999767303 0.000510014 -0.719140410 0.099847265 0.001646172 0.995001435 72.747505188
0.994645715 0.022207959 -0.100929417 -5.082767963 -0.022045517 0.999753237 0.002724679 -0.734143794 0.100965023 -0.000485049 0.994889855 73.401092529
0.994605422 0.018633705 -0.102043316 -5.142707348 -0.018782593 0.999823451 -0.000498362 -0.747084975 0.102016017 0.002412311 0.994779825 74.025909424
0.994682312 0.010349799 -0.102469400 -5.188676834 -0.010975151 0.999924421 -0.005540893 -0.763482273 0.102404311 0.006636046 0.994720697 74.646423340
0.994819224 0.006329412 -0.101462707 -5.243003845 -0.007412076 0.999919534 -0.010297118 -0.772844136 0.101389363 0.010995819 0.994786024 75.241493225
0.995130301 0.008550568 -0.098196372 -5.306374550 -0.009635444 0.999897599 -0.010579102 -0.785429239 0.098095857 0.011473751 0.995110810 75.819046021
0.995459914 0.013795394 -0.094176948 -5.367893219 -0.014577607 0.999864697 -0.007622850 -0.797022760 0.094059043 0.008961116 0.995526314 76.392929077
0.995887637 0.012240745 -0.089766160 -5.413798332 -0.012703318 0.999908805 -0.004583559 -0.806367695 0.089701869 0.005705038 0.995952308 76.948547363
0.996425927 0.008757783 -0.084016085 -5.448550701 -0.008823690 0.999960959 -0.000413161 -0.817123473 0.084009185 0.001153016 0.996464312 77.489753723
0.997125983 0.003944539 -0.075658470 -5.482315540 -0.003736754 0.999988854 0.002887727 -0.829327583 0.075669020 -0.002596711 0.997129619 78.022857666
0.997857988 0.007857521 -0.064944223 -5.514466286 -0.007682215 0.999966145 0.002948612 -0.841368377 0.064965196 -0.002443380 0.997884512 78.537895203
0.998671532 0.012989703 -0.049863935 -5.540360928 -0.012897148 0.999914467 0.002177461 -0.845455885 0.049887951 -0.001531466 0.998753667 79.041465759
0.999335945 0.018021047 -0.031668413 -5.556545258 -0.017944887 0.999835372 0.002687539 -0.851333559 0.031711631 -0.002117469 0.999494791 79.531600952
0.999818683 0.016522437 -0.009463490 -5.549690723 -0.016492607 0.999858797 0.003221718 -0.857196331 0.009515384 -0.003065056 0.999950051 80.015388489
0.999779999 0.012978994 0.016478287 -5.513212681 -0.013049731 0.999906063 0.004192492 -0.867282331 -0.016422326 -0.004406606 0.999855459 80.468154907
0.998871982 0.011883453 0.045973692 -5.467776299 -0.012171227 0.999908030 0.005984657 -0.878004670 -0.045898348 -0.006537463 0.998924732 80.925743103
0.996808469 0.011373952 0.079015754 -5.412945747 -0.011980799 0.999902248 0.007210241 -0.883002281 -0.078926019 -0.008133900 0.996847272 81.371475220
0.993093431 0.011481023 0.116763033 -5.338779449 -0.012415561 0.999896407 0.007279515 -0.884438038 -0.116667368 -0.008678917 0.993133128 81.817062378
0.987299562 0.011525583 0.158451110 -5.253116608 -0.012842928 0.999890924 0.007292419 -0.891755223 -0.158349767 -0.009234779 0.987339914 82.219406128
0.978908956 0.011296613 0.203984544 -5.141181946 -0.013065244 0.999887824 0.007325740 -0.898941815 -0.203878909 -0.009836340 0.978946686 82.640762329
0.967473865 0.013642161 0.252602905 -5.006385326 -0.015403257 0.999868870 0.004995492 -0.906372786 -0.252501637 -0.008723916 0.967557132 83.036827087
0.951746106 0.014663261 0.306536078 -4.862219810 -0.016091799 0.999868214 0.002133445 -0.915233791 -0.306464404 -0.006963215 0.951856673 83.422821045
0.932233512 0.015284169 0.361534297 -4.672296524 -0.016128622 0.999869704 -0.000681914 -0.914732814 -0.361497611 -0.005195346 0.932358563 83.791198730
0.907875717 0.015751902 0.418943375 -4.481970787 -0.016207796 0.999865592 -0.002470788 -0.922042072 -0.418926001 -0.004546980 0.908008993 84.127380371
0.879362345 0.014885583 0.475920469 -4.263715267 -0.014541444 0.999884546 -0.004405498 -0.932962596 -0.475931108 -0.003046542 0.879477322 84.431289673
0.845755637 0.013775291 0.533392549 -4.025604725 -0.012173170 0.999904633 -0.006521369 -0.939932346 -0.533431530 -0.000977594 0.845842659 84.736915588
0.808802426 0.013324768 0.587929547 -3.766693115 -0.010865953 0.999911189 -0.007713811 -0.952010572 -0.587980151 -0.000149464 0.808875382 85.024848938
0.769055843 0.012027989 0.639068365 -3.488435745 -0.009581998 0.999927521 -0.007288776 -0.957555294 -0.639109731 -0.000518076 0.769115388 85.292114258
0.726895213 0.011201628 0.686657131 -3.193616867 -0.011038423 0.999928355 -0.004626834 -0.973297596 -0.686659753 -0.004216386 0.726966739 85.531433105
0.682242036 0.010581591 0.731049776 -2.884523392 -0.009473283 0.999939263 -0.005632826 -0.968475223 -0.731064975 -0.003082490 0.682300866 85.753227234
0.636829495 0.008741241 0.770955205 -2.554943085 -0.005777419 0.999961734 -0.006565461 -0.979410887 -0.770983100 -0.000273051 0.636855602 85.947120667
0.590584338 0.005887519 0.806954443 -2.212535858 0.000806112 0.999968588 -0.007885713 -0.983220577 -0.806975543 0.005307674 0.590561032 86.129257202
0.543830276 0.008587414 0.839151263 -1.889541626 -0.001613102 0.999956489 -0.009187602 -0.989313543 -0.839193702 0.003642859 0.543820500 86.291633606
0.496579707 0.011527415 0.867914677 -1.551639557 -0.004980538 0.999933183 -0.010431224 -0.996494710 -0.867976904 0.000857254 0.496603966 86.451057434
0.451671124 0.013171373 0.892087340 -1.207786560 -0.005154572 0.999912858 -0.012153579 -1.008399248 -0.892169714 0.000891093 0.451699615 86.578865051
0.409174681 0.011416379 0.912384689 -0.853870392 0.002019368 0.999907970 -0.013417152 -1.006710529 -0.912453890 0.007332400 0.409113944 86.691886902
0.369401813 0.004033125 0.929261088 -0.477451324 0.017065540 0.999792516 -0.011123173 -1.010679603 -0.929113090 0.019967262 0.369256318 86.794761658
0.334631026 -0.000348535 0.942349195 -0.114036560 0.021564884 0.999740899 -0.007287995 -1.021244287 -0.942102492 0.022760442 0.334551811 86.873786926
0.300609887 0.004260405 0.953737676 0.254245758 0.019168232 0.999761045 -0.010507656 -1.025658965 -0.953554571 0.021440171 0.300456405 86.988372803
0.269483566 0.011827123 0.962932408 0.620723724 0.008371239 0.999858022 -0.014623411 -1.041063786 -0.962968647 0.012001706 0.269346297 87.086441040
0.241204798 0.016007399 0.970342278 1.000938416 0.003580343 0.999842465 -0.017384045 -1.060295343 -0.970467687 0.007667274 0.241109490 87.168922424
0.215556741 0.017431932 0.976335764 1.390151978 0.005000758 0.999807835 -0.018955087 -1.076975226 -0.976478577 0.008968316 0.215428114 87.234085083
0.192060769 0.018858990 0.981201828 1.808822632 0.012488427 0.999687433 -0.021658778 -1.088335156 -0.981303573 0.016413469 0.191765249 87.298362732
0.172153234 0.025185727 0.984748244 2.218994141 0.019140813 0.999398828 -0.028906619 -1.088208914 -0.984884262 0.023825252 0.171567678 87.336463928
0.151989043 0.032343693 0.987852812 2.644981384 0.021260701 0.999126196 -0.035983928 -1.086573362 -0.988153517 0.026471607 0.151168585 87.397125244
0.134392679 0.033028238 0.990377665 3.082832336 0.018898549 0.999177158 -0.035886202 -1.101305366 -0.990748048 0.023539545 0.133657932 87.452148438
0.119087994 0.028721565 0.992468238 3.544494629 0.017236138 0.999371111 -0.030989528 -1.124998450 -0.992734134 0.020796800 0.118518054 87.502395630
0.104420900 0.025504164 0.994206131 4.016593933 0.017730553 0.999464512 -0.027501287 -1.145288944 -0.994375169 0.020499535 0.103912830 87.546302795
0.091374397 0.022941113 0.995552421 4.499755859 0.019976143 0.999491215 -0.024865344 -1.163325071 -0.995616317 0.022159353 0.090869665 87.576004028
0.079765975 0.022306902 0.996564150 4.995491028 0.023663593 0.999425471 -0.024265015 -1.177161217 -0.996532857 0.025517812 0.079192281 87.602722168
0.069492221 0.023120232 0.997314632 5.512306213 0.027109563 0.999318421 -0.025055666 -1.191001415 -0.997214198 0.028777938 0.068818033 87.632301331
0.061639488 0.023430811 0.997823477 6.054763794 0.029483052 0.999245405 -0.025285488 -1.206466556 -0.997662961 0.030977465 0.060902178 87.660446167
0.056243002 0.023740903 0.998134911 6.601821899 0.031229079 0.999186277 -0.025525616 -1.222654223 -0.997928679 0.032606471 0.055455863 87.684646606
0.050308645 0.024703499 0.998428285 7.165946960 0.032207120 0.999134004 -0.026343813 -1.242373943 -0.998214364 0.033481821 0.049469471 87.713279724
0.044572413 0.025543930 0.998679698 7.762405396 0.032826442 0.999095798 -0.027019670 -1.254884481 -0.998466849 0.033987429 0.043693602 87.736427307
0.040158868 0.025413318 0.998870134 8.363815308 0.035303615 0.999016225 -0.026836393 -1.272961736 -0.998569489 0.036341444 0.039222181 87.755531311
0.037326634 0.025596790 0.998975277 8.981529236 0.036621124 0.998965383 -0.026964884 -1.291180015 -0.998631895 0.037590105 0.036350608 87.774703979
0.034405828 0.025157502 0.999091327 9.621543884 0.037644085 0.998941123 -0.026450077 -1.310265899 -0.998698771 0.038519915 0.033422351 87.794303894
0.031839728 0.024318423 0.999197066 10.275566101 0.039736275 0.998882771 -0.025576981 -1.332999587 -0.998702765 0.040518731 0.030837834 87.810775757
0.031307697 0.024038099 0.999220729 10.951164246 0.044314422 0.998694301 -0.025413902 -1.353122473 -0.998526990 0.045075543 0.030201614 87.824798584
0.032179236 0.023567930 0.999204338 11.638717651 0.047869749 0.998538315 -0.025093870 -1.374780536 -0.998335242 0.048639160 0.031004012 87.845733643
0.034682810 0.023700073 0.999117315 12.354316711 0.049189270 0.998466671 -0.025392165 -1.391895652 -0.998187125 0.050026525 0.033463836 87.865829468
0.038484514 0.023812888 0.998975515 13.078071594 0.051765848 0.998326123 -0.025791641 -1.411396861 -0.997917593 0.052705389 0.037187397 87.894241333
0.042937994 0.023200095 0.998808324 13.814598083 0.052368239 0.998303771 -0.025439642 -1.435075283 -0.997704327 0.053398158 0.041650176 87.926918030
0.046670318 0.021275032 0.998683810 14.572921753 0.053681005 0.998275042 -0.023774939 -1.460644603 -0.997466981 0.054719932 0.045447767 87.969146729
0.050638616 0.019785006 0.998521030 15.347732544 0.053492364 0.998314857 -0.022493709 -1.483327270 -0.997283459 0.054552298 0.049494922 88.006370544
0.054897070 0.017599491 0.998336971 16.128646851 0.050512541 0.998515487 -0.020380249 -1.507172942 -0.997213542 0.051547348 0.053926587 88.056106567
0.058870018 0.016640034 0.998126984 16.928390503 0.049799491 0.998567224 -0.019584574 -1.525484681 -0.997022748 0.050859161 0.057956994 88.112319946
0.062702835 0.017740725 0.997874558 17.730113983 0.046876177 0.998686194 -0.020700688 -1.547505021 -0.996930838 0.048074540 0.061788857 88.173393250
0.065458059 0.021910636 0.997614801 18.531051636 0.044821866 0.998685241 -0.024875117 -1.575026751 -0.996848226 0.046343233 0.064389944 88.238983154
0.066748083 0.027216678 0.997398674 19.334526062 0.039016657 0.998792112 -0.029865788 -1.602076530 -0.997006834 0.040908646 0.065605581 88.307861328
0.066529930 0.030237684 0.997326195 20.148532867 0.035902627 0.998820901 -0.032678008 -1.634580016 -0.997138321 0.037980694 0.065365851 88.368865967
0.066475689 0.029997429 0.997337222 20.958923340 0.033643201 0.998912215 -0.032287240 -1.663058519 -0.997220874 0.035699934 0.065394163 88.431915283
0.066759169 0.028241767 0.997369468 21.768779755 0.030941254 0.999059975 -0.030360704 -1.698378086 -0.997289360 0.032886714 0.065822601 88.487060547
0.066517532 0.026918191 0.997422099 22.611209869 0.031565376 0.999078929 -0.029067982 -1.733539820 -0.997285843 0.033417534 0.065606594 88.553916931
0.066448033 0.026325114 0.997442663 23.424606323 0.029323354 0.999168575 -0.028324146 -1.766846418 -0.997358978 0.031130444 0.065620840 88.623718262
0.066717684 0.026336113 0.997424245 24.242469788 0.027839048 0.999213278 -0.028245503 -1.801727295 -0.997383416 0.029651817 0.065932035 88.685684204
0.066582561 0.026619326 0.997425914 25.051815033 0.024430402 0.999300897 -0.028300209 -1.844758868 -0.997481942 0.026251815 0.065885723 88.750984192
0.065409660 0.028532812 0.997450531 25.866077423 0.021728253 0.999313354 -0.030010974 -1.871398091 -0.997621953 0.023635864 0.064744771 88.808715820
0.062505722 0.028200613 0.997646213 26.680587769 0.018369524 0.999398887 -0.029401071 -1.904485106 -0.997875631 0.020164022 0.061950147 88.868423462
0.058813214 0.026962563 0.997904897 27.497268677 0.016327407 0.999475479 -0.027967287 -1.938426495 -0.998135507 0.017938046 0.058342099 88.922355652
0.053346097 0.024427425 0.998277426 28.309856415 0.013948862 0.999584973 -0.025204828 -1.972612262 -0.998478830 0.015269413 0.052983224 88.981307983
0.047909975 0.022571458 0.998596609 29.130344391 0.012257912 0.999656081 -0.023183508 -2.000478506 -0.998776495 0.013351432 0.047616839 89.010818481
0.040351033 0.022902934 0.998923063 29.934467316 0.011915074 0.999655128 -0.023401024 -2.030093670 -0.999114573 0.012846499 0.040064216 89.046249390
0.031687975 0.023846161 0.999213278 30.739471436 0.011534396 0.999640048 -0.024222134 -2.061233044 -0.999431252 0.012292871 0.031401515 89.071830750
0.021365106 0.024162337 0.999479830 31.539699554 0.011989663 0.999629855 -0.024422264 -2.091070890 -0.999699950 0.012505213 0.021067500 89.089935303
0.011562884 0.023069412 0.999666989 32.335639954 0.013573248 0.999638081 -0.023225743 -2.122919083 -0.999841034 0.013837283 0.011245549 89.094879150
0.000502408 0.022189200 0.999753714 33.131595612 0.012309839 0.999677896 -0.022193704 -2.151615620 -0.999924183 0.012317957 0.000229061 89.099609375
-0.010436893 0.021153739 0.999721706 33.921936035 0.014065480 0.999680400 -0.021006024 -2.181634426 -0.999846578 0.013842329 -0.010730982 89.087921143
-0.021482468 0.021832550 0.999530971 34.710758209 0.014583201 0.999661982 -0.021521989 -2.205527306 -0.999662995 0.014114019 -0.021793604 89.072906494
-0.032734513 0.022493642 0.999211013 35.484527588 0.014704765 0.999649346 -0.022021780 -2.232703209 -0.999355972 0.013972293 -0.033053756 89.049156189
-0.042950511 0.023342177 0.998804629 36.260372162 0.014396969 0.999637663 -0.022742553 -2.263818979 -0.998973608 0.013402955 -0.043271065 89.008041382
-0.053524256 0.024393804 0.998268664 37.023742676 0.014817644 0.999610901 -0.023632128 -2.289251328 -0.998456776 0.013527097 -0.053864956 88.967720032
-0.062900662 0.025022158 0.997706294 37.780799866 0.016255209 0.999578714 -0.024044313 -2.321763039 -0.997887611 0.014705524 -0.063280940 88.915557861
-0.072670817 0.025701249 0.997024775 38.563674927 0.016282385 0.999565244 -0.024579953 -2.346411228 -0.997223079 0.014447697 -0.073057652 88.861259460
-0.082186222 0.026193988 0.996272743 39.307785034 0.017054506 0.999545157 -0.024873136 -2.374700308 -0.996471107 0.014946708 -0.082595587 88.802200317
-0.090623379 0.025489144 0.995559037 40.039882660 0.018174671 0.999548256 -0.023936884 -2.402966499 -0.995719433 0.015924718 -0.091045737 88.730278015
-0.098234296 0.024495417 0.994861901 40.770801544 0.020066710 0.999542534 -0.022629250 -2.431553841 -0.994961083 0.017740639 -0.098680854 88.660919189
-0.103156805 0.022964172 0.994400024 41.508499146 0.023076192 0.999519646 -0.020688532 -2.455525875 -0.994397461 0.020812804 -0.103637218 88.572189331
-0.106617332 0.021221355 0.994073808 42.214893341 0.026436407 0.999479294 -0.018501375 -2.482264519 -0.993948758 0.024307173 -0.107122779 88.485794067
-0.109436870 0.020263214 0.993787169 42.921161652 0.027770784 0.999464214 -0.017320823 -2.505536318 -0.993605733 0.025702713 -0.109940886 88.407058716
-0.111306190 0.019433346 0.993596315 43.605186462 0.028060008 0.999471605 -0.016404884 -2.528519630 -0.993390083 0.026054354 -0.111792684 88.334640503
-0.112284303 0.019652782 0.993481755 44.273750305 0.028373512 0.999460161 -0.016564244 -2.555516005 -0.993270934 0.026328661 -0.112781286 88.261352539
-0.111104250 0.020711984 0.993592978 44.927249908 0.029265653 0.999417424 -0.017560894 -2.575949430 -0.993377805 0.027127055 -0.111645579 88.186042786
-0.107996583 0.022691246 0.993892252 45.554542542 0.031030178 0.999329329 -0.019443631 -2.590320110 -0.993666887 0.028740808 -0.108628273 88.118095398
-0.102933407 0.023015335 0.994421959 46.182098389 0.029999323 0.999349356 -0.020024123 -2.618504286 -0.994235814 0.027770832 -0.103556871 88.055389404
-0.094958901 0.023621907 0.995200932 46.773124695 0.029704345 0.999340475 -0.020885874 -2.641813517 -0.995037973 0.027578495 -0.095597982 88.004791260
-0.084117532 0.023551142 0.996177554 47.352146149 0.027773043 0.999387681 -0.021281876 -2.666285753 -0.996068835 0.025876705 -0.084720135 87.968872070
-0.070499539 0.023612970 0.997232378 47.912532806 0.026987633 0.999399006 -0.021756383 -2.693999529 -0.997146785 0.025379129 -0.071094394 87.940315247
-0.053829789 0.024793634 0.998242259 48.460769653 0.026247939 0.999381423 -0.023406519 -2.721704483 -0.998205066 0.024941834 -0.054447293 87.935592651
-0.031815529 0.027674684 0.999110579 48.991779327 0.024664210 0.999333918 -0.026895469 -2.738851786 -0.999189436 0.023786580 -0.032476902 87.917907715
-0.007320881 0.030591825 0.999505162 49.512744904 0.022475151 0.999284446 -0.030420452 -2.763822317 -0.999720633 0.022241324 -0.008003235 87.936523438
0.020663738 0.032307733 0.999264419 50.031440735 0.020771360 0.999248147 -0.032736745 -2.786442041 -0.999570787 0.021432547 0.019977093 87.975807190
0.053452909 0.031685162 0.998067558 50.539932251 0.017835228 0.999306738 -0.032679692 -2.813078642 -0.998411059 0.019547587 0.052850723 88.027511597
0.093093216 0.028834099 0.995239794 51.000869751 0.016464652 0.999399304 -0.030494686 -2.840213060 -0.995521247 0.019225126 0.092562556 88.059402466
0.134621322 0.025559250 0.990567446 51.550350189 0.014663407 0.999506414 -0.027782705 -2.858518600 -0.990788639 0.018265238 0.134180069 88.170074463
0.179837406 0.020912854 0.983474076 52.032798767 0.011694806 0.999657869 -0.023395497 -2.884730101 -0.983626902 0.015708923 0.179531276 88.287490845
0.228287876 0.018052353 0.973426342 52.517333984 0.007196711 0.999769449 -0.020228663 -2.899132967 -0.973567128 0.011623426 0.228105307 88.430587769
0.279850602 0.016035926 0.959909737 52.985290527 0.002535486 0.999844670 -0.017442258 -2.926666737 -0.960040331 0.007315065 0.279766440 88.600372314
0.334562063 0.015936466 0.942238986 53.436405182 0.001454432 0.999847054 -0.017427241 -2.939917088 -0.942372620 0.007200917 0.334487736 88.793663025
0.391241670 0.016974924 0.920131385 53.858871460 0.003388701 0.999796510 -0.019885499 -2.952883720 -0.920281708 0.010898086 0.391104579 89.014282227
0.451759398 0.020420533 0.891906142 54.275779724 0.004025196 0.999681175 -0.024926890 -2.967670679 -0.892130792 0.014851055 0.451533198 89.253692627
0.511882067 0.022905070 0.858750284 54.672470093 0.004973514 0.999548733 -0.029625127 -2.995421410 -0.859041333 0.019435579 0.511537194 89.520721436
0.570151806 0.028506031 0.821044683 55.036285400 0.000701758 0.999380589 -0.035185035 -2.992851019 -0.821539104 0.020636987 0.569778681 89.816123962
0.626377225 0.030578364 0.778920174 55.379127502 -0.003123480 0.999320745 -0.036718935 -3.014298677 -0.779513896 0.020566961 0.626047254 90.126190186
0.679856896 0.031799670 0.732654989 55.703174591 -0.005339487 0.999247551 -0.038415980 -3.030355930 -0.733325362 0.022205368 0.679515183 90.464576721
0.728051901 0.029187586 0.684900403 55.988285065 -0.005664242 0.999315202 -0.036565516 -3.056763649 -0.685498655 0.022742148 0.727718592 90.830261230
0.771780372 0.028363027 0.635256290 56.223743439 -0.009775919 0.999415934 -0.032745205 -3.057198763 -0.635814011 0.019061891 0.771606922 91.216415405
0.811811209 0.024960790 0.583386242 56.448776245 -0.011382636 0.999572575 -0.026928246 -3.055539131 -0.583809018 0.015220179 0.811748326 91.635208130
0.849793613 0.019689335 0.526747704 56.702613831 -0.011474724 0.999756336 -0.018857965 -3.085793972 -0.526990652 0.009981092 0.849812448 92.048103333
0.880977035 0.016327264 0.472877294 56.891944885 -0.012322220 0.999857187 -0.011566088 -3.095791340 -0.472998589 0.004362560 0.881052375 92.481109619
0.906544387 0.017610036 0.421743035 57.061187744 -0.016538212 0.999844015 -0.006199668 -3.105612040 -0.421786427 -0.001354601 0.906694174 92.925621033
0.926353753 0.019104237 0.376169920 57.183773041 -0.019945867 0.999799669 -0.001657446 -3.127825022 -0.376126230 -0.005967654 0.926549196 93.352828979
0.940982878 0.025679501 0.337478518 57.272331238 -0.027610740 0.999618351 0.000923125 -3.138052464 -0.337326020 -0.010186677 0.941332757 93.771644592
0.952544749 0.029589301 0.302957028 57.377746582 -0.031293314 0.999509931 0.000770684 -3.150174618 -0.302785754 -0.010214640 0.953003883 94.223968506
0.961991966 0.030775540 0.271338105 57.505321503 -0.032039747 0.999486566 0.000229383 -3.139940262 -0.271191716 -0.008914269 0.962484062 94.711578369
0.968017638 0.025709979 0.249561235 57.614654541 -0.026614156 0.999645770 0.000248844 -3.144640446 -0.249466434 -0.006882748 0.968358994 95.182876587
0.972019136 0.022914218 0.233781382 57.720500946 -0.023813883 0.999715865 0.001025920 -3.154106617 -0.233691454 -0.006564456 0.972288668 95.670089722
0.974813223 0.027816929 0.221281230 57.815582275 -0.028651780 0.999589324 0.000563211 -3.155580044 -0.221174672 -0.006889126 0.975209892 96.173805237
0.976783633 0.032631971 0.211728469 57.902683258 -0.033599112 0.999434948 0.000970727 -3.153770685 -0.211577147 -0.008062079 0.977328062 96.678703308
0.977741003 0.040025692 0.205962405 57.988658905 -0.040815718 0.999166608 -0.000413339 -3.152764082 -0.205807313 -0.008002365 0.978559792 97.196693420
0.978045881 0.046876151 0.203049034 58.081428528 -0.047210235 0.998879850 -0.003200547 -3.175962448 -0.202971622 -0.006455712 0.979163349 97.705467224
0.978117704 0.048504934 0.202319056 58.189952850 -0.048311714 0.998814881 -0.005896179 -3.182405233 -0.202365279 -0.004007221 0.979301929 98.242591858
0.977889359 0.046563860 0.203872889 58.327968597 -0.045676272 0.998915195 -0.009059595 -3.194588661 -0.204073578 -0.000452873 0.978955448 98.717468262
0.977120340 0.045238189 0.207820520 58.447616577 -0.042893715 0.998955071 -0.015776107 -3.199147463 -0.208317041 0.006500961 0.978039742 99.267738342
0.976237655 0.045339383 0.211906567 58.569305420 -0.041998208 0.998912573 -0.020244045 -3.208924055 -0.212593973 0.010863304 0.977080226 99.817436218
0.974923074 0.050564472 0.216721594 58.682540894 -0.047358267 0.998678386 -0.019965600 -3.221382618 -0.217444733 0.009201365 0.976029277 100.413154602
0.973497033 0.053647548 0.222318381 58.809825897 -0.051301625 0.998549879 -0.016317911 -3.229469776 -0.222871408 0.004480146 0.974837542 101.006355286
0.972658575 0.050205503 0.226748213 58.962951660 -0.048873704 0.998738885 -0.011487472 -3.243173838 -0.227038994 0.000091363 0.973885655 101.599578857
0.971972883 0.046007741 0.230547130 59.114162445 -0.045884367 0.998929322 -0.005899534 -3.255962133 -0.230571717 -0.004844321 0.973043263 102.215393066
0.971221507 0.043462783 0.234178975 59.268585205 -0.044421908 0.999012172 -0.001180027 -3.266329050 -0.233998924 -0.009256607 0.972192764 102.842689514
0.970705330 0.038441256 0.237177998 59.429622650 -0.039431397 0.999222100 -0.000569554 -3.274230003 -0.237015396 -0.008799389 0.971466064 103.470596313
0.970796883 0.034958947 0.237342179 59.589721680 -0.035039496 0.999378383 -0.003880407 -3.281584024 -0.237330303 -0.004549263 0.971418381 104.120422363
0.970860720 0.034989778 0.237076417 59.748165131 -0.033381291 0.999384344 -0.010796753 -3.292802334 -0.237308234 0.002568227 0.971431017 104.769493103
0.970957875 0.037143078 0.236349776 59.902389526 -0.033964131 0.999269664 -0.017508848 -3.302632093 -0.236827493 0.008972941 0.971510291 105.430549622
0.971552432 0.039826665 0.233451739 60.058807373 -0.035856776 0.999131501 -0.021226401 -3.313201427 -0.234094366 0.012251735 0.972136676 106.108131409
0.972112834 0.038371142 0.231353119 60.209587097 -0.035450600 0.999230742 -0.016769333 -3.326726913 -0.231818616 0.008100078 0.972725332 106.796569824
0.972629786 0.034389388 0.229801387 60.392498016 -0.033177264 0.999407709 -0.009137553 -3.340911388 -0.229979515 0.001263276 0.973194659 107.498229980
0.973217666 0.035110261 0.227188617 60.558238983 -0.035244472 0.999372721 -0.003467133 -3.351766109 -0.227167830 -0.004632867 0.973844588 108.220787048
0.973478854 0.038120415 0.225578755 60.714962006 -0.038252540 0.999260902 -0.003786718 -3.370645523 -0.225556388 -0.004942668 0.974217594 108.945075989
0.973707318 0.044075891 0.223497972 60.867336273 -0.043216437 0.999027550 -0.008737745 -3.375490189 -0.223665759 -0.001150778 0.974665225 109.674163818
0.974592328 0.044792823 0.219461501 61.034183502 -0.042777501 0.998987496 -0.013928858 -3.388679028 -0.219863206 0.004186944 0.975521743 110.431663513
0.975528598 0.043152221 0.215596452 61.199153900 -0.040471289 0.999038815 -0.016836282 -3.400548697 -0.216115758 0.007698808 0.976337373 111.189994812
0.976434946 0.041108970 0.211860403 61.363113403 -0.038740039 0.999131858 -0.015322126 -3.414281845 -0.212306365 0.006753578 0.977179825 111.969001770
0.977306724 0.037354358 0.208509564 61.523815155 -0.035435006 0.999288261 -0.012934175 -3.437464952 -0.208844319 0.005252118 0.977934778 112.743690491
0.977779984 0.036003303 0.206518903 61.699516296 -0.034622841 0.999347389 -0.010295833 -3.452323437 -0.206754819 0.002916787 0.978388429 113.538322449
0.978151679 0.032826547 0.205284461 61.866210938 -0.031863250 0.999460220 -0.007997382 -3.463095188 -0.205436185 0.001281622 0.978669703 114.337532043
0.978348672 0.028413024 0.205003932 62.033283234 -0.027613157 0.999595821 -0.006762037 -3.479231358 -0.205113202 0.000954824 0.978737772 115.133132935
0.978492379 0.028764749 0.204267561 62.200855255 -0.028284647 0.999586046 -0.005270195 -3.489873409 -0.204334602 -0.000620789 0.978900909 115.942855835
0.978237748 0.033964578 0.204688415 62.367782593 -0.033223510 0.999423027 -0.007057026 -3.503594637 -0.204810008 0.000102980 0.978801727 116.769660950
0.977920353 0.039872434 0.205138847 62.530017853 -0.038551044 0.999202132 -0.010435706 -3.516682148 -0.205391273 0.002296973 0.978677273 117.584838867
0.977297902 0.048493899 0.206245363 62.688289642 -0.046970285 0.998820782 -0.012280297 -3.523361683 -0.206597686 0.002314105 0.978423238 118.413223267
0.976396680 0.054156117 0.209085330 62.853912354 -0.052944276 0.998532474 -0.011392614 -3.548469543 -0.209395468 0.000053840 0.977831006 119.250679016
0.975636899 0.056214195 0.212067395 63.020912170 -0.055410411 0.998416185 -0.009736159 -3.560956240 -0.212278828 -0.002251786 0.977206528 120.083244324
0.975097418 0.056735307 0.214397028 63.205406189 -0.055788200 0.998387694 -0.010470770 -3.584450722 -0.214645416 -0.001750804 0.976690471 120.936302185
0.974765420 0.055098649 0.216325015 63.384128571 -0.053433377 0.998479545 -0.013543827 -3.595327616 -0.216742352 0.001643079 0.976227462 121.769981384
0.974807203 0.049169272 0.217562124 63.576877594 -0.047685828 0.998789489 -0.012066714 -3.616121769 -0.217892081 0.001388091 0.975971878 122.609268188
0.975012124 0.042992320 0.217951939 63.770103455 -0.041029841 0.999066412 -0.013524041 -3.641597986 -0.218329892 0.004243569 0.975865781 123.441436768
0.974896431 0.041679345 0.218722969 63.965831757 -0.039719280 0.999121666 -0.013352740 -3.667981148 -0.219087377 0.004330020 0.975695610 124.283500671
0.974327624 0.044104535 0.220772371 64.147270203 -0.042835284 0.999026597 -0.010535737 -3.685489655 -0.221022144 0.000808412 0.975268483 125.130058289
0.973921895 0.046093524 0.222152099 64.330253601 -0.046185363 0.998921454 -0.004784433 -3.702580214 -0.222133026 -0.005600512 0.975000262 125.974258423
0.973513305 0.049802151 0.223140225 64.510963440 -0.050951988 0.998700917 -0.000605068 -3.723956585 -0.222880483 -0.010780396 0.974786162 126.824325562
0.973233700 0.049126215 0.224505752 64.695487976 -0.048804853 0.998783886 -0.006983993 -3.745522499 -0.224575832 -0.004159911 0.974447727 127.660743713
0.973652601 0.044491906 0.223654017 64.896148682 -0.040702283 0.998939395 -0.021528034 -3.760706425 -0.224374622 0.011857598 0.974430799 128.458724976
