1.000000000 0.000000000 0.000000000 0.000000000 0.000000000 1.000000000 0.000000000 0.000000000 0.000000000 0.000000000 1.000000000 0.000000000
0.999997318 0.001027998 0.002076020 -0.009191105 -0.001025609 0.999998808 -0.001151584 -0.015952999 -0.002077201 0.001149452 0.999997199 1.208909512
0.999949455 0.003288971 0.009501896 -0.111670844 -0.003282322 0.999994338 -0.000715268 -0.035992976 -0.009504195 0.000684044 0.999954581 2.438422680
0.999934375 0.002826311 0.011102349 -0.114429280 -0.002821182 0.999995887 -0.000477634 -0.055233218 -0.011103654 0.000446281 0.999938250 3.634958267
0.999924183 0.002775186 0.011996195 -0.104876816 -0.002769573 0.999996066 -0.000484448 -0.076303065 -0.011997491 0.000451187 0.999927938 4.835808277
0.999905705 0.002707659 0.013464743 -0.111427188 -0.002704952 0.999996305 -0.000219214 -0.098804414 -0.013465287 0.000182772 0.999909341 6.031818390
0.999894261 0.003190879 0.014189132 -0.100346155 -0.003177209 0.999994457 -0.000985873 -0.120394349 -0.014192199 0.000940687 0.999898851 7.230391026
0.999869347 0.003479757 0.015784938 -0.113998435 -0.003457115 0.999992967 -0.001461502 -0.142433494 -0.015789911 0.001406740 0.999874353 8.408215523
0.999870300 0.003045683 0.015814871 -0.097531512 -0.003049285 0.999995351 0.000203647 -0.166412801 -0.015814176 -0.000251845 0.999874890 9.596014977
0.999880373 0.002202625 0.015309799 -0.113451146 -0.002215996 0.999997199 0.000856427 -0.183318332 -0.015307870 -0.000890251 0.999882460 10.791980743
0.999915063 0.001050029 0.012991824 -0.104203373 -0.001053829 0.999999404 0.000285628 -0.202049971 -0.012991517 -0.000299295 0.999915540 11.984844208
0.999939442 0.001399710 0.010916027 -0.095405102 -0.001398435 0.999998987 -0.000124399 -0.224029049 -0.010916190 0.000109126 0.999940395 13.166369438
0.999947608 0.001408173 0.010138152 -0.108241171 -0.001406191 0.999998987 -0.000202592 -0.248307213 -0.010138428 0.000188325 0.999948561 14.366954803
0.999951959 0.002966703 0.009341452 -0.109355852 -0.002961844 0.999995470 -0.000534006 -0.266934782 -0.009342995 0.000506312 0.999956250 15.562523842
0.999957561 0.002933273 0.008736211 -0.102549359 -0.002930266 0.999995649 -0.000357036 -0.287792653 -0.008737220 0.000331421 0.999961793 16.766380310
0.999957740 0.002257743 0.008909205 -0.121701755 -0.002260767 0.999997377 0.000329405 -0.316903412 -0.008908438 -0.000349533 0.999960244 17.949718475
0.999966919 0.001773702 0.007936202 -0.113808930 -0.001779325 0.999998152 0.000701512 -0.338142157 -0.007934944 -0.000715609 0.999968290 19.142448425
0.999970913 0.002536070 0.007196213 -0.108585738 -0.002533624 0.999996722 -0.000349083 -0.357158452 -0.007197075 0.000330841 0.999974072 20.343122482
0.999966741 0.002740783 0.007681511 -0.129727364 -0.002732344 0.999995649 -0.001108905 -0.382804543 -0.007684517 0.001087880 0.999969900 21.511358261
0.999973476 0.003241478 0.006525937 -0.125816390 -0.003236148 0.999994397 -0.000827197 -0.399772525 -0.006528581 0.000806056 0.999978364 22.699996948
0.999973774 0.002956546 0.006609524 -0.142433107 -0.002952379 0.999995410 -0.000640156 -0.431071222 -0.006611387 0.000620625 0.999977946 23.885576248
0.999979079 0.002821663 0.005824694 -0.142955124 -0.002814201 0.999995232 -0.001288889 -0.453007072 -0.005828303 0.001272471 0.999982178 25.079774857
0.999979258 0.003460605 0.005426951 -0.157937333 -0.003457635 0.999993861 -0.000556565 -0.475079149 -0.005428844 0.000537789 0.999985099 26.259857178
0.999988556 0.001676633 0.004481482 -0.153484777 -0.001680834 0.999998152 0.000933859 -0.492367268 -0.004479908 -0.000941381 0.999989510 27.458993912
0.999992013 0.001792423 0.003579273 -0.161240920 -0.001797215 0.999997497 0.001335966 -0.517655969 -0.003576870 -0.001342388 0.999992728 28.657606125
0.999994755 0.001115845 0.003039613 -0.168074727 -0.001117331 0.999999285 0.000487490 -0.537585139 -0.003039067 -0.000490884 0.999995291 29.852994919
0.999997377 0.000923488 0.002106630 -0.169638202 -0.000922563 0.999999464 -0.000440304 -0.558665514 -0.002107035 0.000438359 0.999997675 31.045614243
0.999998093 0.001225851 0.001517743 -0.180224240 -0.001225142 0.999999166 -0.000467736 -0.576534927 -0.001518315 0.000465876 0.999998748 32.242710114
0.999998868 0.001297942 0.000746195 -0.179720894 -0.001297970 0.999999166 0.000036628 -0.597747922 -0.000746146 -0.000037597 0.999999702 33.441230774
0.999999642 0.000751163 0.000405175 -0.192360625 -0.000751294 0.999999642 0.000322645 -0.619379044 -0.000404933 -0.000322950 0.999999881 34.642726898
0.999999940 0.000216901 -0.000347037 -0.192910090 -0.000216742 0.999999881 0.000457835 -0.642996967 0.000347136 -0.000457759 0.999999821 35.839447021
0.999999881 -0.000064824 -0.000506879 -0.207068354 0.000064937 1.000000000 0.000224280 -0.661252916 0.000506864 -0.000224312 0.999999821 37.033672333
0.999999404 -0.000801262 -0.000707960 -0.209069803 0.000801913 0.999999225 0.000920463 -0.681631148 0.000707222 -0.000921031 0.999999344 38.240882874
0.999999642 -0.000835508 -0.000165218 -0.227423444 0.000835851 0.999997497 0.002085913 -0.700624347 0.000163475 -0.002086051 0.999997795 39.442291260
0.999999881 -0.000256190 -0.000383381 -0.228770152 0.000257282 0.999995887 0.002850725 -0.717943668 0.000382649 -0.002850823 0.999995887 40.641815186
0.999999881 0.000383179 -0.000200884 -0.239659369 -0.000382681 0.999996841 0.002473208 -0.735619783 0.000201831 -0.002473131 0.999996901 41.847709656
0.999998689 0.001609026 0.000225194 -0.255804807 -0.001609521 0.999996245 0.002214004 -0.748683214 -0.000221630 -0.002214364 0.999997497 43.045021057
0.999991298 0.004156316 0.000376005 -0.258008361 -0.004157787 0.999983370 0.004000386 -0.763629138 -0.000359372 -0.004001915 0.999991953 44.246593475
0.999989927 0.003789581 0.002399271 -0.268721342 -0.003806346 0.999968112 0.007021990 -0.780777991 -0.002372585 -0.007031052 0.999972463 45.451473236
0.999977410 0.004562365 0.004940679 -0.285713613 -0.004610682 0.999941230 0.009812580 -0.789210141 -0.004895620 -0.009835138 0.999939620 46.668018341
0.999968112 0.005085760 0.006156932 -0.281222969 -0.005167807 0.999897063 0.013384378 -0.798367977 -0.006088228 -0.013415768 0.999891460 47.876743317
0.999962270 0.004492855 0.007431909 -0.280825347 -0.004600095 0.999884665 0.014476016 -0.802936494 -0.007366013 -0.014509657 0.999867618 49.085262299
0.999947727 0.003066725 0.009752429 -0.286221057 -0.003191515 0.999912918 0.012806071 -0.804638088 -0.009712307 -0.012836527 0.999870420 50.283157349
0.999931931 0.004104080 0.010923526 -0.281200558 -0.004225913 0.999928892 0.011153688 -0.809005201 -0.010876973 -0.011199091 0.999878109 51.494487762
0.999922872 0.004196513 0.011689502 -0.273779243 -0.004321993 0.999933064 0.010729942 -0.815276146 -0.011643691 -0.010779637 0.999874115 52.690776825
0.999920547 0.004068606 0.011932657 -0.272686958 -0.004191625 0.999938130 0.010302600 -0.828663886 -0.011890002 -0.010351798 0.999875724 53.898338318
0.999927282 0.003391220 0.011570888 -0.276142180 -0.003497235 0.999951959 0.009154348 -0.836498797 -0.011539288 -0.009194148 0.999891162 55.099384308
0.999943614 0.003361476 0.010071079 -0.272273690 -0.003460472 0.999945700 0.009828427 -0.847938299 -0.010037495 -0.009862724 0.999900997 56.297447205
0.999957979 0.003279500 0.008558761 -0.268223494 -0.003370054 0.999938250 0.010587353 -0.850368738 -0.008523512 -0.010615752 0.999907315 57.502380371
0.999962687 0.003205041 0.008018515 -0.270169646 -0.003295727 0.999930501 0.011322121 -0.864362180 -0.007981669 -0.011348126 0.999903738 58.703605652
0.999965012 0.004329094 0.007157641 -0.269652873 -0.004407159 0.999930561 0.010926854 -0.869205177 -0.007109840 -0.010958016 0.999914706 59.906803131
0.999967039 0.004496511 0.006756961 -0.274830997 -0.004570851 0.999928772 0.011027056 -0.881102681 -0.006706897 -0.011057578 0.999916375 61.106616974
0.999974668 0.003143513 0.006382015 -0.267637402 -0.003210909 0.999938905 0.010577688 -0.889082134 -0.006348373 -0.010597913 0.999923706 62.304744720
0.999974787 0.002969017 0.006449523 -0.271745533 -0.003030626 0.999949694 0.009563807 -0.902718246 -0.006420803 -0.009583113 0.999933481 63.507186890
0.999977708 0.002272328 0.006279644 -0.272335231 -0.002340820 0.999937594 0.010921189 -0.912669957 -0.006254436 -0.010935645 0.999920666 64.714294434
0.999978244 0.001932394 0.006307979 -0.275849164 -0.002009959 0.999922156 0.012313328 -0.918621838 -0.006283694 -0.012325739 0.999904275 65.916114807
0.999979138 0.002580486 0.005922709 -0.274191320 -0.002643909 0.999938965 0.010725720 -0.930804670 -0.005894670 -0.010741156 0.999924958 67.122047424
0.999972403 0.004336762 0.006029157 -0.277297020 -0.004395443 0.999942780 0.009753956 -0.940220118 -0.005986511 -0.009780188 0.999934256 68.314620972
0.999955416 0.006959371 0.006377654 -0.285925269 -0.007020985 0.999928415 0.009690016 -0.942972243 -0.006309761 -0.009734361 0.999932706 69.508956909
0.999938071 0.009165948 0.006313732 -0.284791529 -0.009226521 0.999911010 0.009632559 -0.948245347 -0.006224879 -0.009690216 0.999933660 70.701057434
0.999922812 0.010484901 0.006661982 -0.286755979 -0.010551107 0.999894500 0.009981680 -0.955752313 -0.006556622 -0.010051201 0.999927998 71.899467468
0.999911964 0.010855904 0.007629192 -0.286126107 -0.010941748 0.999876261 0.011301867 -0.969277680 -0.007505556 -0.011384348 0.999907017 73.096405029
0.999868393 0.013091439 0.009580906 -0.285885960 -0.013205178 0.999841928 0.011906050 -0.973421335 -0.009423524 -0.012031001 0.999883235 74.277915955
0.999852955 0.012091821 0.012157892 -0.277822167 -0.012208529 0.999879658 0.009571375 -0.980535805 -0.012040694 -0.009718399 0.999880254 75.457687378
0.999851167 0.008727588 0.014883289 -0.261203408 -0.008799112 0.999949992 0.004747027 -1.000274897 -0.014841115 -0.004877280 0.999877989 76.651687622
0.999803841 0.009433156 0.017414045 -0.247441903 -0.009513051 0.999944568 0.004510851 -1.012770653 -0.017370528 -0.004675627 0.999838173 77.831970215
0.999752402 0.008948923 0.020372806 -0.230770081 -0.009109337 0.999928117 0.007794811 -1.025054336 -0.020301586 -0.007978464 0.999762058 79.012054443
0.999664187 0.009113880 0.024258455 -0.214179009 -0.009340631 0.999913573 0.009250463 -1.038810611 -0.024172051 -0.009473946 0.999662936 80.174278259
0.999560595 0.009453717 0.028092910 -0.186557487 -0.009661661 0.999926865 0.007275483 -1.048482418 -0.028022075 -0.007543711 0.999578834 81.358886719
0.999466181 0.008719048 0.031486079 -0.153605744 -0.008855470 0.999951959 0.004195929 -1.062928081 -0.031447981 -0.004472513 0.999495387 82.519523621
0.999365687 0.007418647 0.034830630 -0.118679211 -0.007452159 0.999971867 0.000832409 -1.083799243 -0.034823474 -0.001091444 0.999392867 83.702209473
0.999244273 0.006641633 0.038298197 -0.078091435 -0.006644682 0.999977946 -0.000047665 -1.102090955 -0.038297668 -0.000206850 0.999266326 84.862945557
0.999103785 0.006912586 0.041758861 -0.030940952 -0.006987251 0.999974251 0.001642311 -1.125231266 -0.041746430 -0.001932619 0.999126375 86.031623840
0.998915911 0.008344546 0.045797464 0.009434190 -0.008455017 0.999961793 0.002218975 -1.148582339 -0.045777198 -0.002603788 0.998948276 87.194992065
0.998751104 0.007579208 0.049384452 0.063079044 -0.007586028 0.999971211 -0.000049330 -1.166838765 -0.049383406 -0.000325363 0.998779833 88.344474792
0.998583138 0.007459223 0.052688420 0.119013891 -0.007346890 0.999970317 -0.002325398 -1.187878609 -0.052704200 0.001935008 0.998608291 89.494644165
0.998408318 0.007580725 0.055887140 0.178939357 -0.007439041 0.999968588 -0.002742790 -1.208753467 -0.055906173 0.002322678 0.998433352 90.658470154
0.998258650 0.006659686 0.058611859 0.246907577 -0.006580946 0.999977171 -0.001536341 -1.228283286 -0.058620751 0.001147944 0.998279691 91.815093994
0.998075783 0.005691197 0.061744429 0.305920601 -0.005697724 0.999983788 -0.000070359 -1.251628518 -0.061743826 -0.000281579 0.998091996 92.982444763
0.997901738 0.004876949 0.064562246 0.376154542 -0.004994697 0.999986172 0.001662510 -1.269961119 -0.064553238 -0.001981491 0.997912288 94.141586304
0.997763336 0.003486188 0.066754930 0.453821093 -0.003668763 0.999989867 0.002612606 -1.287385345 -0.066745140 -0.002851671 0.997765958 95.292396545
0.997597754 0.002296422 0.069234967 0.524586022 -0.002329689 0.999997199 0.000399747 -1.307527661 -0.069233857 -0.000560083 0.997600317 96.452720642
0.997442722 0.000810254 0.071465388 0.605186462 -0.000581357 0.999994636 -0.003223639 -1.326294780 -0.071467616 0.003173848 0.997437894 97.605377197
0.997285604 0.001911607 0.073605105 0.685862899 -0.001476517 0.999981105 -0.005965086 -1.347766638 -0.073615119 0.005840215 0.997269630 98.778991699
0.997154474 0.001882943 0.075361840 0.763394952 -0.001360053 0.999974668 -0.006989113 -1.369107366 -0.075373091 0.006866729 0.997131765 99.950874329
0.997138023 0.001939963 0.075577624 0.852068067 -0.001463678 0.999978721 -0.006356807 -1.395554066 -0.075588346 0.006227992 0.997119665 101.134925842
0.997187495 0.002166234 0.074915834 0.935513258 -0.001828265 0.999987841 -0.004579595 -1.418407679 -0.074924842 0.004429749 0.997179329 102.324607849
0.997267663 0.001523487 0.073856980 1.010221124 -0.001292491 0.999994099 -0.003175312 -1.438541055 -0.073861383 0.003071177 0.997263789 103.510917664
0.997420669 0.001989478 0.071750306 1.094347477 -0.001826341 0.999995589 -0.002339203 -1.457185984 -0.071754642 0.002202129 0.997419894 104.714454651
0.997595310 0.002173949 0.069273978 1.168240190 -0.002038585 0.999995887 -0.002024675 -1.476344585 -0.069278099 0.001878586 0.997595608 105.912757874
0.997793138 0.002860543 0.066337131 1.240014791 -0.002746769 0.999994576 -0.001806226 -1.503753662 -0.066341937 0.001620027 0.997795641 107.118118286
0.998024762 0.004420287 0.062666111 1.305804133 -0.004283879 0.999988139 -0.002310946 -1.520508647 -0.062675580 0.002037928 0.998031855 108.326950073
0.998267651 0.004553911 0.058659516 1.364376068 -0.004446161 0.999988198 -0.001967266 -1.540422678 -0.058667783 0.001703049 0.998276114 109.512168884
0.998495698 0.004847003 0.054615553 1.427105904 -0.004807448 0.999988079 -0.000855596 -1.560588241 -0.054619048 0.000591748 0.998507082 110.735839844
0.998718023 0.005505439 0.050318662 1.488053679 -0.005513183 0.999984801 0.000015111 -1.584857702 -0.050317816 -0.000292507 0.998733222 111.958816528
0.998927593 0.005768713 0.045938622 1.530616641 -0.005799694 0.999983013 0.000541157 -1.601891160 -0.045934722 -0.000807006 0.998944104 113.168174744
0.999140799 0.006116039 0.040990364 1.584000707 -0.006148905 0.999980867 0.000675779 -1.624719501 -0.040985446 -0.000927244 0.999159336 114.404487610
0.999340773 0.006471352 0.035722643 1.625906944 -0.006503021 0.999978542 0.000770391 -1.644411087 -0.035716891 -0.001002188 0.999361455 115.626548767
0.999487221 0.007186080 0.031204076 1.649190307 -0.007195023 0.999974072 0.000174337 -1.657591343 -0.031202016 -0.000398761 0.999513030 116.858329773
0.999609113 0.008355089 0.026679967 1.666947007 -0.008343930 0.999965072 -0.000529539 -1.673587203 -0.026683459 0.000306717 0.999643862 118.094902039
0.999677896 0.010283986 0.023201395 1.689820051 -0.010279158 0.999947131 -0.000327352 -1.702674031 -0.023203533 0.000088756 0.999730766 119.319297791
0.999709666 0.011962025 0.020916093 1.703440905 -0.011966458 0.999928415 0.000086735 -1.726802111 -0.020913558 -0.000337002 0.999781251 120.538459778
0.999714136 0.013194633 0.019938199 1.725189924 -0.013185871 0.999912918 -0.000570871 -1.741032004 -0.019943995 0.000307805 0.999801040 121.800804138
0.999701619 0.015533863 0.018850865 1.738855481 -0.015533786 0.999879360 -0.000150512 -1.761651874 -0.018850928 -0.000142358 0.999822319 123.044601440
0.999692202 0.016936647 0.018130220 1.747110844 -0.016949061 0.999856234 0.000531348 -1.776524067 -0.018118614 -0.000838474 0.999835491 124.278251648
0.999710083 0.016515726 0.017521361 1.764240146 -0.016536135 0.999862731 0.001020561 -1.796740770 -0.017502099 -0.001310000 0.999845982 125.546859741
0.999652386 0.020225314 0.016911097 1.768948436 -0.020277066 0.999790192 0.002894345 -1.811797976 -0.016849011 -0.003236246 0.999852836 126.791664124
0.999641240 0.021366091 0.016151644 1.783844352 -0.021468109 0.999750495 0.006169365 -1.824903727 -0.016015798 -0.006513896 0.999850512 128.056365967
0.999683082 0.019988339 0.015303156 1.802525043 -0.020074299 0.999783456 0.005484161 -1.835151196 -0.015190223 -0.005789623 0.999867857 129.307556152
0.999686122 0.020247139 0.014755588 1.812570691 -0.020307602 0.999785960 0.003959425 -1.848007083 -0.014672263 -0.004257833 0.999883294 130.562530518
0.999743342 0.017551584 0.014325744 1.828541398 -0.017627170 0.999831259 0.005167210 -1.861891508 -0.014232635 -0.005418407 0.999884009 131.832504272
0.999799311 0.015151591 0.013105695 1.847198963 -0.015242199 0.999860406 0.006841626 -1.871017933 -0.013000204 -0.007040013 0.999890685 133.092849731
0.999839842 0.012074786 0.013209622 1.859969378 -0.012191214 0.999887228 0.008769082 -1.885169864 -0.013102248 -0.008928719 0.999874294 134.361862183
0.999868512 0.009989577 0.012771564 1.874634504 -0.010118253 0.999898314 0.010050514 -1.896904707 -0.012669864 -0.010178419 0.999867916 135.628067017
0.999900043 0.005739695 0.012921820 1.891403675 -0.005843632 0.999950767 0.008020177 -1.903814316 -0.012875151 -0.008094886 0.999884367 136.908950806
0.999910891 0.003231012 0.012953730 1.904839516 -0.003321359 0.999970257 0.006959154 -1.913670421 -0.012930860 -0.007001558 0.999891877 138.178909302
0.999911129 0.002321511 0.013129828 1.921536088 -0.002409779 0.999974549 0.006710931 -1.923666120 -0.013113914 -0.006741975 0.999891281 139.455825806
0.999904096 0.001977824 0.013708807 1.930114150 -0.002072349 0.999974132 0.006884456 -1.933881879 -0.013694836 -0.006912205 0.999882340 140.729843140
0.999893308 0.002921627 0.014310685 1.944385886 -0.003053815 0.999952793 0.009223911 -1.949604154 -0.014283060 -0.009266630 0.999855042 142.018554688
0.999871910 0.005127816 0.015160636 1.950154185 -0.005291454 0.999927938 0.010773286 -1.959784746 -0.015104300 -0.010852128 0.999827027 143.292709351
0.999860227 0.005076564 0.015928643 1.961039186 -0.005225227 0.999943078 0.009305330 -1.971681476 -0.015880495 -0.009387260 0.999829829 144.581787109
0.999847829 0.005794185 0.016455855 1.973206878 -0.005914159 0.999956191 0.007251387 -1.983498573 -0.016413119 -0.007347605 0.999838293 145.861801147
0.999840260 0.005492658 0.017008044 1.986012697 -0.005574228 0.999973178 0.004752276 -1.996258974 -0.016981484 -0.004846324 0.999844074 147.137329102
0.999834895 0.004860415 0.017509906 1.996663451 -0.004872588 0.999987900 0.000652604 -2.016881704 -0.017506521 -0.000737815 0.999846458 148.402740479
0.999826074 0.004934719 0.017985430 2.016016006 -0.004884965 0.999984145 -0.002809239 -2.038987160 -0.017999008 0.002720892 0.999834299 149.684875488
0.999824286 0.004391421 0.018224316 2.032424450 -0.004320938 0.999983013 -0.003905095 -2.062440872 -0.018241156 0.003825663 0.999826312 150.959167480
0.999810040 0.004885498 0.018867824 2.040610790 -0.004820059 0.999982238 -0.003512250 -2.092809439 -0.018884648 0.003420639 0.999815822 152.220993042
0.999821842 0.004999428 0.018201629 2.067629337 -0.004943002 0.999982834 -0.003143708 -2.110815287 -0.018217033 0.003053177 0.999829412 153.492370605
0.999826252 0.005233530 0.017891083 2.085003614 -0.005196883 0.999984324 -0.002094241 -2.136513233 -0.017901761 0.002000900 0.999837756 154.751754761
0.999825418 0.006217632 0.017620722 2.100742102 -0.006190640 0.999979556 -0.001585973 -2.159805536 -0.017630223 0.001476613 0.999843478 156.025222778
0.999829769 0.006681937 0.017198063 2.112184286 -0.006652039 0.999976277 -0.001795067 -2.185081720 -0.017209651 0.001680360 0.999850512 157.289962769
0.999839008 0.006870444 0.016574500 2.129116058 -0.006841463 0.999974966 -0.001804615 -2.206979990 -0.016586483 0.001690931 0.999861002 158.560424805
0.999856114 0.006184701 0.015794553 2.145076513 -0.006174136 0.999980688 -0.000717585 -2.228110552 -0.015798686 0.000619964 0.999875009 159.835983276
0.999855280 0.007454074 0.015292866 2.161002874 -0.007451995 0.999972224 -0.000192928 -2.255248547 -0.015293879 0.000078938 0.999883056 161.110839844
0.999866724 0.007623360 0.014436684 2.174465418 -0.007608545 0.999970496 -0.001080849 -2.279905796 -0.014444496 0.000970863 0.999895215 162.377990723
0.999865472 0.008300966 0.014148460 2.181826115 -0.008267422 0.999962866 -0.002427674 -2.300308704 -0.014168086 0.002310376 0.999896944 163.640686035
0.999867201 0.009157342 0.013480812 2.189790726 -0.009125846 0.999955475 -0.002396034 -2.324147701 -0.013502154 0.002272692 0.999906242 164.911041260
0.999879777 0.008771727 0.012786846 2.199969292 -0.008731110 0.999956667 -0.003228768 -2.352733850 -0.012814614 0.003116736 0.999913037 166.180603027
0.999890447 0.009141966 0.011639239 2.210623741 -0.009093672 0.999949872 -0.004195414 -2.378575087 -0.011677010 0.004089111 0.999923468 167.447525024
0.999893606 0.009663239 0.010928778 2.215480566 -0.009620301 0.999945819 -0.003974595 -2.404284716 -0.010966593 0.003869034 0.999932408 168.720092773
0.999899209 0.009413820 0.010629484 2.224354506 -0.009383781 0.999951839 -0.002872415 -2.426960230 -0.010656012 0.002772380 0.999939382 169.990600586
0.999907732 0.009271679 0.009925044 2.228982449 -0.009250615 0.999954879 -0.002166118 -2.453660011 -0.009944680 0.002074105 0.999948382 171.260528564
0.999900043 0.010442925 0.009532558 2.229825258 -0.010424010 0.999943614 -0.002031719 -2.479869366 -0.009553237 0.001932148 0.999952495 172.525009155
0.999904096 0.010750997 0.008731597 2.232549191 -0.010737026 0.999940991 -0.001645318 -2.505246401 -0.008748771 0.001551409 0.999960542 173.795654297
0.999904633 0.011081710 0.008244855 2.238258839 -0.011062451 0.999935985 -0.002377944 -2.531698227 -0.008270679 0.002286508 0.999963164 175.072952271
0.999893486 0.012133730 0.008111386 2.231251001 -0.012108059 0.999921560 -0.003206468 -2.552109957 -0.008149656 0.003107914 0.999961972 176.312744141
0.999901474 0.011688242 0.007772925 2.234587431 -0.011666181 0.999927819 -0.002877454 -2.577122927 -0.007805997 0.002786490 0.999965668 177.590179443
0.999899566 0.011843275 0.007782264 2.229165077 -0.011813385 0.999922693 -0.003875551 -2.605970383 -0.007827562 0.003783227 0.999962211 178.847656250
0.999912739 0.010817732 0.007581765 2.240495920 -0.010774442 0.999925554 -0.005727534 -2.625928402 -0.007643159 0.005645345 0.999954879 180.101226807
0.999944329 0.007800278 0.007107748 2.246517181 -0.007760513 0.999954164 -0.005605032 -2.652239799 -0.007151143 0.005549560 0.999959052 181.369583130
0.999948025 0.007474403 0.006932218 2.251450539 -0.007462717 0.999970675 -0.001710038 -2.680585623 -0.006944796 0.001658216 0.999974489 182.640792847
0.999948442 0.006978146 0.007379919 2.244979382 -0.006997668 0.999972105 0.002622707 -2.706212759 -0.007361411 -0.002674214 0.999969304 183.895874023
0.999942541 0.008327722 0.006750248 2.251245975 -0.008342261 0.999962926 0.002128665 -2.726220369 -0.006732271 -0.002184855 0.999974966 185.155960083
0.999925137 0.009747355 0.007396284 2.247656822 -0.009737933 0.999951720 -0.001308787 -2.744342327 -0.007408684 0.001236665 0.999971807 186.387283325
0.999925435 0.009850770 0.007217789 2.248277426 -0.009826656 0.999946058 -0.003368759 -2.766561508 -0.007250585 0.003297581 0.999968290 187.626831055
0.999926805 0.009898519 0.006953067 2.247928381 -0.009879358 0.999947309 -0.002784714 -2.795452833 -0.006980265 0.002715818 0.999971926 188.885345459
0.999925196 0.009822097 0.007286265 2.250797510 -0.009808557 0.999950111 -0.001891755 -2.818593264 -0.007304483 0.001820146 0.999971688 190.131210327
0.999922097 0.009978036 0.007499233 2.251549482 -0.009980549 0.999950171 0.000297765 -2.844920874 -0.007495888 -0.000372588 0.999971807 191.383087158
0.999920011 0.009455623 0.008401641 2.253796577 -0.009466066 0.999954462 0.001204078 -2.870816946 -0.008389873 -0.001283512 0.999963999 192.637481689
0.999908626 0.009362112 0.009748962 2.261437654 -0.009368105 0.999955952 0.000569283 -2.891207695 -0.009743202 -0.000660561 0.999952316 193.872604370
0.999904215 0.007972025 0.011315285 2.264331102 -0.007964394 0.999968052 -0.000719399 -2.916532278 -0.011320659 0.000629211 0.999935746 195.106262207
0.999888539 0.008223181 0.012463078 2.278401852 -0.008191656 0.999963105 -0.002578333 -2.938215494 -0.012483820 0.002475952 0.999918997 196.334930420
0.999874353 0.007613440 0.013905140 2.288409948 -0.007570671 0.999966443 -0.003125767 -2.964412689 -0.013928471 0.003020103 0.999898434 197.562911987
0.999853313 0.007902944 0.015196756 2.303112984 -0.007869006 0.999966383 -0.002291753 -2.993437290 -0.015214358 0.002171833 0.999881923 198.771377563
0.999834418 0.007485462 0.016587129 2.316451073 -0.007481957 0.999971986 -0.000273312 -3.021277189 -0.016588710 0.000149163 0.999862373 199.984741211
0.999806762 0.008207324 0.017863002 2.331223011 -0.008207832 0.999966323 -0.000044859 -3.045695305 -0.017862767 -0.000101766 0.999840438 201.198944092
0.999785364 0.007895713 0.019153237 2.345134974 -0.007896373 0.999968827 -0.000041173 -3.066489220 -0.019152965 -0.000110077 0.999816537 202.403884888
0.999764979 0.008188040 0.020072309 2.364416361 -0.008193955 0.999966383 0.000212451 -3.094035149 -0.020069895 -0.000376873 0.999798536 203.596984863
0.999739528 0.008124623 0.021326743 2.376798630 -0.008136940 0.999966800 0.000490825 -3.115822554 -0.021322047 -0.000664231 0.999772429 204.785751343
0.999701858 0.008560536 0.022866067 2.387087584 -0.008577123 0.999963045 0.000627386 -3.144840002 -0.022859851 -0.000823324 0.999738336 205.993438721
0.999696016 0.008109812 0.023282727 2.410529137 -0.008122029 0.999966919 0.000430223 -3.162089586 -0.023278469 -0.000619196 0.999728799 207.151321411
0.999693990 0.007088517 0.023699088 2.431343079 -0.007101841 0.999974668 0.000478091 -3.185292721 -0.023695098 -0.000646252 0.999719024 208.310653687
0.999694526 0.006945168 0.023719678 2.450576782 -0.006978081 0.999974787 0.001305086 -3.209546089 -0.023710016 -0.001470205 0.999717772 209.449081421
0.999691308 0.006758441 0.023908701 2.467967749 -0.006809406 0.999974728 0.002050866 -3.225649357 -0.023894235 -0.002213037 0.999712050 210.583709717
0.999701679 0.006702675 0.023486109 2.484397411 -0.006751401 0.999975204 0.001995969 -3.249174118 -0.023472151 -0.002153937 0.999722183 211.696395874
0.999697208 0.007857721 0.023317458 2.499189138 -0.007884209 0.999968350 0.001044260 -3.272556305 -0.023308514 -0.001227784 0.999727547 212.800216675
0.999701798 0.008190394 0.023005754 2.514200926 -0.008197377 0.999966383 0.000209233 -3.292618036 -0.023003265 -0.000397758 0.999735296 213.886749268
0.999723494 0.008039393 0.022097388 2.538312674 -0.008043710 0.999967635 0.000106450 -3.315277100 -0.022095818 -0.000284166 0.999755800 214.954299927
0.999750018 0.007435787 0.021086449 2.553992271 -0.007437929 0.999972343 0.000023151 -3.336258173 -0.021085693 -0.000179984 0.999777675 216.015075684
0.999789715 0.006851310 0.019327972 2.573420525 -0.006871981 0.999975860 0.001003296 -3.361506462 -0.019320631 -0.001135907 0.999812722 217.059539795
0.999838829 0.005557344 0.017072391 2.590307474 -0.005600394 0.999981284 0.002474831 -3.380365372 -0.017058317 -0.002570044 0.999851167 218.095520020
0.999864876 0.005906740 0.015342521 2.593082190 -0.005976283 0.999972045 0.004490775 -3.403633833 -0.015315566 -0.004581859 0.999872208 219.116104126
0.999893010 0.006331680 0.013184761 2.597965240 -0.006389063 0.999970257 0.004314653 -3.418273926 -0.013157049 -0.004398429 0.999903798 220.132827759
0.999929667 0.006054045 0.010200671 2.607481718 -0.006094578 0.999973655 0.003947211 -3.435766697 -0.010176505 -0.004009102 0.999940157 221.125152588
0.999951422 0.006420338 0.007479533 2.603966951 -0.006450407 0.999971211 0.004002979 -3.451953411 -0.007453617 -0.004051031 0.999963999 222.093505859
0.999961376 0.007424565 0.004700231 2.604218245 -0.007446283 0.999961615 0.004620045 -3.471191168 -0.004665749 -0.004654866 0.999978304 223.048477173
0.999969721 0.007542719 0.001902426 2.597856045 -0.007551379 0.999960959 0.004586500 -3.492321253 -0.001867758 -0.004600727 0.999987662 223.977752686
0.999969125 0.007770402 -0.001185817 2.592419147 -0.007766044 0.999963224 0.003636670 -3.503406763 0.001214032 -0.003627348 0.999992669 224.883621216
0.999962747 0.007594844 -0.004096548 2.575787067 -0.007582502 0.999966681 0.003019831 -3.521128178 0.004119347 -0.002988657 0.999987066 225.760238647
0.999938488 0.008539724 -0.007078726 2.561996937 -0.008516269 0.999958158 0.003337063 -3.543432474 0.007106927 -0.003276573 0.999969363 226.612823486
0.999911904 0.008951090 -0.009800759 2.542519808 -0.008927313 0.999957085 0.002467164 -3.557064772 0.009822423 -0.002379452 0.999948919 227.446716309
0.999873400 0.010292085 -0.012135425 2.523309708 -0.010261687 0.999944031 0.002564476 -3.577011108 0.012161140 -0.002439621 0.999923050 228.266143799
0.999853313 0.011087370 -0.013053762 2.511233330 -0.011052239 0.999935091 0.002760370 -3.586354971 0.013083519 -0.002615692 0.999911010 229.073867798
0.999853432 0.011136919 -0.013005411 2.494499922 -0.011087891 0.999931157 0.003835880 -3.605836868 0.013047236 -0.003691115 0.999908090 229.857727051
0.999856651 0.011100520 -0.012784778 2.482617617 -0.011044353 0.999929070 0.004455484 -3.619044065 0.012833330 -0.004313646 0.999908328 230.616973877
0.999866903 0.011071617 -0.011985200 2.464199543 -0.011024071 0.999931157 0.004025915 -3.633416176 0.012028948 -0.003893253 0.999920070 231.366180420
0.999862790 0.011767006 -0.011660567 2.453374863 -0.011737081 0.999927640 0.002631520 -3.651410103 0.011690689 -0.002494297 0.999928534 232.096679688
0.999874830 0.011705021 -0.010642366 2.442278624 -0.011700563 0.999931455 0.000481118 -3.664389133 0.010647268 -0.000356536 0.999943256 232.826446533
0.999881983 0.012033184 -0.009549846 2.431539774 -0.012041158 0.999927223 -0.000777919 -3.681495905 0.009539790 0.000892818 0.999954104 233.552581787
0.999883175 0.012864841 -0.008252780 2.424805403 -0.012879674 0.999915540 -0.001746668 -3.687287331 0.008229612 0.001852758 0.999964416 234.291717529
0.999904454 0.012200112 -0.006498863 2.418930292 -0.012212421 0.999923706 -0.001857810 -3.701228857 0.006475701 0.001936999 0.999977171 235.014984131
0.999917030 0.011956386 -0.004797235 2.413638353 -0.011966025 0.999926448 -0.001985507 -3.717716455 0.004773142 0.002042745 0.999986529 235.725158691
0.999924064 0.012078335 -0.002454371 2.396769047 -0.012083862 0.999924481 -0.002249863 -3.729823351 0.002427011 0.002279351 0.999994457 236.442703247
0.999932349 0.011593564 -0.000936749 2.409557104 -0.011595619 0.999930322 -0.002218977 -3.751465082 0.000910957 0.002229689 0.999997079 237.178253174
0.999933004 0.011459735 0.001649287 2.410260439 -0.011456681 0.999932647 -0.001849264 -3.764662266 -0.001670368 0.001830245 0.999996901 237.881805420
0.999931633 0.010554720 0.005032886 2.410273314 -0.010548899 0.999943674 -0.001181794 -3.780723810 -0.005045076 0.001128622 0.999986649 238.590805054
0.999920070 0.009767762 0.008025512 2.416152239 -0.009757999 0.999951601 -0.001254752 -3.793095350 -0.008037380 0.001176339 0.999966979 239.288772583
0.999892414 0.009685508 0.011015532 2.424699783 -0.009677534 0.999952853 -0.000776920 -3.812513828 -0.011022537 0.000670233 0.999939024 239.996520996
0.999860406 0.009336951 0.013854553 2.433416367 -0.009322216 0.999955893 -0.001127771 -3.825458765 -0.013864473 0.000998458 0.999903381 240.683181763
0.999818861 0.008908584 0.016819630 2.442568064 -0.008893807 0.999960005 -0.000953073 -3.844790220 -0.016827447 0.000803310 0.999858081 241.378967285
0.999747813 0.010195228 0.020007975 2.451155424 -0.010145292 0.999945164 -0.002595763 -3.851410866 -0.020033343 0.002392122 0.999796450 242.079727173
0.999683142 0.010308345 0.022964798 2.465035915 -0.010242761 0.999943137 -0.002971643 -3.866358995 -0.022994123 0.002735479 0.999731839 242.775024414
0.999610841 0.010517625 0.025836349 2.480370998 -0.010467700 0.999943078 -0.002066863 -3.879835844 -0.025856616 0.001795612 0.999664068 243.476943970
0.999546885 0.010517639 0.028201943 2.503463268 -0.010478857 0.999943912 -0.001522598 -3.891779900 -0.028216375 0.001226384 0.999601066 244.197280884
0.999473095 0.010358232 0.030760892 2.520552158 -0.010310467 0.999945402 -0.001710983 -3.905467033 -0.030776935 0.001392923 0.999525309 244.900390625
0.999409080 0.010467832 0.032740630 2.540509224 -0.010364723 0.999940753 -0.003317405 -3.918903589 -0.032773420 0.002976097 0.999458373 245.604995728
0.999355555 0.010327807 0.034377072 2.569792032 -0.010139083 0.999932587 -0.005659609 -3.933124781 -0.034433205 0.005307409 0.999392927 246.331848145
0.999327779 0.009655955 0.035366829 2.594822645 -0.009398662 0.999928176 -0.007434035 -3.945202827 -0.035436075 0.007096636 0.999346733 247.049972534
0.999324679 0.009338718 0.035538759 2.619401455 -0.009070401 0.999929190 -0.007703743 -3.961273193 -0.035608187 0.007376190 0.999338627 247.770736694
0.999336064 0.007718785 0.035606880 2.643232584 -0.007438159 0.999940276 -0.008006977 -3.980299950 -0.035666555 0.007736811 0.999333799 248.495986938
0.999319732 0.009972626 0.035505321 2.669640541 -0.009678688 0.999917507 -0.008440988 -3.994836807 -0.035586569 0.008091601 0.999333858 249.233795166
0.999295413 0.010131363 0.036139034 2.690548897 -0.009819343 0.999913037 -0.008800949 -4.011503696 -0.036225058 0.008439886 0.999307990 249.968383789
0.999303401 0.009383460 0.036120396 2.715755463 -0.008994478 0.999899983 -0.010916515 -4.028667927 -0.036219217 0.010584027 0.999287844 250.722793579
0.999318898 0.005574710 0.036477968 2.743857861 -0.005104974 0.999903023 -0.012957741 -4.048929691 -0.036546666 0.012762696 0.999250472 251.472305298
0.999317765 0.002422861 0.036852535 2.777403593 -0.001914156 0.999902487 -0.013832818 -4.067208767 -0.036882456 0.013752840 0.999224961 252.237640381
0.999282002 0.004634988 0.037603457 2.801366806 -0.004258352 0.999940038 -0.010089908 -4.080071926 -0.037647970 0.009922534 0.999241829 253.011016846
0.999240577 0.008008905 0.038133364 2.819002390 -0.007878503 0.999962568 -0.003568684 -4.099587917 -0.038160518 0.003265540 0.999266267 253.798675537
0.999224186 0.007226855 0.038713749 2.852103233 -0.007234902 0.999973834 0.000067748 -4.118923664 -0.038712244 -0.000347785 0.999250352 254.584136963
0.999118626 0.006554785 0.041460440 2.881542206 -0.006450694 0.999975681 -0.002643906 -4.122877121 -0.041476764 0.002374127 0.999136627 255.388397217
0.998937428 0.007734439 0.045432921 2.912781000 -0.007334498 0.999932945 -0.008963002 -4.132532597 -0.045499198 0.008620250 0.998927176 256.181396484
0.998731315 0.009989718 0.049355440 2.944108248 -0.009380966 0.999877214 -0.012550322 -4.150119305 -0.049474753 0.012071398 0.998702407 256.987213135
0.998546660 0.011741676 0.052599307 2.978529453 -0.011118391 0.999864638 -0.012126687 -4.171926022 -0.052734576 0.011524243 0.998542070 257.830993652
0.998405159 0.009844656 0.055589698 3.027825117 -0.009310093 0.999907970 -0.009867029 -4.191230297 -0.055681720 0.009333748 0.998404920 258.653961182
0.998251617 0.006385181 0.058762137 3.077867746 -0.006020844 0.999961555 -0.006375172 -4.213970184 -0.058800582 0.006010228 0.998251677 259.489929199
0.998097658 0.004240269 0.061507158 3.133635521 -0.003930816 0.999979019 -0.005151297 -4.227414131 -0.061527710 0.004899724 0.998093367 260.354675293
0.997931540 0.004292924 0.064142309 3.188570023 -0.004010487 0.999981701 -0.004531392 -4.246695042 -0.064160593 0.004264777 0.997930467 261.193542480
0.997753501 0.006285563 0.066696912 3.243560314 -0.005858847 0.999961138 -0.006591508 -4.265767097 -0.066735752 0.006185933 0.997751534 262.032470703
0.997573256 0.008543792 0.069098152 3.300683737 -0.007904455 0.999923408 -0.009520728 -4.274122238 -0.069174200 0.008951441 0.997564435 262.911132812
0.997393012 0.008799048 0.071621910 3.353302479 -0.008135580 0.999921322 -0.009549934 -4.293605804 -0.071700297 0.008942353 0.997386158 263.746063232
0.997174978 0.009504246 0.074509844 3.412099361 -0.008988976 0.999933302 -0.007247760 -4.316945553 -0.074573755 0.006557518 0.997193933 264.586669922
0.996928096 0.011127043 0.077527925 3.485500813 -0.010729771 0.999927104 -0.005538924 -4.341377735 -0.077583902 0.004690052 0.996974766 265.481231689
0.996702492 0.011388377 0.080339387 3.547321081 -0.010954892 0.999922991 -0.005834393 -4.358353615 -0.080399640 0.004935045 0.996750474 266.323883057
0.996506572 0.012114783 0.082631007 3.621130943 -0.011629672 0.999912202 -0.006349607 -4.374518394 -0.082700677 0.005366454 0.996559978 267.168365479
0.996300101 0.009889429 0.085371271 3.699493647 -0.009354688 0.999934077 -0.006661485 -4.397393703 -0.085431524 0.005838217 0.996326923 268.039184570
0.996172071 0.006819352 0.087147385 3.771880627 -0.006335597 0.999962986 -0.005826382 -4.416928768 -0.087183885 0.005251949 0.996178389 268.879272461
0.996100187 0.005967360 0.088027313 3.842874527 -0.005438221 0.999965668 -0.006249680 -4.430771351 -0.088061586 0.005746596 0.996098459 269.729858398
0.996053874 0.005080761 0.088605046 3.914707661 -0.004578770 0.999972284 -0.005867827 -4.456749916 -0.088632405 0.005438970 0.996049583 270.586761475
0.995999992 0.005593666 0.089177974 3.990948200 -0.005033740 0.999966204 -0.006502408 -4.465927601 -0.089211330 0.006027499 0.995994508 271.474639893
0.996004999 0.005566777 0.089123927 4.061344624 -0.005067083 0.999970138 -0.005831999 -4.485117435 -0.089153737 0.005357102 0.996003449 272.332519531
0.996058047 0.006229673 0.088484667 4.131938457 -0.005737790 0.999966621 -0.005812219 -4.500580311 -0.088517927 0.005281601 0.996060610 273.184082031
0.996206343 0.005771191 0.086831011 4.215874195 -0.005244547 0.999966443 -0.006292064 -4.523428440 -0.086864412 0.005812804 0.996203184 274.063293457
0.996352077 0.005749873 0.085143894 4.282477379 -0.005179883 0.999962687 -0.006913848 -4.545405388 -0.085180469 0.006447591 0.996344686 274.912292480
0.996489823 0.006487871 0.083462216 4.351683140 -0.005834563 0.999950409 -0.008069121 -4.560615063 -0.083510436 0.007553832 0.996478260 275.773193359
0.996598184 0.007613909 0.082061462 4.426220417 -0.007001123 0.999945462 -0.007752572 -4.590023518 -0.082116015 0.007151677 0.996597111 276.664703369
0.996724546 0.008731454 0.080398552 4.487489700 -0.008109983 0.999934673 -0.008053189 -4.608946323 -0.080463618 0.007374781 0.996730268 277.517089844
0.996872544 0.009949364 0.078397147 4.548310757 -0.009356009 0.999924779 -0.007932273 -4.624555588 -0.078470170 0.007173981 0.996890664 278.382049561
0.997105002 0.009843586 0.075396873 4.605674744 -0.009389474 0.999935567 -0.006375068 -4.644680500 -0.075454772 0.005648676 0.997133255 279.223205566
0.997424960 0.008742892 0.071183339 4.665567875 -0.008468923 0.999955535 -0.004149684 -4.661878586 -0.071216449 0.003536152 0.997454643 280.080688477
0.997762918 0.007122942 0.066470876 4.725122452 -0.007004525 0.999973416 -0.002014371 -4.686869621 -0.066483460 0.001544268 0.997786343 280.932647705
0.998063505 0.007046825 0.061802715 4.767425060 -0.006995894 0.999974966 -0.001040435 -4.697527409 -0.061808500 0.000606055 0.998087823 281.757659912
0.998346150 0.006779207 0.057087924 4.806352139 -0.006778015 0.999976993 -0.000214521 -4.715322971 -0.057088066 -0.000172776 0.998369157 282.578826904
0.998609483 0.005557195 0.052423656 4.849431515 -0.005597112 0.999984145 0.000614657 -4.738550663 -0.052419409 -0.000907223 0.998624742 283.395782471
0.998844266 0.004671318 0.047835726 4.881209850 -0.004715623 0.999988556 0.000813369 -4.754070759 -0.047831379 -0.001038004 0.998854876 284.198455811
0.999037147 0.004434471 0.043647926 4.917126179 -0.004455016 0.999989986 0.000373450 -4.767740726 -0.043645833 -0.000567543 0.999046922 284.993591309
0.999206483 0.004738411 0.039547060 4.947115421 -0.004755492 0.999988616 0.000337837 -4.782507896 -0.039545011 -0.000525635 0.999217629 285.771423340
0.999352634 0.005106649 0.035612013 4.971131802 -0.005123545 0.999986827 0.000383225 -4.798429012 -0.035609584 -0.000565436 0.999365628 286.525299072
