1.000000000 0.000000000 0.000000000 0.000000000 0.000000000 1.000000000 0.000000000 0.000000000 0.000000000 0.000000000 1.000000000 0.000000000
0.999933183 -0.002619429 0.011257372 0.016390093 0.002608856 0.999996126 0.000953719 -0.002721914 -0.011259827 -0.000924286 0.999936163 0.295013607
0.999830663 -0.004789317 0.017767712 0.029064337 0.004769683 0.999987960 0.001147273 -0.008943985 -0.017772993 -0.001062332 0.999841511 0.584040999
0.999781728 -0.007560662 0.019476501 0.044558264 0.007567076 0.999971330 -0.000255584 -0.009709068 -0.019474011 0.000402909 0.999810278 0.891827941
0.999812543 -0.009033993 0.017125294 0.050080497 0.009070452 0.999956727 -0.002052494 -0.008162237 -0.017106012 0.002207443 0.999851227 1.199600101
0.999885321 -0.011535321 0.009811761 0.058297098 0.011569929 0.999927044 -0.003477734 -0.009762082 -0.009770928 0.003590856 0.999945819 1.512640238
0.999911308 -0.013190803 -0.001843440 0.048269998 0.013180082 0.999896824 -0.005712050 -0.009016769 0.001918597 0.005687247 0.999981999 1.840635300
0.999754190 -0.012430346 -0.018360192 0.027354341 0.012318312 0.999904871 -0.006202524 -0.011723430 0.018435545 0.005974833 0.999812186 2.177038431
0.999243140 -0.007768864 -0.038115233 -0.003737397 0.007540895 0.999952853 -0.006121167 -0.016363297 0.038160987 0.005829111 0.999254584 2.521016121
0.998332560 -0.004279988 -0.057565689 -0.046489734 0.003861235 0.999965310 -0.007383614 -0.020983154 0.057595294 0.007149028 0.998314440 2.870582581
0.996941507 -0.003992717 -0.078049205 -0.084750891 0.003391300 0.999963522 -0.007836648 -0.024389125 0.078077652 0.007547992 0.996918678 3.237360239
0.995012701 -0.005545421 -0.099594265 -0.128429458 0.004820383 0.999960124 -0.007519081 -0.025976503 0.099631988 0.007001498 0.994999707 3.605626822
0.992891550 -0.006924862 -0.118820794 -0.190842897 0.006192244 0.999959469 -0.006533829 -0.034495272 0.118861228 0.005751616 0.992894232 3.998439312
0.990597963 -0.005838663 -0.136680514 -0.263130575 0.005081365 0.999969721 -0.005888889 -0.040653400 0.136710763 0.005138998 0.990597665 4.398510456
0.988274992 -0.004759983 -0.152610183 -0.337792039 0.003977865 0.999977350 -0.005429850 -0.045022991 0.152632579 0.004759122 0.988271534 4.807221413
0.986147046 -0.003887046 -0.165827736 -0.423908323 0.003063040 0.999981642 -0.005224498 -0.055430446 0.165845007 0.004644187 0.986140907 5.227083683
0.983978510 -0.005562804 -0.178200349 -0.509721935 0.004549056 0.999971092 -0.006096898 -0.061614953 0.178229108 0.005188573 0.983975351 5.658908367
0.982151926 -0.009371580 -0.187855572 -0.600521564 0.007927090 0.999932945 -0.008439168 -0.069540948 0.187922075 0.006799397 0.982160389 6.106290340
0.980599105 -0.008511010 -0.195839062 -0.697357953 0.006581129 0.999923170 -0.010503048 -0.074430041 0.195913419 0.009010438 0.980579793 6.570574284
0.979103267 -0.008391000 -0.203190371 -0.801588595 0.006063021 0.999908686 -0.012076903 -0.082021274 0.203273162 0.010592588 0.979064763 7.040996552
0.977373660 -0.008977703 -0.211329401 -0.912654579 0.005957515 0.999870896 -0.014923744 -0.091293924 0.211436108 0.013327076 0.977300942 7.522347927
0.975582242 -0.012859097 -0.219257697 -1.027619839 0.009408382 0.999815047 -0.016775094 -0.100957654 0.219432846 0.014302624 0.975522757 8.018125534
0.973637879 -0.019821186 -0.227236509 -1.140686035 0.016108522 0.999704957 -0.018181365 -0.113319263 0.227529824 0.014041621 0.973669887 8.530238152
0.971626639 -0.020002840 -0.235672653 -1.264737487 0.015654899 0.999671221 -0.020305902 -0.130693167 0.236001357 0.016040323 0.971620321 9.042607307
0.969484270 -0.016219601 -0.244616345 -1.414195776 0.010433509 0.999634743 -0.024931101 -0.137902722 0.244931370 0.021618104 0.969299376 9.571986198
0.967285335 -0.013056446 -0.253354609 -1.570649505 0.006177139 0.999590814 -0.027929416 -0.155520290 0.253615618 0.025450708 0.966970205 10.110065460
0.964999974 -0.015756739 -0.261776119 -1.718451977 0.008353491 0.999533713 -0.029369650 -0.178616732 0.262116820 0.026154969 0.964681625 10.678351402
0.962568402 -0.018600386 -0.270399868 -1.876814842 0.010365776 0.999438941 -0.031849798 -0.197075874 0.270840585 0.027854703 0.962221146 11.244420052
0.960354865 -0.017972749 -0.278200418 -2.055161238 0.008781525 0.999374747 -0.034249157 -0.219879270 0.278642029 0.030448319 0.959912241 11.821990013
0.957974255 -0.017455522 -0.286322653 -2.233106613 0.006916407 0.999262214 -0.037778720 -0.245375067 0.286770850 0.034210719 0.957388163 12.401908875
0.955572784 -0.018864343 -0.294151008 -2.420212507 0.006533333 0.999060273 -0.042847183 -0.273974657 0.294682860 0.039021816 0.954798043 13.002275467
0.953785896 -0.020372450 -0.299795628 -2.622514248 0.005514153 0.998717725 -0.050324310 -0.307427973 0.300436437 0.046345498 0.952675223 13.615137100
0.952417195 -0.021636903 -0.304028481 -2.827939034 0.003949092 0.998269439 -0.058673043 -0.343026876 0.304771870 0.054680578 0.950854421 14.225758553
0.951284111 -0.020820489 -0.307611793 -3.035728693 0.000141378 0.997746587 -0.067094579 -0.388579428 0.308315545 0.063782521 0.949143469 14.844738007
0.949913383 -0.020161629 -0.311862320 -3.255643129 -0.003811550 0.997095108 -0.076071106 -0.436093003 0.312490106 0.073449634 0.947077155 15.481996536
0.948668778 -0.019585483 -0.315664262 -3.488191843 -0.007049493 0.996523321 -0.083015509 -0.489599854 0.316192687 0.080979496 0.945232511 16.109197617
0.947010398 -0.018037289 -0.320696026 -3.714439631 -0.011324653 0.995926321 -0.089456610 -0.552074075 0.321003199 0.088348113 0.942948341 16.784795761
0.945394218 -0.017141707 -0.325478047 -3.961027384 -0.014791016 0.995330751 -0.095382802 -0.616604507 0.325593352 0.094988503 0.940726399 17.465528488
0.943666458 -0.015202191 -0.330548763 -4.208530426 -0.019258752 0.994727492 -0.100729093 -0.691735685 0.330337226 0.101420626 0.938398182 18.129175186
0.941890061 -0.012626518 -0.335683942 -4.466843605 -0.023582686 0.994342387 -0.103571773 -0.765708029 0.335092515 0.105469555 0.936263442 18.831272125
0.940117180 -0.011693337 -0.340650767 -4.733254910 -0.025723772 0.994127154 -0.105116539 -0.842267871 0.339879334 0.107584685 0.934295237 19.534627914
0.937875688 -0.011543225 -0.346779466 -5.009361744 -0.026409399 0.994172275 -0.104517981 -0.920551717 0.345964998 0.107183106 0.932105124 20.241146088
0.935581326 -0.011453921 -0.352925420 -5.278772354 -0.026469423 0.994386911 -0.102440700 -1.010120153 0.352117747 0.105183341 0.930026650 20.938587189
0.933005393 -0.011657256 -0.359673530 -5.570862770 -0.026403138 0.994563878 -0.100725107 -1.089461684 0.358892471 0.103473581 0.927625656 21.668941498
0.929861963 -0.010881050 -0.367747605 -5.860692501 -0.027000288 0.994848907 -0.097707078 -1.173511744 0.366916448 0.100783385 0.924778342 22.383464813
0.926579535 -0.009029710 -0.375990540 -6.176017284 -0.027634962 0.995374799 -0.092007481 -1.251134753 0.375082284 0.095642731 0.922044337 23.124242783
0.922912240 -0.005971374 -0.384964108 -6.495647907 -0.029736975 0.995787263 -0.086737543 -1.331920743 0.383860290 0.091498807 0.918846726 23.879915237
0.919515550 -0.000998329 -0.393052340 -6.817074299 -0.034289610 0.995980442 -0.082747631 -1.412588000 0.391555071 0.089565344 0.915785313 24.575359344
0.915569067 -0.000251105 -0.402160794 -7.156009197 -0.035357788 0.996077120 -0.081118345 -1.483238220 0.400603533 0.088488959 0.911968470 25.333507538
0.911526382 -0.000022125 -0.411241621 -7.506814003 -0.036419824 0.996066451 -0.080778956 -1.552296281 0.409625739 0.088609502 0.907940030 26.087257385
0.907769024 -0.000561925 -0.419470012 -7.862023354 -0.035983142 0.996208668 -0.079205126 -1.625847459 0.417924166 0.086993806 0.904307187 26.837669373
0.903808773 0.000396626 -0.427936405 -8.238724709 -0.037115630 0.996303916 -0.077465415 -1.693830132 0.426324010 0.085897051 0.900482953 27.614923477
0.900071919 -0.000706397 -0.435740799 -8.632674217 -0.035576995 0.996540844 -0.075103849 -1.770815969 0.434286565 0.083101220 0.896933317 28.405076981
0.896088064 0.000136707 -0.443876326 -9.020968437 -0.035364591 0.996843040 -0.071086280 -1.839245200 0.442465305 0.079397067 0.893263996 29.179521561
0.892225504 0.002087037 -0.451585323 -9.432546616 -0.035518359 0.997215807 -0.065567143 -1.902780652 0.450191200 0.074540243 0.889815509 29.983646393
0.888330698 0.002468467 -0.459197730 -9.847963333 -0.034312699 0.997546792 -0.061016448 -1.973278761 0.457920611 0.069959097 0.886236131 30.780292511
0.884617984 0.001330339 -0.466314554 -10.276217461 -0.032760173 0.997702420 -0.059301078 -2.032800436 0.465164274 0.067735344 0.882629097 31.590311050
0.881260753 0.000329493 -0.472630262 -10.722013474 -0.031703357 0.997788668 -0.058418095 -2.086275101 0.471565872 0.066465542 0.879322469 32.416194916
0.878051341 0.001217655 -0.478564918 -11.185459137 -0.032039192 0.997902811 -0.056245156 -2.149778843 0.477492779 0.064718969 0.876248896 33.252479553
0.875039160 -0.000716655 -0.484051645 -11.631674767 -0.029608039 0.998047233 -0.055001259 -2.207593203 0.483145803 0.062460076 0.873309135 34.068717957
0.872592568 -0.001511503 -0.488446504 -12.150790215 -0.029041538 0.998065531 -0.054970227 -2.271712542 0.487584710 0.062151846 0.870860696 34.928733826
0.870370030 -0.002967687 -0.492389292 -12.621900558 -0.028011991 0.998063982 -0.055530738 -2.325849056 0.491600811 0.062125094 0.868601799 35.772350311
0.869054794 -0.002153350 -0.494711190 -13.132221222 -0.029379344 0.998000979 -0.055954475 -2.386215210 0.493842751 0.063161790 0.867254257 36.638538361
0.868373096 -0.002802372 -0.495903552 -13.629686356 -0.028231539 0.998082936 -0.055076256 -2.446081638 0.495107234 0.061826859 0.866629243 37.520183563
0.868358731 -0.002349422 -0.495931059 -14.141794205 -0.027875813 0.998176634 -0.053538371 -2.505102873 0.495152593 0.060314991 0.866709888 38.388698578
0.868059218 -0.003497387 -0.496448398 -14.661848068 -0.026159491 0.998263836 -0.052773468 -2.574460983 0.495771021 0.058797333 0.866460621 39.279930115
0.867212474 -0.005714434 -0.497905493 -15.185378075 -0.024186470 0.998270452 -0.053583182 -2.635735750 0.497350514 0.058510579 0.865574360 40.195407867
0.866037905 -0.008581091 -0.499904722 -15.712179184 -0.021079734 0.998336971 -0.053655565 -2.700972319 0.499533802 0.057005610 0.864416778 41.111240387
0.864413857 -0.009340408 -0.502694190 -16.255422592 -0.019433977 0.998459518 -0.051970009 -2.760195494 0.502405226 0.054692943 0.862900734 42.038948059
0.862410009 -0.008606142 -0.506137252 -16.801208496 -0.018309198 0.998670936 -0.048178121 -2.818759203 0.505879164 0.050816260 0.861106277 42.947772980
0.859607697 -0.008589333 -0.510882497 -17.351528168 -0.016240083 0.998894274 -0.044119619 -2.880072832 0.510696530 0.046222337 0.858517706 43.864418030
0.855498672 -0.009335615 -0.517720878 -17.916738510 -0.014503209 0.999013186 -0.041979916 -2.945054770 0.517601907 0.043422375 0.854519069 44.789638519
0.850338876 -0.012511633 -0.526086748 -18.483362198 -0.012822239 0.998927891 -0.044482153 -3.001386881 0.526079297 0.044570517 0.849266827 45.688701630
0.844093263 -0.016154272 -0.535953045 -19.047662735 -0.011335217 0.998785079 -0.047956869 -3.058559179 0.536076605 0.046555214 0.842884660 46.595695496
0.838142395 -0.015834780 -0.545221686 -19.643936157 -0.011750018 0.998822391 -0.047071356 -3.123808146 0.545324981 0.045858860 0.836969316 47.487018585
0.832304657 -0.012641005 -0.554174304 -20.246997833 -0.012845457 0.999031603 -0.042080797 -3.179928541 0.554169655 0.042142663 0.831336260 48.378738403
0.827501059 -0.006719779 -0.561423957 -20.862447739 -0.017348666 0.999144912 -0.037529703 -3.243735313 0.561196089 0.040795825 0.826676905 49.252098083
0.823016286 -0.007737523 -0.567965090 -21.473627090 -0.017548438 0.999083579 -0.039039515 -3.290876865 0.567746699 0.042097054 0.822126269 50.141971588
0.819640398 -0.010150231 -0.572788417 -22.096992493 -0.017774886 0.998911023 -0.043136686 -3.353219509 0.572602510 0.045537818 0.818567455 51.025020599
0.816496074 -0.012325613 -0.577219427 -22.718786240 -0.020510411 0.998521805 -0.050334517 -3.406986237 0.576986551 0.052936941 0.815036297 51.895076752
0.813010097 -0.013767367 -0.582086861 -23.348495483 -0.020329835 0.998439610 -0.052009851 -3.468402386 0.581894636 0.054118261 0.811461627 52.776016235
0.809763134 -0.011795902 -0.586638331 -23.983295441 -0.020079834 0.998655200 -0.047797676 -3.535376310 0.586413205 0.050484397 0.808437288 53.637527466
0.806828022 -0.009468850 -0.590710461 -24.628475189 -0.019709356 0.998883545 -0.042931929 -3.591413260 0.590457499 0.046281207 0.805740654 54.494865417
0.803760827 -0.007477980 -0.594905615 -25.282854080 -0.020171596 0.999003589 -0.039810799 -3.652919769 0.594610512 0.043998554 0.802809119 55.375331879
0.800555587 -0.006769955 -0.599220276 -25.960168839 -0.021735590 0.998950183 -0.040324733 -3.708443880 0.598864198 0.045306597 0.799567997 56.272312164
0.796837449 -0.008585875 -0.604132771 -26.617795944 -0.021231279 0.998883605 -0.042199612 -3.762126923 0.603820622 0.046452742 0.795765519 57.136451721
0.792939067 -0.011110696 -0.609199643 -27.295560837 -0.020173049 0.998806834 -0.044473823 -3.828519583 0.608966947 0.047554445 0.791768849 57.998279572
0.788672984 -0.012396105 -0.614687920 -27.943515778 -0.019512266 0.998788416 -0.045177206 -3.879445314 0.614503205 0.047623999 0.787475586 58.830757141
0.784180045 -0.012304743 -0.620411396 -28.624883652 -0.019163847 0.998846292 -0.044032805 -3.942595243 0.620237410 0.046419118 0.783039451 59.678375244
0.779360592 -0.011811273 -0.626464367 -29.313934326 -0.019712867 0.998865187 -0.043356504 -4.000399590 0.626265526 0.046139758 0.778243303 60.522789001
0.773773313 -0.013423173 -0.633320332 -30.008895874 -0.019280331 0.998813212 -0.044725947 -4.057459354 0.633169115 0.046818372 0.772596240 61.372665405
0.768614113 -0.014840367 -0.639540613 -30.715398788 -0.018676257 0.998784184 -0.045622062 -4.117411137 0.639440060 0.047009982 0.767402411 62.206642151
0.762811303 -0.016072588 -0.646421432 -31.428640366 -0.018251264 0.998757541 -0.046370510 -4.182295799 0.646363556 0.047169957 0.761570215 63.048934937
0.757060409 -0.018141260 -0.653092980 -32.150428772 -0.016756648 0.998746455 -0.047166813 -4.252830982 0.653129995 0.046651777 0.755807400 63.882637024
0.750709772 -0.019885715 -0.660332859 -32.879325867 -0.015775930 0.998722196 -0.048011322 -4.315259457 0.660443842 0.046459932 0.749436736 64.709533691
0.744436502 -0.022179062 -0.667324781 -33.643058777 -0.013486629 0.998744786 -0.048239119 -4.380698204 0.667557061 0.044910926 0.743202925 65.558532715
0.738054276 -0.021906143 -0.674385667 -34.395629883 -0.012701770 0.998844683 -0.046346523 -4.448066711 0.674621820 0.042772144 0.736923337 66.379180908
0.731717050 -0.022682823 -0.681231022 -35.181037903 -0.011820520 0.998873532 -0.045955852 -4.503267288 0.681506038 0.041679185 0.730624676 67.207855225
0.724931777 -0.024556592 -0.688382804 -35.940643311 -0.010383765 0.998861194 -0.046567328 -4.570843220 0.688742399 0.040906142 0.723851204 68.022918701
0.718398631 -0.026260609 -0.695135832 -36.727329254 -0.010238851 0.998779774 -0.048313066 -4.638133049 0.695556343 0.041825432 0.717253149 68.836410522
0.712272167 -0.025839688 -0.701427639 -37.515434265 -0.011267158 0.998772502 -0.048234843 -4.700491428 0.701812983 0.042259432 0.711106658 69.632904053
0.706649542 -0.025288913 -0.707111657 -38.327564240 -0.011379917 0.998825610 -0.047094163 -4.767090321 0.707472205 0.041325942 0.705531955 70.447837830
0.701801300 -0.024756014 -0.711942494 -39.161426544 -0.012506764 0.998813748 -0.047059856 -4.839191437 0.712262928 0.041930765 0.700659156 71.250709534
0.697330713 -0.025693655 -0.716288865 -39.995731354 -0.012575069 0.998764873 -0.048068460 -4.908223629 0.716639221 0.042526998 0.696146369 72.036193848
0.691781282 -0.027962860 -0.721565485 -40.801803589 -0.012657459 0.998626888 -0.050834823 -4.972932339 0.721996188 0.044299763 0.690477371 72.817245483
0.686605096 -0.030795813 -0.726378024 -41.669403076 -0.011826317 0.998497188 -0.053511452 -5.041297913 0.726934373 0.045331612 0.685209095 73.626052856
0.681390464 -0.031510748 -0.731241465 -42.517150879 -0.011984248 0.998458564 -0.054192945 -5.109246731 0.731821954 0.045689937 0.679962516 74.412673950
0.676408768 -0.030690709 -0.735886693 -43.395004272 -0.012045825 0.998536825 -0.052716956 -5.187682152 0.736427903 0.044522572 0.675049365 75.212203979
0.671301663 -0.030719291 -0.740547359 -44.276531219 -0.011556228 0.998585463 -0.051898845 -5.259576797 0.741094112 0.043397717 0.669997096 75.997810364
0.666306734 -0.031818189 -0.744998574 -45.167457581 -0.011032724 0.998559177 -0.052514896 -5.333405018 0.745596111 0.043210395 0.664995670 76.788719177
0.661399961 -0.032708764 -0.749319851 -46.069992065 -0.010044921 0.998572767 -0.052455295 -5.407210827 0.749966085 0.042220790 0.660127401 77.578933716
0.657158792 -0.033281796 -0.753017068 -46.958686829 -0.009657699 0.998570919 -0.052563053 -5.481181622 0.753690302 0.041814685 0.655898213 78.343635559
0.652956843 -0.034116864 -0.756626368 -47.867218018 -0.008153364 0.998610437 -0.052064344 -5.558223724 0.757351220 0.040164821 0.651771367 79.120590210
0.648990512 -0.037347328 -0.759879231 -48.785842896 -0.005275113 0.998549461 -0.053583056 -5.630596161 0.760778189 0.038783345 0.647852182 79.905700684
0.644874692 -0.041631233 -0.763153672 -49.704319000 -0.002911896 0.998374283 -0.056923486 -5.703153133 0.764282823 0.038930744 0.643705130 80.676628113
0.640367627 -0.046021059 -0.766688645 -50.631725311 0.001273342 0.998265564 -0.058858097 -5.778083801 0.768067539 0.036714561 0.639315486 81.442596436
0.633275926 -0.049541082 -0.772338867 -51.563766479 0.006103687 0.998237729 -0.059026502 -5.857726097 0.773902059 0.032665949 0.632462323 82.225692749
0.625209689 -0.053251617 -0.778638005 -52.527641296 0.010866956 0.998166800 -0.059539698 -5.944664001 0.780381203 0.028763369 0.624642193 82.987258911
0.616038442 -0.054067910 -0.785858333 -53.485988617 0.013497565 0.998219669 -0.058097791 -6.027031898 0.787600458 0.025183303 0.615671515 83.739814758
0.607462764 -0.052595954 -0.792604983 -54.464096069 0.014100561 0.998362303 -0.055442814 -6.111248970 0.794223011 0.022503266 0.607209563 84.478775024
0.598330140 -0.052573513 -0.799523056 -55.456878662 0.013196585 0.998356283 -0.055772234 -6.187327385 0.801141024 0.022819236 0.598040462 85.224609375
0.588739753 -0.054135490 -0.806507885 -56.460365295 0.012666128 0.998250186 -0.057759769 -6.264239311 0.808223486 0.023790142 0.588395238 85.945098877
0.578926206 -0.056048635 -0.813451290 -57.491085052 0.013076041 0.998144567 -0.059468314 -6.357179642 0.815275133 0.023791051 0.578584969 86.662628174
0.569273114 -0.057775293 -0.820115983 -58.526798248 0.013598175 0.998052955 -0.060871556 -6.439005852 0.822036088 0.023500469 0.568950415 87.372787476
0.558805227 -0.058053453 -0.827264547 -59.561447144 0.016412154 0.998125553 -0.058957491 -6.533871651 0.829136550 0.019368561 0.558710575 88.082962036
0.548763037 -0.058564175 -0.833924055 -60.606163025 0.017751377 0.998134553 -0.058414940 -6.614107132 0.835789442 0.017252656 0.548778892 88.756027222
0.538630247 -0.058966983 -0.840476274 -61.663543701 0.018106611 0.998127639 -0.058423791 -6.705530643 0.842347682 0.016250644 0.538689435 89.426887512
0.528128684 -0.060020398 -0.847040534 -62.743743896 0.017176827 0.998049915 -0.060011033 -6.790150642 0.848990619 0.017144080 0.528129756 90.097259521
0.517811060 -0.060934927 -0.853322148 -63.845680237 0.016668582 0.997989357 -0.061150685 -6.880286217 0.855332613 0.017440829 0.517785609 90.770996094
0.508033037 -0.062050097 -0.859099746 -64.938659668 0.015848739 0.997906327 -0.062703446 -6.968701363 0.861191809 0.018239783 0.507952809 91.408966064
0.498146594 -0.061996851 -0.864873648 -66.032814026 0.014755483 0.997902274 -0.063033953 -7.060372353 0.866967320 0.018638523 0.498016417 92.039520264
0.489459157 -0.059709616 -0.869979620 -67.153915405 0.013943010 0.998061359 -0.060655821 -7.156429291 0.871914744 0.017558409 0.489342749 92.666534424
0.481274247 -0.058166765 -0.874638140 -68.269714355 0.014390492 0.998185754 -0.058464713 -7.245009899 0.876452029 0.015551091 0.481238127 93.282386780
0.473885894 -0.058253575 -0.878657281 -69.395187378 0.013848250 0.998179078 -0.058708910 -7.332878113 0.880477369 0.015653461 0.473829746 93.875473022
0.465972126 -0.061303869 -0.882673144 -70.530181885 0.016499331 0.998025417 -0.060605213 -7.431590080 0.884645581 0.013676824 0.466063499 94.481964111
0.459087670 -0.064289205 -0.886061728 -71.665916443 0.019105669 0.997861981 -0.062501945 -7.526728630 0.888185501 0.011765071 0.459334433 95.066513062
0.452991426 -0.067435853 -0.888960719 -72.802017212 0.020008955 0.997652888 -0.065485105 -7.618567944 0.891290307 0.011877016 0.453277528 95.644233704
0.447438180 -0.071070120 -0.891486466 -73.947570801 0.021840502 0.997408390 -0.068552539 -7.717244148 0.894048154 0.011202511 0.447830796 96.219985962
0.442498505 -0.071981736 -0.893875659 -75.091995239 0.024988802 0.997376025 -0.067946076 -7.825459480 0.896421015 0.007729152 0.443136096 96.789169312
0.438280165 -0.069468692 -0.896149874 -76.233192444 0.026484750 0.997574091 -0.064378098 -7.923658848 0.898448169 0.004481337 0.439056814 97.349487305
0.434605122 -0.067634203 -0.898078024 -77.380851746 0.029860046 0.997710109 -0.060687378 -8.027704239 0.900126040 -0.000441597 0.435629487 97.900695801
0.431077063 -0.067054600 -0.899820149 -78.547943115 0.031349193 0.997745812 -0.059333555 -8.121879578 0.901770353 -0.002631301 0.432207465 98.470001221
0.428051770 -0.066844828 -0.901278734 -79.681877136 0.033343408 0.997750044 -0.058163717 -8.216079712 0.903138876 -0.005154626 0.429317534 99.012222290
0.425606608 -0.066219144 -0.902482212 -80.829818726 0.034602698 0.997780442 -0.056893121 -8.303456306 0.904246569 -0.007014226 0.426953316 99.552299500
0.423044264 -0.065533809 -0.903736115 -81.983657837 0.036547430 0.997803628 -0.055246986 -8.388786316 0.905371726 -0.009657302 0.424510181 100.090026855
0.420580387 -0.066826135 -0.904790878 -83.129844666 0.039418500 0.997687817 -0.055364151 -8.471503258 0.906398654 -0.012380411 0.422242165 100.634162903
0.418061316 -0.067224145 -0.905928016 -84.237136841 0.041376177 0.997632265 -0.054935046 -8.552621841 0.907476008 -0.014517619 0.419852912 101.148590088
0.415771604 -0.066389337 -0.907042742 -85.357902527 0.044799570 0.997616410 -0.052483417 -8.638072968 0.908365071 -0.018814005 0.417754769 101.670303345
0.413584471 -0.065710515 -0.908091426 -86.474166870 0.046490956 0.997615218 -0.051014550 -8.720731735 0.909278035 -0.021119215 0.415653110 102.174613953
0.411923885 -0.067402363 -0.908721983 -87.568084717 0.049079511 0.997454047 -0.051736102 -8.799190521 0.909895599 -0.023288289 0.414183259 102.671188354
0.410606861 -0.068402573 -0.909243107 -88.679443359 0.050371673 0.997361064 -0.052284259 -8.882970810 0.910420060 -0.024331819 0.412968874 103.168777466
0.409827828 -0.069625318 -0.909501791 -89.743049622 0.050197806 0.997293174 -0.053726558 -8.963245392 0.910780668 -0.023636360 0.412213504 103.649520874
0.410589099 -0.070027195 -0.909127533 -90.797035217 0.049267594 0.997293890 -0.054567657 -9.051753998 0.910488546 -0.022385644 0.412928045 104.120498657
0.412808537 -0.070199594 -0.908108592 -91.835418701 0.047577500 0.997326255 -0.055468589 -9.128803253 0.909574389 -0.020307625 0.415044725 104.595184326
0.416892946 -0.069921844 -0.906262279 -92.879196167 0.045537233 0.997391522 -0.056005094 -9.219029427 0.907814264 -0.017920543 0.418989539 105.075019836
0.422536790 -0.069974601 -0.903640509 -93.912841797 0.043257158 0.997435987 -0.057010997 -9.305308342 0.905312896 -0.014999677 0.424480319 105.537406921
0.428072035 -0.070313543 -0.901005208 -94.928115845 0.042942945 0.997425199 -0.057435662 -9.383708954 0.902723849 -0.014105209 0.429989278 106.021377563
0.435289204 -0.068859324 -0.897653461 -95.949005127 0.042063426 0.997537374 -0.056124095 -9.468467712 0.899307549 -0.013328160 0.437113702 106.502571106
0.443720341 -0.066928856 -0.893662572 -96.934722900 0.040412873 0.997687221 -0.054653794 -9.553491592 0.895253599 -0.011864470 0.445398927 106.987449646
0.452724934 -0.066525683 -0.889165044 -97.927032471 0.039864104 0.997725844 -0.054350898 -9.628374100 0.890758693 -0.010839759 0.454347372 107.483665466
0.462383509 -0.065727271 -0.884240627 -98.921638489 0.038845606 0.997792900 -0.053854845 -9.708873749 0.885828733 -0.009447271 0.463916242 107.991661072
0.472056389 -0.066285938 -0.879072845 -99.862983704 0.037599996 0.997775614 -0.055045698 -9.782396317 0.880766213 -0.007068462 0.473498702 108.502975464
0.482418120 -0.068071626 -0.873292148 -100.828628540 0.035983130 0.997674286 -0.057889447 -9.853809357 0.875201762 -0.003496858 0.483745575 109.028709412
0.493974268 -0.069378220 -0.866704226 -101.787223816 0.035380825 0.997589707 -0.059690241 -9.930831909 0.868756413 -0.001179261 0.495238304 109.573310852
0.505532444 -0.066556297 -0.860236704 -102.716186523 0.031895265 0.997780442 -0.058454234 -10.022977829 0.862217903 0.002113034 0.506533206 110.129196167
0.518745065 -0.064082235 -0.852523923 -103.642204285 0.030008728 0.997937143 -0.056752857 -10.097002029 0.854402184 0.003857104 0.519598007 110.665679932
0.530837536 -0.061545044 -0.845236003 -104.559020996 0.029348306 0.998096347 -0.054243673 -10.176008224 0.846965373 0.003988340 0.531633258 111.241455078
0.543125689 -0.061335832 -0.837408125 -105.464675903 0.029448867 0.998106241 -0.054006211 -10.246294022 0.839134812 0.004671440 0.543903410 111.810699463
0.554672360 -0.060388427 -0.829874575 -106.352340698 0.029083220 0.998160481 -0.053195611 -10.336702347 0.831560433 0.005370712 0.555408359 112.401557922
0.565897584 -0.061594408 -0.822171628 -107.226715088 0.029167663 0.998076916 -0.054696668 -10.407114029 0.823959529 0.006971890 0.566605806 112.994476318
0.575958371 -0.063790560 -0.814986408 -108.081024170 0.032189026 0.997947276 -0.055362988 -10.482262611 0.816845119 0.005653163 0.576829433 113.616004944
0.588457465 -0.062483810 -0.806110144 -108.945274353 0.032163166 0.998029232 -0.053880993 -10.571687698 0.807888210 0.005779622 0.589307427 114.208793640
0.599520326 -0.060354207 -0.798080742 -109.784179688 0.031430691 0.998158872 -0.051874142 -10.641841888 0.799742162 0.006015380 0.600313544 114.823951721
0.609058797 -0.056984071 -0.791075349 -110.589431763 0.031338818 0.998365760 -0.047787815 -10.711540222 0.792505682 0.004314226 0.609849274 115.449020386
0.619024277 -0.056067783 -0.783367991 -111.395622253 0.031135270 0.998416305 -0.046856016 -10.780679703 0.784754455 0.004614636 0.619789600 116.069534302
0.629227877 -0.055987671 -0.775201738 -112.181297302 0.029570971 0.998404443 -0.048105493 -10.842612267 0.776658177 0.007345856 0.629879534 116.698562622
0.638368309 -0.055758599 -0.767708838 -112.944412231 0.027788999 0.998392105 -0.049405877 -10.903419495 0.769229293 0.010205289 0.638891339 117.342048645
0.647937059 -0.054842085 -0.759716988 -113.714942932 0.027728634 0.998441815 -0.048426218 -10.975800514 0.761188984 0.010311230 0.648448169 117.971214294
0.657218695 -0.052958742 -0.751837015 -114.470008850 0.027241861 0.998545706 -0.046523195 -11.034837723 0.753207445 0.010094473 0.657705545 118.620834351
0.665667295 -0.051196199 -0.744490504 -115.214019775 0.027605791 0.998650432 -0.043990940 -11.101596832 0.745737910 0.008731090 0.666182280 119.284820557
0.674286604 -0.049909055 -0.736781299 -115.935569763 0.027375704 0.998717129 -0.042598747 -11.168761253 0.737962186 0.008553862 0.674787879 119.932197571
0.682116389 -0.049044367 -0.729597151 -116.640007019 0.026277428 0.998747885 -0.042569652 -11.225490570 0.730771363 0.009865528 0.682551026 120.582351685
0.689526200 -0.047812007 -0.722680867 -117.340499878 0.025566494 0.998803556 -0.041686501 -11.284044266 0.723809361 0.010267518 0.689923584 121.245712280
0.696970463 -0.045240249 -0.715671360 -118.015586853 0.024599895 0.998928964 -0.039188929 -11.335707664 0.716677785 0.009708085 0.697336912 121.890563965
0.704374611 -0.042397156 -0.708561182 -118.684829712 0.023417240 0.999059260 -0.036500394 -11.387530327 0.709442079 0.009117405 0.704704762 122.556106567
0.711964965 -0.040788420 -0.701029420 -119.330741882 0.022372659 0.999122381 -0.035410888 -11.435396194 0.701858521 0.009527422 0.712252676 123.207000732
0.719308436 -0.040087830 -0.693533301 -119.960533142 0.021857500 0.999145329 -0.035083085 -11.486641884 0.694346964 0.010076659 0.719569921 123.853851318
0.727322996 -0.037403755 -0.685275316 -120.580505371 0.019418465 0.999235511 -0.033930402 -11.528972626 0.686020553 0.011371369 0.727493286 124.506622314
0.736396015 -0.034346331 -0.675678313 -121.180175781 0.018516781 0.999359608 -0.030619087 -11.577265739 0.676297307 0.010036386 0.736560404 125.154090881
0.745840669 -0.030395985 -0.665430605 -121.766197205 0.016444925 0.999494076 -0.027223447 -11.618866920 0.665921450 0.009361399 0.745963216 125.803588867
0.756089509 -0.028089391 -0.653865218 -122.342224121 0.014425263 0.999551058 -0.026259225 -11.658901215 0.654309273 0.010422150 0.756155252 126.457939148
0.766029358 -0.027144058 -0.642232239 -122.892509460 0.012823487 0.999554515 -0.026950995 -11.696323395 0.642677724 0.012409596 0.766036153 127.116790771
0.775819480 -0.028352071 -0.630317628 -123.429504395 0.013109253 0.999498546 -0.028822677 -11.733188629 0.630818784 0.014098201 0.775802135 127.780647278
0.785891652 -0.027484974 -0.617753088 -123.966728210 0.012694739 0.999518275 -0.028320448 -11.768376350 0.618233919 0.014414591 0.785861969 128.456954956
0.796169639 -0.025812462 -0.604522645 -124.486373901 0.012336739 0.999574482 -0.026432989 -11.805360794 0.604947686 0.013587303 0.796149254 129.138183594
0.806347072 -0.023839738 -0.590962052 -124.986511230 0.012330522 0.999647737 -0.023501782 -11.837537766 0.591314137 0.011663723 0.806356966 129.818328857
0.816073596 -0.022520173 -0.577509105 -125.473670959 0.012642688 0.999697030 -0.021118259 -11.866677284 0.577809751 0.009932787 0.816111088 130.500686646
0.825156808 -0.020994108 -0.564513505 -125.954223633 0.013091533 0.999751449 -0.018044429 -11.902313232 0.564752042 0.007499137 0.825226605 131.199172974
0.833413005 -0.020402675 -0.552274048 -126.430480957 0.013858429 0.999775589 -0.016021583 -11.925768852 0.552477002 0.005698946 0.833508730 131.909957886
0.840704978 -0.020335553 -0.541111529 -126.881179810 0.014932600 0.999785185 -0.014372775 -11.957155228 0.541287541 0.004003063 0.840828061 132.613296509
0.847369492 -0.019838559 -0.530633032 -127.331657410 0.014793803 0.999795973 -0.013754692 -11.979797363 0.530797660 0.003805227 0.847490072 133.325912476
0.854066253 -0.019447906 -0.519800603 -127.774276733 0.014328046 0.999801219 -0.013864817 -12.002154350 0.519966900 0.004393747 0.854175091 134.050903320
0.860770464 -0.017025104 -0.508708477 -128.213424683 0.012282313 0.999844193 -0.012679558 -12.024551392 0.508845091 0.004666073 0.860845447 134.790054321
0.867154539 -0.016086673 -0.497779310 -128.640167236 0.011485805 0.999858320 -0.012303499 -12.045359612 0.497906715 0.004951639 0.867216468 135.526687622
0.873041570 -0.016615616 -0.487362683 -129.067382812 0.012157275 0.999850333 -0.012309770 -12.067856789 0.487494260 0.004821940 0.873112917 136.286102295
0.878023505 -0.018313801 -0.478267074 -129.473663330 0.013690685 0.999819815 -0.013151140 -12.097293854 0.478421718 0.004999207 0.878115952 137.035400391
0.882374644 -0.018763697 -0.470173329 -129.875534058 0.014008559 0.999809265 -0.013610559 -12.114224434 0.470339030 0.005423161 0.882469177 137.799102783
0.885926187 -0.018217389 -0.463468403 -130.282287598 0.013768760 0.999820948 -0.012980435 -12.133934975 0.463621885 0.005118323 0.886018395 138.570068359
0.889198899 -0.015615305 -0.457254350 -130.701141357 0.012638066 0.999874353 -0.009569268 -12.153084755 0.457346320 0.002730172 0.889284492 139.372604370
0.892437994 -0.011530845 -0.451022714 -131.112182617 0.010191416 0.999933481 -0.005398556 -12.166953087 0.451054960 0.000221317 0.892496169 140.174316406
0.895730555 -0.009117684 -0.444503814 -131.513076782 0.009037036 0.999956548 -0.002300403 -12.190164566 0.444505453 -0.001956456 0.895774007 140.974975586
0.899043918 -0.006350408 -0.437812358 -131.917556763 0.006999814 0.999975502 -0.000130449 -12.198541641 0.437802464 -0.002947326 0.899066329 141.798278809
0.902292132 -0.004576377 -0.431100875 -132.323959351 0.006093182 0.999979138 0.002137663 -12.205217361 0.431082100 -0.004555573 0.902301192 142.642730713
0.905708313 -0.003382211 -0.423887998 -132.737838745 0.006001807 0.999970257 0.004845093 -12.209214211 0.423859000 -0.006932335 0.905701637 143.499893188
0.909025729 -0.003359386 -0.416726500 -133.128356934 0.006824599 0.999953389 0.006825834 -12.213004112 0.416684151 -0.009048849 0.909006298 144.367706299
0.912655294 -0.003541914 -0.408714801 -133.524765015 0.007519812 0.999938726 0.008126204 -12.217540741 0.408660978 -0.010489881 0.912625968 145.245803833
0.916258633 -0.004492079 -0.400562108 -133.916702271 0.008336610 0.999934375 0.007855728 -12.210756302 0.400500536 -0.010537209 0.916235924 146.148117065
0.920267761 -0.007340976 -0.391220331 -134.317703247 0.011076445 0.999912083 0.007292475 -12.216188431 0.391132385 -0.011044360 0.920268178 147.072586060
0.924320400 -0.008819460 -0.381515473 -134.703109741 0.012117893 0.999907076 0.006243982 -12.217712402 0.381424963 -0.010394603 0.924341381 148.002487183
0.928888977 -0.009709409 -0.370231092 -135.090728760 0.012190449 0.999916196 0.004362084 -12.224146843 0.370157719 -0.008565173 0.928929448 148.951583862
0.933945715 -0.007892596 -0.357327670 -135.458465576 0.009687833 0.999947846 0.003234358 -12.225292206 0.357283503 -0.006482446 0.933973491 149.914718628
0.940074623 -0.004539424 -0.340938509 -135.823089600 0.006460711 0.999969006 0.004500132 -12.227281570 0.340907514 -0.006433165 0.940074801 150.895034790
0.946495652 -0.000819939 -0.322715610 -136.162902832 0.003440005 0.999965608 0.007548562 -12.230101585 0.322698325 -0.008254824 0.946465850 151.889923096
0.953049839 0.002236595 -0.302805275 -136.490936279 0.000569911 0.999957681 0.009179673 -12.226130486 0.302813023 -0.008921258 0.953008235 152.902542114
0.959478140 0.004140138 -0.281752646 -136.801330566 -0.001200017 0.999943018 0.010606867 -12.239795685 0.281780511 -0.009838949 0.959428430 153.934677124
0.965521991 0.005404422 -0.260265410 -137.100891113 -0.002337134 0.999924123 0.012093263 -12.235275269 0.260311037 -0.011068036 0.965461373 154.999557495
0.971072972 0.006432639 -0.238696262 -137.356399536 -0.003000120 0.999886870 0.014740809 -12.231844902 0.238764077 -0.013598284 0.970982373 156.050186157
0.976236701 0.009307018 -0.216506943 -137.611572266 -0.005418690 0.999813318 0.018546086 -12.228187561 0.216639131 -0.016932186 0.976104915 157.137191772
0.980879188 0.010822097 -0.194316432 -137.837768555 -0.006524581 0.999720037 0.022742504 -12.219392776 0.194508150 -0.021039816 0.980675220 158.245132446
0.985025287 0.012956967 -0.171922222 -138.035491943 -0.008546116 0.999615669 0.026371498 -12.208724976 0.172197849 -0.024507325 0.984757483 159.361907959
0.988658071 0.014616572 -0.149470836 -138.226303101 -0.010831440 0.999600470 0.026106372 -12.190906525 0.149792701 -0.024191292 0.988421440 160.518646240
0.991732836 0.013970274 -0.127557307 -138.381713867 -0.010982255 0.999649286 0.024098279 -12.171449661 0.127849221 -0.022498187 0.991538405 161.682556152
0.994238138 0.013993793 -0.106276527 -138.532791138 -0.011625582 0.999670863 0.022870431 -12.146207809 0.106561586 -0.021503128 0.994073570 162.860382080
0.996189117 0.012993282 -0.086246163 -138.635681152 -0.010892244 0.999633431 0.024787003 -12.128231049 0.086536609 -0.023753129 0.995965481 164.055679321
0.997743487 0.013498501 -0.065769866 -138.736007690 -0.011774121 0.999578536 0.026535846 -12.113728523 0.066100337 -0.025701586 0.997481942 165.251586914
0.998868585 0.014282585 -0.045360334 -138.807861328 -0.013042483 0.999536216 0.027518203 -12.093955040 0.045732327 -0.026895458 0.998591602 166.481109619
0.999567688 0.015713684 -0.024849620 -138.849304199 -0.015013127 0.999491453 0.028131548 -12.071537971 0.025279032 -0.027746316 0.999295294 167.736801147
0.999858856 0.016199544 -0.004449393 -138.861587524 -0.016064322 0.999452949 0.028908907 -12.050440788 0.004915270 -0.028833350 0.999572158 168.978561401
0.999690771 0.018487182 0.016630618 -138.867431641 -0.018952958 0.999419808 0.028299736 -12.027892113 -0.016097786 -0.028606184 0.999461114 170.243850708
0.999140978 0.019669682 0.036474824 -138.828720093 -0.020662813 0.999420404 0.027053783 -12.005387306 -0.035921544 -0.027784215 0.998968303 171.509338379
0.998228610 0.019943170 0.056052793 -138.766418457 -0.021364514 0.999462306 0.024873385 -11.986802101 -0.055526599 -0.026026865 0.998117924 172.799362183
0.996929944 0.021891618 0.075176470 -138.685440063 -0.023616068 0.999476194 0.022126775 -11.968466759 -0.074652702 -0.023834217 0.996924698 174.095123291
0.995293677 0.022443816 0.094269991 -138.573043823 -0.024499729 0.999485314 0.020708177 -11.958980560 -0.093756706 -0.022920307 0.995331287 175.396545410
0.993315935 0.022754442 0.113162369 -138.434310913 -0.024897233 0.999535799 0.017558297 -11.953874588 -0.112710312 -0.020258365 0.993421376 176.707351685
0.990965843 0.024232520 0.131907240 -138.272918701 -0.026034435 0.999589562 0.011952800 -11.944503784 -0.131563455 -0.015278947 0.991190016 178.018310547
0.988390088 0.025354952 0.149807140 -138.089508057 -0.026482185 0.999633968 0.005534164 -11.942795753 -0.149611995 -0.009437134 0.988699734 179.365951538
0.985503376 0.027582604 0.167398602 -137.880279541 -0.028031500 0.999606967 0.000318838 -11.944783211 -0.167324021 -0.005006650 0.985889256 180.695938110
0.982302248 0.029753899 0.184924334 -137.644012451 -0.029579196 0.999555588 -0.003704030 -11.960040092 -0.184952363 -0.001831435 0.982745767 182.044235229
0.978632569 0.032520447 0.203028828 -137.393051147 -0.031846587 0.999471068 -0.006585951 -11.980723381 -0.203135625 -0.000020548 0.979150593 183.395095825
0.974912763 0.031524114 0.220343769 -137.090484619 -0.030879268 0.999502838 -0.006371173 -12.000759125 -0.220435053 -0.000592716 0.975401461 184.762817383
0.970959187 0.030689981 0.237268522 -136.771423340 -0.029789228 0.999528944 -0.007381501 -12.020785332 -0.237383291 0.000099091 0.971416056 186.115631104
0.966655016 0.030931735 0.254207313 -136.433731079 -0.028792499 0.999511778 -0.012132700 -12.056766510 -0.254458487 0.004408871 0.967073619 187.467193604
0.962208211 0.032205284 0.270403653 -136.067398071 -0.028806180 0.999448299 -0.016530739 -12.083551407 -0.270786852 0.008116717 0.962605119 188.821762085
0.957319200 0.034167223 0.287006259 -135.669036865 -0.030713731 0.999391556 -0.016527824 -12.124127388 -0.287396342 0.007007370 0.957786143 190.204788208
0.951726139 0.036607102 0.304757774 -135.245223999 -0.032954000 0.999310136 -0.017123980 -12.160715103 -0.305174381 0.006254353 0.952275932 191.598953247
0.945823431 0.040080186 0.322198182 -134.796615601 -0.035394061 0.999165356 -0.020391796 -12.202186584 -0.322746575 0.007883135 0.946452618 192.991699219
0.939704478 0.041034169 0.339516908 -134.315551758 -0.034786355 0.999095142 -0.024470497 -12.247733116 -0.340213835 0.011184480 0.940281570 194.368301392
0.933294177 0.042108499 0.356635481 -133.816055298 -0.034871597 0.999035060 -0.026700670 -12.299957275 -0.357415676 0.012483132 0.933861971 195.733871460
0.926533341 0.042395066 0.373816371 -133.275894165 -0.032783575 0.998948932 -0.032035597 -12.358870506 -0.374781638 0.017427010 0.926949322 197.112136841
0.918483615 0.045767479 0.392801702 -132.710464478 -0.033463810 0.998712778 -0.038117465 -12.424942970 -0.394040614 0.021865629 0.918832898 198.504287720
0.908968985 0.049476221 0.413917273 -132.115386963 -0.035360791 0.998504221 -0.041700017 -12.493499756 -0.415361315 0.023267584 0.909358919 199.871749878
0.897659123 0.052142192 0.437594920 -131.480911255 -0.036942996 0.998383999 -0.043180831 -12.568264961 -0.439139307 0.022595599 0.898134828 201.238525391
