1.000000000 0.000000000 0.000000000 0.000000000 0.000000000 1.000000000 0.000000000 0.000000000 0.000000000 0.000000000 1.000000000 0.000000000
0.999996603 -0.002218845 -0.001351079 -0.005483937 0.002222753 0.999993324 0.002898265 -0.015427028 0.001344639 -0.002901258 0.999994874 1.526780725
0.999992132 -0.002818344 -0.002787658 -0.012694270 0.002828670 0.999989152 0.003706998 -0.032019608 0.002777180 -0.003714854 0.999989271 3.051835775
0.999990106 -0.001658256 -0.004133650 -0.027598061 0.001671755 0.999993265 0.003264435 -0.043342084 0.004128209 -0.003271313 0.999986112 4.569723129
0.999982834 -0.001033490 -0.005768344 -0.044765841 0.001051784 0.999994397 0.003169352 -0.059863392 0.005765037 -0.003175365 0.999978364 6.068827152
0.999974310 -0.000985007 -0.007100530 -0.069106050 0.001008678 0.999993920 0.003330789 -0.072249688 0.007097207 -0.003337866 0.999969244 7.570381165
0.999958873 -0.001606359 -0.008922723 -0.081169084 0.001640138 0.999991536 0.003779689 -0.090450384 0.008916575 -0.003794168 0.999953032 9.065901756
0.999940753 -0.003237612 -0.010394489 -0.108399726 0.003268356 0.999990344 0.002942133 -0.103985056 0.010384864 -0.002975932 0.999941647 10.559038162
0.999917388 -0.004758243 -0.011940027 -0.119922601 0.004796659 0.999983430 0.003190818 -0.118579365 0.011924646 -0.003247827 0.999923646 12.055592537
0.999902487 -0.004206756 -0.013318327 -0.144431472 0.004248692 0.999986112 0.003122020 -0.135676593 0.013305008 -0.003178301 0.999906421 13.555878639
0.999889255 -0.003775164 -0.014394031 -0.178337917 0.003820380 0.999987841 0.003115063 -0.148316517 0.014382096 -0.003169708 0.999891520 15.033422470
0.999881268 -0.002450066 -0.015213071 -0.196016550 0.002507791 0.999989748 0.003776546 -0.164994955 0.015203662 -0.003814249 0.999877155 16.503545761
0.999876380 -0.001450040 -0.015656121 -0.227726147 0.001520339 0.999988794 0.004479242 -0.179719880 0.015649451 -0.004502491 0.999867380 17.990724564
0.999859273 -0.000278710 -0.016775131 -0.248212472 0.000372114 0.999984443 0.005565160 -0.197954237 0.016773319 -0.005570619 0.999843776 19.451169968
0.999853790 0.000103667 -0.017100802 -0.286340237 -0.000014164 0.999986291 0.005233872 -0.204391301 0.017101111 -0.005232865 0.999840081 20.920354843
0.999841154 0.000389572 -0.017820219 -0.300284177 -0.000294175 0.999985635 0.005355569 -0.216165230 0.017822048 -0.005349476 0.999826849 22.385334015
0.999839008 0.001200659 -0.017903280 -0.335044265 -0.001095426 0.999982059 0.005886489 -0.228260368 0.017910026 -0.005865930 0.999822378 23.833271027
0.999840081 0.001927252 -0.017779009 -0.363407701 -0.001800897 0.999973059 0.007120248 -0.239719898 0.017792253 -0.007087092 0.999816597 25.285224915
0.999837518 0.002522445 -0.017849157 -0.395638019 -0.002414659 0.999978721 0.006057655 -0.254970998 0.017864056 -0.006013571 0.999822319 26.728933334
0.999838948 0.002705191 -0.017743018 -0.423529595 -0.002638622 0.999989390 0.003774225 -0.263966352 0.017753040 -0.003726800 0.999835432 28.163749695
0.999849677 0.001250460 -0.017291920 -0.460059434 -0.001185589 0.999992251 0.003761279 -0.281064451 0.017296489 -0.003740212 0.999843419 29.564315796
0.999848962 0.000109858 -0.017378608 -0.476028234 -0.000000553 0.999980211 0.006289524 -0.290994376 0.017378954 -0.006288564 0.999829173 31.023958206
0.999849856 -0.001460137 -0.017266110 -0.510668457 0.001591321 0.999969959 0.007586455 -0.306315958 0.017254513 -0.007612791 0.999822140 32.414638519
0.999851346 -0.002449690 -0.017068163 -0.530336499 0.002568125 0.999972761 0.006920501 -0.318031132 0.017050745 -0.006963305 0.999830365 33.825344086
0.999861181 -0.002328659 -0.016498085 -0.565333545 0.002412726 0.999984205 0.005077502 -0.331305206 0.016486000 -0.005116602 0.999850988 35.198692322
0.999870420 -0.001571551 -0.016021006 -0.595201433 0.001638334 0.999990046 0.004156157 -0.343191803 0.016014313 -0.004181867 0.999863029 36.574241638
0.999881029 -0.001078722 -0.015387987 -0.620814502 0.001128812 0.999994099 0.003246837 -0.360603362 0.015384394 -0.003263821 0.999876320 37.922695160
0.999900937 -0.000227019 -0.014073422 -0.647975206 0.000288497 0.999990404 0.004366560 -0.378445983 0.014072296 -0.004370188 0.999891400 39.267803192
0.999920428 0.000382937 -0.012607871 -0.671513498 -0.000302702 0.999979675 0.006365195 -0.394166619 0.012610052 -0.006360873 0.999900281 40.583137512
0.999940634 0.000010887 -0.010898831 -0.691060781 0.000070540 0.999972105 0.007470829 -0.409490198 0.010898609 -0.007471154 0.999912679 41.879592896
0.999963820 0.000624289 -0.008481383 -0.709452331 -0.000556466 0.999967873 0.007996707 -0.422966301 0.008486103 -0.007991699 0.999932051 43.153400421
0.999987006 -0.000066493 -0.005098073 -0.723157167 0.000105983 0.999970019 0.007746214 -0.441495746 0.005097405 -0.007746654 0.999957025 44.421901703
0.999998450 -0.000785740 -0.001578605 -0.733020246 0.000794760 0.999983311 0.005721484 -0.447826833 0.001574083 -0.005722730 0.999982357 45.683601379
0.999997735 -0.000426937 0.002098704 -0.745323718 0.000418215 0.999991298 0.004154541 -0.463829517 -0.002100460 -0.004153653 0.999989152 46.912780762
0.999982536 -0.000712410 0.005864881 -0.731587708 0.000684093 0.999988079 0.004828951 -0.481814802 -0.005868252 -0.004824855 0.999971151 48.143020630
0.999934077 -0.000062870 0.011484490 -0.734950662 0.000008153 0.999988675 0.004764432 -0.496355712 -0.011484658 -0.004764024 0.999922693 49.347637177
0.999844670 0.001431177 0.017565370 -0.713063955 -0.001493741 0.999992609 0.003549210 -0.506958425 -0.017560160 -0.003574897 0.999839425 50.550693512
0.999684155 0.002468549 0.025009243 -0.693279207 -0.002556464 0.999990642 0.003483918 -0.519423425 -0.025000408 -0.003546753 0.999681175 51.752326965
0.999434829 0.003726678 0.033407811 -0.658664763 -0.003879514 0.999982297 0.004511224 -0.532031715 -0.033390407 -0.004638281 0.999431610 52.932277679
0.999019086 0.005967605 0.043878168 -0.616673648 -0.006203900 0.999966979 0.005251054 -0.547480345 -0.043845382 -0.005518119 0.999023080 54.096786499
0.998356640 0.008078801 0.056733932 -0.563272357 -0.008383070 0.999951720 0.005127127 -0.559724867 -0.056689773 -0.005594306 0.998376191 55.248069763
0.997391582 0.009987799 0.071486555 -0.496708781 -0.010424022 0.999929249 0.005731695 -0.574620485 -0.071424253 -0.006461922 0.997425079 56.371852875
0.996066988 0.012803623 0.087673284 -0.410682708 -0.013454909 0.999886096 0.006841614 -0.584584355 -0.087575696 -0.007994342 0.996125817 57.491004944
0.994351268 0.012859686 0.105357200 -0.299803406 -0.013760761 0.999874651 0.007830092 -0.597118378 -0.105243295 -0.009235657 0.994403601 58.604084015
0.992139041 0.012634854 0.124500856 -0.168794975 -0.013596041 0.999883950 0.006873652 -0.609182477 -0.124399565 -0.008512338 0.992195666 59.712425232
0.989417493 0.011645063 0.144628569 -0.013067648 -0.012603127 0.999904275 0.005709845 -0.611955643 -0.144548237 -0.007472192 0.989469528 60.799686432
0.986136377 0.008834487 0.165701702 0.155980751 -0.009909429 0.999934852 0.005661598 -0.629857123 -0.165640905 -0.007225117 0.986159682 61.853103638
0.982336402 0.003595108 0.187088951 0.360275507 -0.005169787 0.999955177 0.007929510 -0.639562845 -0.187052071 -0.008756656 0.982310951 62.897834778
0.977574408 -0.001373848 0.210585833 0.574820578 -0.000626075 0.999955356 0.009429988 -0.651993394 -0.210589379 -0.009350357 0.977529883 63.934974670
0.972164512 -0.006505254 0.234209076 0.825029969 0.004525830 0.999949336 0.008988012 -0.661549985 -0.234255686 -0.007677836 0.972144723 64.941635132
0.965739906 -0.012849802 0.259193599 1.101459742 0.011370348 0.999909401 0.007206345 -0.670355916 -0.259262711 -0.004012334 0.965798497 65.943656921
0.958189487 -0.015776139 0.285699099 1.397598147 0.014207886 0.999870479 0.007561271 -0.669680595 -0.285781384 -0.003185950 0.958289564 66.925193787
0.949701428 -0.018534170 0.312607974 1.717391014 0.016168660 0.999817669 0.010157745 -0.680887640 -0.312739253 -0.004592373 0.949827909 67.878265381
0.940064669 -0.023026088 0.340217978 2.059580564 0.019829586 0.999720514 0.012869867 -0.686271131 -0.340419233 -0.005352127 0.940258503 68.816184998
0.929098666 -0.026029481 0.368914813 2.430766582 0.022932399 0.999655366 0.012778147 -0.692173123 -0.369120300 -0.003412058 0.929375350 69.741561890
0.917170882 -0.025545185 0.397674501 2.819676876 0.024027709 0.999672592 0.008799424 -0.699122548 -0.397769064 0.001484632 0.917484343 70.621566772
0.904049814 -0.026723532 0.426590890 3.237026215 0.027820973 0.999606192 0.003660331 -0.704907537 -0.426520735 0.008559051 0.904437304 71.496726990
0.889996648 -0.028655667 0.455065668 3.686459064 0.031564850 0.999500990 0.001205882 -0.715731561 -0.454873115 0.013290849 0.890457034 72.350898743
0.874446511 -0.029200632 0.484242290 4.156239033 0.030855384 0.999513507 0.004553591 -0.724193931 -0.484139651 0.010959610 0.874922097 73.186607361
0.856635451 -0.028187497 0.515151620 4.653186321 0.026785394 0.999589622 0.010153536 -0.730346322 -0.515226424 0.005100660 0.857038915 74.031318665
0.837104559 -0.028532989 0.546298265 5.177726746 0.024986964 0.999590874 0.013920258 -0.736987770 -0.546471953 0.001997622 0.837475061 74.830764771
0.815850735 -0.022286443 0.577832937 5.711649895 0.020955358 0.999740183 0.008971813 -0.737818718 -0.577882767 0.004789034 0.816105723 75.613632202
0.793913245 -0.015449488 0.607834756 6.269136429 0.018080179 0.999834895 0.001797931 -0.744335294 -0.607762218 0.009562360 0.794061542 76.352012634
0.771466374 -0.013065095 0.636135936 6.863758087 0.017069578 0.999854267 -0.000165710 -0.749638200 -0.636041045 0.010986410 0.771577001 77.072799683
0.748028994 -0.015380094 0.663487792 7.489902973 0.017913945 0.999835074 0.002980319 -0.757704973 -0.663424194 0.009656318 0.748181224 77.778083801
0.723451257 -0.015685599 0.690197229 8.109054565 0.018022049 0.999830246 0.003832039 -0.777158678 -0.690140188 0.009666475 0.723611116 78.441230774
0.698104262 -0.013477297 0.715869308 8.759500504 0.018333634 0.999831498 0.000944638 -0.785388827 -0.715761364 0.012465030 0.698233664 79.073150635
0.671824515 -0.011312990 0.740623951 9.431600571 0.018481543 0.999828100 -0.001492401 -0.795968115 -0.740479767 0.014690506 0.671918094 79.687332153
0.644871771 -0.008904328 0.764238894 10.126417160 0.016672598 0.999858081 -0.002418908 -0.806274652 -0.764108896 0.014301734 0.644928694 80.274223328
0.616704345 -0.007230552 0.787161708 10.849685669 0.016379224 0.999859214 -0.003648051 -0.819601774 -0.787024498 0.015142865 0.616735935 80.847648621
0.587918341 -0.000960328 0.808919728 11.585400581 0.014995968 0.999840379 -0.009712003 -0.836203337 -0.808781266 0.017840398 0.587838888 81.385284424
0.557860494 0.008595305 0.829890192 12.351680756 0.013730380 0.999713957 -0.019583894 -0.853440762 -0.829821169 0.022319790 0.557582855 81.909286499
0.527038336 0.016887216 0.849673808 13.129358292 0.012555074 0.999538720 -0.027653476 -0.876205802 -0.849748850 0.025242159 0.526583195 82.390403748
0.495066404 0.021863461 0.868580103 13.941389084 0.009878226 0.999477088 -0.030788651 -0.908424735 -0.868799031 0.023822457 0.494591534 82.869125366
0.462502956 0.021345461 0.886360824 14.770229340 0.008043289 0.999567986 -0.028268723 -0.939344406 -0.886581302 0.020203626 0.462131500 83.303848267
0.429175854 0.020243732 0.902994037 15.622835159 0.003614411 0.999702275 -0.024129642 -0.966238678 -0.903213739 0.013619652 0.428974926 83.723464966
0.394981146 0.021341054 0.918441296 16.486658096 -0.000573502 0.999735653 -0.022983385 -0.999088228 -0.918689013 0.008551275 0.394888997 84.097778320
0.359548151 0.024302302 0.932810009 17.363225937 -0.007353803 0.999703526 -0.023210568 -1.029252648 -0.933097541 0.001485618 0.359620273 84.461677551
0.323837519 0.025973352 0.945756197 18.260137558 -0.012072491 0.999655187 -0.023319827 -1.060061455 -0.946035743 -0.003865796 0.324039400 84.774719238
0.287786186 0.025213679 0.957362831 19.163120270 -0.014812952 0.999650955 -0.021874588 -1.092099905 -0.957580268 -0.007886162 0.288059235 85.051185608
0.250907123 0.025243187 0.967682004 20.126232147 -0.015949259 0.999632061 -0.021941213 -1.117445350 -0.967879772 -0.009928602 0.251217425 85.331069946
0.215252936 0.024541831 0.976250052 21.072135925 -0.015102260 0.999648273 -0.021800147 -1.145780802 -0.976441681 -0.010051030 0.215547919 85.533470154
0.180527151 0.023565028 0.983287752 22.046207428 -0.013213207 0.999680817 -0.021532014 -1.170443773 -0.983481348 -0.009105268 0.180780888 85.698181152
0.145282209 0.022622267 0.989131629 23.008304596 -0.004770271 0.999742985 -0.022164308 -1.202375054 -0.989378750 -0.001498346 0.145352781 85.845901489
0.111536264 0.025950149 0.993421555 23.976703644 -0.002721168 0.999663234 -0.025807677 -1.235532284 -0.993756711 0.000175226 0.111569285 85.948165894
0.079042792 0.030701792 0.996398449 24.952537537 -0.001436395 0.999528110 -0.030684281 -1.271528840 -0.996870279 0.000994152 0.079049587 86.016799927
0.049824238 0.034879047 0.998148799 25.972637177 0.005309864 0.999366641 -0.035186656 -1.303456068 -0.998743892 0.007053184 0.049607515 86.070610046
0.024387956 0.032991141 0.999158144 26.956703186 0.007249793 0.999423206 -0.033176854 -1.340777636 -0.999676347 0.008052807 0.024134696 86.088325500
0.001787007 0.029692363 0.999557614 27.941261292 0.008791935 0.999520004 -0.029706968 -1.380588770 -0.999959826 0.008841135 0.001525104 86.092643738
-0.016963124 0.027554438 0.999476373 28.999042511 0.008906624 0.999584675 -0.027406260 -1.419319868 -0.999816418 0.008437064 -0.017201543 86.078193665
-0.033460379 0.030715793 0.998968065 29.993663788 0.010951467 0.999478877 -0.030364687 -1.455560207 -0.999380171 0.009924157 -0.033779263 86.042404175
-0.048257232 0.034890871 0.998225391 30.987438202 0.013416525 0.999322176 -0.034280613 -1.494068384 -0.998744845 0.011738430 -0.048692584 85.995300293
-0.060002327 0.040511221 0.997375965 32.006393433 0.018193841 0.999054492 -0.039484862 -1.528582215 -0.998032570 0.015776921 -0.060682654 85.926101685
-0.069033742 0.043793645 0.996652782 32.999126434 0.023568297 0.998828769 -0.042256802 -1.576094151 -0.997336030 0.020572271 -0.069985032 85.854972839
-0.075507879 0.049142063 0.995933533 33.984634399 0.026217895 0.998537421 -0.047282804 -1.628674984 -0.996800482 0.022541057 -0.076685786 85.782684326
-0.078177452 0.054092791 0.995471001 35.010997772 0.029428702 0.998216987 -0.051930886 -1.684672117 -0.996505141 0.025235593 -0.079630017 85.685020447
-0.080969095 0.058083627 0.995022833 36.008773804 0.031306360 0.997956216 -0.055707339 -1.744112015 -0.996224880 0.026639966 -0.082622051 85.601997375
-0.083569288 0.060839109 0.994643033 37.027889252 0.032087989 0.997781217 -0.058335047 -1.809805155 -0.995985210 0.027041083 -0.085336089 85.512634277
-0.086149693 0.064511091 0.994191468 38.038600922 0.033127841 0.997535050 -0.061857425 -1.874031782 -0.995731354 0.027606422 -0.088074446 85.429183960
-0.087948918 0.068414681 0.993772864 39.049537659 0.034349736 0.997253656 -0.065614365 -1.939247608 -0.995532632 0.028365124 -0.090057492 85.329055786
-0.090415239 0.069656514 0.993465245 40.059684753 0.036988702 0.997097611 -0.066544861 -2.013384342 -0.995217085 0.030730324 -0.092729330 85.233825684
-0.092392564 0.068360627 0.993373454 41.077903748 0.037495885 0.997171760 -0.065134577 -2.092848063 -0.995016634 0.031229468 -0.094694495 85.137878418
-0.094669819 0.068159468 0.993172646 42.104579926 0.036587488 0.997217596 -0.064949520 -2.157393932 -0.994836152 0.030188929 -0.096900225 85.050918579
-0.096985698 0.069422044 0.992861748 43.131320953 0.036383141 0.997144997 -0.066167526 -2.228815794 -0.994620562 0.029706122 -0.099234581 84.945495605
-0.099025130 0.071724214 0.992496789 44.160285950 0.035655182 0.997014225 -0.068493232 -2.307652712 -0.994446099 0.028605107 -0.101286769 84.833419800
-0.101649404 0.073736273 0.992083967 45.191490173 0.034026369 0.996923506 -0.070609622 -2.387959957 -0.994238317 0.026579592 -0.103845596 84.729728699
-0.104126930 0.077242449 0.991559923 46.223182678 0.031800669 0.996728361 -0.074305572 -2.471872091 -0.994055450 0.023795052 -0.106242657 84.627769470
-0.106681705 0.081347615 0.990959942 47.262783051 0.028351372 0.996491194 -0.078749515 -2.554130316 -0.993888974 0.019693943 -0.108613610 84.527908325
-0.109341979 0.083964951 0.990451634 48.305534363 0.025802219 0.996329904 -0.081614822 -2.636857748 -0.993669391 0.016631933 -0.111107111 84.415008545
-0.112087727 0.082440428 0.990272820 49.364189148 0.023649700 0.996491671 -0.080281287 -2.723352909 -0.993417025 0.014421119 -0.113644123 84.288421631
-0.114816546 0.078190580 0.990304649 50.418968201 0.021039026 0.996865273 -0.076269299 -2.813413620 -0.993163884 0.012078066 -0.116101623 84.170951843
-0.117173076 0.076556616 0.990156412 51.472488403 0.021460703 0.996986687 -0.074545115 -2.899073601 -0.992879689 0.012514781 -0.118462920 84.047927856
-0.119564176 0.076977141 0.989837825 52.514308929 0.020583369 0.996967673 -0.075045310 -2.988266230 -0.992613077 0.011401467 -0.120786071 83.938095093
-0.120525599 0.079972550 0.989483774 53.580215454 0.021532636 0.996725857 -0.077935062 -3.067397833 -0.992476761 0.011913026 -0.121852994 83.807144165
-0.121496916 0.082862005 0.989127278 54.634418488 0.022135857 0.996487796 -0.080759630 -3.154721260 -0.992345154 0.012083149 -0.122904420 83.685485840
-0.121354699 0.083674937 0.989076138 55.710845947 0.021296289 0.996430695 -0.081684187 -3.241765022 -0.992380738 0.011150890 -0.122703552 83.545715332
-0.121551991 0.082157187 0.989179134 56.788982391 0.018018505 0.996587038 -0.080558315 -3.334853649 -0.992421567 0.008031503 -0.122617483 83.424041748
-0.121583939 0.081559993 0.989224613 57.855651855 0.014434673 0.996658266 -0.080398746 -3.428945541 -0.992476165 0.004503937 -0.122354865 83.301315308
-0.121738315 0.083007134 0.989085197 58.916980743 0.010337072 0.996548951 -0.082361206 -3.516015053 -0.992508352 0.000197722 -0.122176290 83.183700562
-0.121745467 0.083091959 0.989077389 60.003154755 0.006434937 0.996534884 -0.082926400 -3.615091562 -0.992540658 -0.003731259 -0.121858358 83.051216125
-0.122450709 0.082315288 0.989055157 61.088733673 0.002947991 0.996580362 -0.082576610 -3.709331274 -0.992470264 -0.007195831 -0.122274637 82.930885315
-0.122825503 0.077367187 0.989408076 62.178478241 0.003077701 0.996981561 -0.077577338 -3.797262192 -0.992423534 -0.006483374 -0.122692943 82.804519653
-0.123246193 0.068867750 0.989983737 63.274364471 0.006368409 0.997623503 -0.068606384 -3.882489681 -0.992355764 -0.002150852 -0.123391867 82.674728394
-0.122164488 0.063020922 0.990507066 64.402420044 0.012657353 0.997999847 -0.061936554 -3.974200249 -0.992429197 0.004970754 -0.122717738 82.511077881
-0.121584535 0.065746814 0.990401328 65.496322632 0.020457549 0.997757852 -0.063723750 -4.043355465 -0.992370367 0.012513365 -0.122656941 82.371459961
-0.120999098 0.071562774 0.990069866 66.591522217 0.025309527 0.997296095 -0.068991959 -4.116643906 -0.992330074 0.016710240 -0.122483134 82.239807129
-0.119467854 0.077296354 0.989824712 67.716995239 0.030263593 0.996785045 -0.074187212 -4.200811386 -0.992376864 0.021092674 -0.121423006 82.082870483
-0.118807554 0.081753612 0.989546061 68.818298340 0.030895652 0.996426344 -0.078612641 -4.288301468 -0.992436707 0.021232910 -0.120908737 81.954559326
-0.119569778 0.078687847 0.989702702 69.931854248 0.028370082 0.996717989 -0.075818114 -4.384975433 -0.992420435 0.019012390 -0.121409774 81.845985413
-0.117913485 0.074467391 0.990227699 71.100730896 0.027497137 0.997046709 -0.071705908 -4.467398643 -0.992643058 0.018773332 -0.119612932 81.663833618
-0.117768288 0.072535321 0.990388513 72.228538513 0.025292663 0.997224271 -0.070028394 -4.553079605 -0.992719054 0.016802438 -0.119276047 81.539741516
-0.118045449 0.073083416 0.990315259 73.361953735 0.022778755 0.997224867 -0.070878118 -4.637013435 -0.992747009 0.014191315 -0.119382620 81.411972046
-0.117253304 0.078282326 0.990011930 74.491607666 0.024674851 0.996810257 -0.075897492 -4.728901863 -0.992795467 0.015529168 -0.118810892 81.272537231
-0.116525888 0.081101999 0.989870906 75.633255005 0.024246227 0.996595621 -0.078798756 -4.818425179 -0.992891729 0.014818546 -0.118095636 81.136367798
-0.116215587 0.079784848 0.990014434 76.764907837 0.024291346 0.996698558 -0.077472024 -4.912225723 -0.992927074 0.015045340 -0.117769957 81.010963440
-0.115545869 0.072863527 0.990626156 77.913169861 0.025849985 0.997188687 -0.070331104 -5.007444382 -0.992965817 0.017481212 -0.117104530 80.877616882
-0.115863919 0.071514808 0.990687370 79.080078125 0.025167434 0.997295797 -0.069048457 -5.091285229 -0.992946327 0.016932840 -0.117350459 80.730186462
-0.115366817 0.074467964 0.990527809 80.223014832 0.022793047 0.997121811 -0.072309010 -5.177565575 -0.993061602 0.014235099 -0.116732121 80.603645325
-0.115273476 0.077210888 0.990328610 81.358940125 0.021721628 0.996932030 -0.075197354 -5.269172192 -0.993096411 0.012843300 -0.116596937 80.488487244
-0.115689278 0.077202372 0.990280688 82.520065308 0.020634186 0.996946573 -0.075311460 -5.351496220 -0.993071139 0.011720910 -0.116929054 80.362174988
-0.115237474 0.074113660 0.990569353 83.703956604 0.019865748 0.997185230 -0.072297588 -5.437657833 -0.993139386 0.011347016 -0.116385460 80.223884583
-0.114687800 0.073145397 0.990705192 84.881652832 0.020409122 0.997248530 -0.071265876 -5.528594971 -0.993192077 0.012046110 -0.115864992 80.094673157
-0.113352180 0.072910599 0.990876079 86.078407288 0.022592675 0.997235060 -0.070794001 -5.630382538 -0.993297994 0.014361885 -0.114686012 79.950683594
-0.112193942 0.073644832 0.990953624 87.271873474 0.024637990 0.997149467 -0.071315825 -5.711117268 -0.993380904 0.016413901 -0.113688588 79.813224792
-0.111466646 0.072676949 0.991107166 88.469802856 0.024246022 0.997224212 -0.070398644 -5.808376312 -0.993472457 0.016183304 -0.112919450 79.690414429
-0.109873295 0.073373884 0.991233647 89.654518127 0.025381710 0.997153401 -0.070998646 -5.895744324 -0.993621469 0.017358355 -0.111422896 79.546279907
-0.109139800 0.071716435 0.991436124 90.845741272 0.025172966 0.997273505 -0.069367595 -5.983051300 -0.993707776 0.017386626 -0.110647559 79.427909851
-0.107705116 0.070782512 0.991659939 92.059265137 0.024164107 0.997354031 -0.068564452 -6.074341774 -0.993889213 0.016577840 -0.109130502 79.294662476
-0.106754184 0.070244946 0.991800964 93.282310486 0.024829645 0.997378528 -0.067967393 -6.161371231 -0.993975341 0.017370263 -0.108218431 79.168365479
-0.104880571 0.071005680 0.991946638 94.503036499 0.022754680 0.997358024 -0.068987139 -6.252696991 -0.994224429 0.015336022 -0.106219172 79.038566589
-0.103814125 0.073796868 0.991855264 95.742744446 0.022826614 0.997157633 -0.071802206 -6.338422298 -0.994334877 0.015186618 -0.105203509 78.918754578
-0.102988839 0.072648682 0.992026091 96.963195801 0.020053467 0.997278154 -0.070951432 -6.427297115 -0.994480491 0.012586365 -0.104165435 78.805915833
-0.102129698 0.071254604 0.992215872 98.195541382 0.017364722 0.997407079 -0.069840036 -6.526196480 -0.994619489 0.010096816 -0.103102207 78.679557800
-0.102059960 0.072440535 0.992137194 99.425933838 0.014734543 0.997345686 -0.071305111 -6.613921165 -0.994669199 0.007341289 -0.102856517 78.558761597
-0.102238774 0.071712703 0.992171645 100.669372559 0.011801027 0.997415364 -0.070875667 -6.709026337 -0.994689941 0.004462407 -0.102820754 78.436286926
-0.103531599 0.069103897 0.992222786 101.909965515 0.008763037 0.997608185 -0.068564609 -6.801744461 -0.994587660 0.001596288 -0.103889465 78.318283081
-0.104858994 0.067607403 0.992186368 103.193710327 0.006633813 0.997711897 -0.067282818 -6.894772053 -0.994464934 -0.000473234 -0.105067611 78.193801880
-0.106483340 0.067284957 0.992035508 104.447158813 0.004588285 0.997730434 -0.067178726 -6.981884956 -0.994304121 -0.002601661 -0.106550455 78.069564819
-0.107878566 0.066844724 0.991914451 105.703323364 0.004896451 0.997760653 -0.066706181 -7.082160950 -0.994152129 -0.002339296 -0.107964277 77.933044434
-0.110486031 0.065548182 0.991713941 106.960708618 0.004270784 0.997844875 -0.065477617 -7.170918465 -0.993868649 -0.002998954 -0.110527873 77.799171448
-0.113699436 0.060961466 0.991643190 108.232376099 0.001574653 0.998125553 -0.061179429 -7.258243561 -0.993513942 -0.005394571 -0.113582373 77.670433044
-0.118519545 0.060885333 0.991083443 109.484809875 0.000889978 0.998124421 -0.061211463 -7.345864296 -0.992951512 -0.006372702 -0.118351460 77.535942078
-0.123585463 0.066781655 0.990084291 110.720993042 -0.004077397 0.997690380 -0.067803636 -7.433942318 -0.992325604 -0.012416502 -0.123027682 77.382415771
-0.130850911 0.069977395 0.988929451 111.948890686 -0.003692684 0.997464478 -0.071069948 -7.523123741 -0.991395295 -0.012951367 -0.130260706 77.234802246
-0.139435768 0.065910861 0.988035262 113.197563171 -0.001694955 0.997765005 -0.066799127 -7.620519638 -0.990229845 -0.010988853 -0.139012456 77.049659729
-0.150155306 0.064040184 0.986586273 114.429801941 0.000553964 0.997905195 -0.064690605 -7.711529732 -0.988662362 -0.009167094 -0.149876237 76.863014221
-0.163493752 0.064657003 0.984423339 115.644760132 0.000756961 0.997857928 -0.065413676 -7.805078506 -0.986544073 -0.009949556 -0.163192511 76.675720215
-0.177470803 0.064851746 0.981986940 116.861938477 0.002904186 0.997856557 -0.065374933 -7.895945072 -0.984121799 -0.008750269 -0.177278757 76.458000183
-0.191646338 0.062700011 0.979459345 118.069305420 0.003484066 0.997994483 -0.063204825 -7.984528065 -0.981457949 -0.008700465 -0.191480398 76.226173401
-0.207207441 0.065506384 0.976101637 119.270080566 0.007800407 0.997834623 -0.065309025 -8.074398994 -0.978266120 -0.005918514 -0.207269788 75.975646973
-0.222257376 0.068697326 0.972564757 120.460250854 0.007954740 0.997609198 -0.068648465 -8.165059090 -0.974955499 -0.007521136 -0.222272515 75.710815430
-0.237562418 0.072768584 0.968642890 121.622840881 0.007655861 0.997299373 -0.073043764 -8.255388260 -0.971342206 -0.009936652 -0.237477899 75.434677124
-0.253021240 0.070498705 0.964888692 122.780845642 0.004336399 0.997414112 -0.071738020 -8.356231689 -0.967451036 -0.013967100 -0.252672672 75.130691528
-0.269685030 0.064864039 0.960761607 123.934204102 -0.001396836 0.997701347 -0.067750059 -8.447478294 -0.962947726 -0.019613199 -0.268974543 74.836402893
-0.285349369 0.060693640 0.956499934 125.130096436 -0.004973713 0.997885644 -0.064803518 -8.540509224 -0.958410740 -0.023248995 -0.284444213 74.500854492
-0.300808549 0.061891180 0.951674342 126.276641846 -0.006905752 0.997724473 -0.067068800 -8.630737305 -0.953659773 -0.026746882 -0.299696684 74.158454895
-0.314651728 0.064253516 0.947030008 127.413856506 -0.006619900 0.997533500 -0.069879517 -8.717258453 -0.949184120 -0.028256949 -0.313450217 73.781707764
-0.328270555 0.066605128 0.942232549 128.545150757 -0.005011862 0.997373998 -0.072249122 -8.809099197 -0.944570482 -0.028439598 -0.327074647 73.391708374
-0.342666626 0.066126704 0.937126875 129.664047241 -0.002971360 0.997438371 -0.071468972 -8.912014961 -0.939452350 -0.027274569 -0.341592312 72.994720459
-0.356971622 0.064051636 0.931916595 130.790756226 -0.003468861 0.997548580 -0.069891341 -9.006145477 -0.934108734 -0.028181920 -0.355874419 72.582641602
-0.371491790 0.062786505 0.926310897 131.910491943 -0.003321960 0.997614443 -0.068951800 -9.105774879 -0.928430378 -0.028692190 -0.370396972 72.142837524
-0.386133313 0.064169414 0.920208275 133.010665894 -0.004738471 0.997426271 -0.071542434 -9.198133469 -0.922430754 -0.031985302 -0.384835482 71.691619873
-0.401267886 0.066094860 0.913572967 134.094223022 -0.003861314 0.997262239 -0.073845580 -9.294538498 -0.915952623 -0.033159453 -0.399914145 71.232864380
-0.415934801 0.067870334 0.906858325 135.178833008 -0.002492919 0.997122288 -0.075769186 -9.389690399 -0.909391105 -0.033775762 -0.414568663 70.743438721
-0.430378675 0.070509382 0.899890363 136.258941650 0.000303121 0.996955693 -0.077969797 -9.487360954 -0.902648389 -0.033283759 -0.429089785 70.233673096
-0.445099354 0.073682897 0.892444789 137.331054688 -0.000091098 0.996605277 -0.082328141 -9.587416649 -0.895481348 -0.036725491 -0.443581700 69.711502075
-0.460269570 0.075815745 0.884536028 138.397064209 0.000832990 0.996383250 -0.084968999 -9.695132256 -0.887778878 -0.038371831 -0.458667994 69.168243408
-0.475630283 0.073293418 0.876586676 139.462570190 -0.000306874 0.996508837 -0.083486892 -9.797899246 -0.879645407 -0.039977882 -0.473947287 68.602935791
-0.491700172 0.068669140 0.868052900 140.530853271 -0.003443605 0.996724486 -0.080798581 -9.904522896 -0.870757997 -0.042717896 -0.489853144 68.020553589
-0.507801175 0.068840116 0.858719587 141.585021973 -0.003768490 0.996615052 -0.082123138 -10.007545471 -0.861466229 -0.044938289 -0.505822897 67.412460327
-0.523653746 0.068033077 0.849210501 142.634368896 -0.004962940 0.996545792 -0.082896933 -10.107818604 -0.851916850 -0.047623858 -0.521507263 66.780395508
-0.539680958 0.066946231 0.839203954 143.669006348 -0.005792365 0.996514320 -0.083220430 -10.212090492 -0.841850042 -0.049773429 -0.537411928 66.131607056
-0.555004120 0.066962175 0.829148114 144.712402344 -0.006118754 0.996399164 -0.084565088 -10.319956779 -0.831825137 -0.052007318 -0.552595854 65.448028564
-0.570735335 0.066195115 0.818461716 145.734588623 -0.006440645 0.996353865 -0.085073814 -10.430580139 -0.821108937 -0.053826045 -0.568228006 64.752441406
-0.585417628 0.063575447 0.808235407 146.746994019 -0.006700722 0.996507168 -0.083238259 -10.537921906 -0.810704291 -0.054144904 -0.582946897 64.026687622
-0.600534797 0.060109355 0.797336400 147.754180908 -0.006479216 0.996771872 -0.080024339 -10.647266388 -0.799572647 -0.053223498 -0.598206758 63.286193848
-0.615296602 0.058451079 0.786125660 148.757400513 -0.006109940 0.996863604 -0.078902364 -10.747960091 -0.788272023 -0.053351536 -0.613009691 62.507133484
-0.629896641 0.056880329 0.774593413 149.737060547 -0.006601152 0.996886611 -0.078571908 -10.853435516 -0.776651025 -0.054605387 -0.627560019 61.726097107
-0.644835830 0.057569288 0.762149990 150.706695557 -0.008466275 0.996560156 -0.082438655 -10.961901665 -0.764274240 -0.059611969 -0.642130375 60.923500061
-0.660119772 0.057016633 0.748993516 151.665435791 -0.010404796 0.996325374 -0.085014798 -11.069694519 -0.751088500 -0.063913055 -0.657100797 60.106208801
-0.676070452 0.053729590 0.734875619 152.619766235 -0.012233886 0.996381879 -0.084104247 -11.181536674 -0.736735582 -0.065850772 -0.672967076 59.259887695
-0.692253470 0.045928281 0.720191777 153.546813965 -0.015936960 0.996756375 -0.078884162 -11.295385361 -0.721478820 -0.066085480 -0.689276099 58.395645142
-0.709136128 0.043625630 0.703720629 154.466339111 -0.016716050 0.996763170 -0.078636862 -11.400616646 -0.704873383 -0.067527674 -0.706111550 57.498298645
-0.726464629 0.041132662 0.685971737 155.364471436 -0.018150326 0.996710420 -0.078987107 -11.507182121 -0.686964095 -0.069831952 -0.723328352 56.578407288
-0.744146705 0.036955267 0.666993201 156.251800537 -0.021727532 0.996601343 -0.079458296 -11.613650322 -0.667662740 -0.073620752 -0.740814686 55.637954712
-0.760608554 0.035122152 0.648260236 157.085510254 -0.020922750 0.996690691 -0.078548618 -11.724390030 -0.648873746 -0.073308133 -0.757356644 54.693405151
-0.776566267 0.037370790 0.628926337 157.923339844 -0.018672302 0.996435642 -0.082263805 -11.836474419 -0.629758835 -0.075626798 -0.773100615 53.678749084
-0.791730165 0.036750611 0.609764814 158.717163086 -0.015306135 0.996681869 -0.079943925 -11.946981430 -0.610679507 -0.072627142 -0.788540483 52.686065674
-0.806334496 0.037798367 0.590250611 159.499694824 -0.011479276 0.996767759 -0.079512551 -12.065447807 -0.591348231 -0.070889369 -0.803294420 51.636619568
-0.820933461 0.038581967 0.569719315 160.254989624 -0.010006349 0.996589601 -0.081908658 -12.179432869 -0.570936501 -0.072942346 -0.817747712 50.595939636
-0.834496498 0.040338367 0.549534976 160.968933105 -0.008882307 0.996202350 -0.086614020 -12.293313980 -0.550941885 -0.077160217 -0.830968976 49.530677795
-0.847473860 0.040585190 0.529283762 161.667434692 -0.006169233 0.996252656 -0.086270116 -12.411783218 -0.530801654 -0.076376922 -0.844047666 48.439163208
-0.859059215 0.038603846 0.510418594 162.337936401 -0.005000609 0.996471643 -0.083781146 -12.532668114 -0.511851907 -0.074525364 -0.855835080 47.325538635
-0.869507432 0.040510997 0.492255807 162.977325439 -0.002056837 0.996325135 -0.085627347 -12.646199226 -0.493915677 -0.075466096 -0.866228819 46.212272644
-0.878825307 0.043251693 0.475179344 163.586624146 0.000656328 0.995991707 -0.089443132 -12.763217926 -0.477143258 -0.078293011 -0.875331044 45.088150024
-0.887818933 0.040934902 0.458368689 164.187377930 -0.000933942 0.995873630 -0.090746082 -12.887342453 -0.460191995 -0.080994181 -0.884117246 43.960540771
-0.896082520 0.038277503 0.442234039 164.773406982 -0.001831447 0.995947778 -0.089915104 -13.016881943 -0.443883747 -0.081381284 -0.892381191 42.813667297
-0.903174877 0.036392603 0.427727193 165.336517334 -0.002602168 0.995917439 -0.090230972 -13.141446114 -0.429264724 -0.082607374 -0.899392962 41.647659302
-0.909779191 0.034510892 0.413655430 165.881912231 -0.002981154 0.995968938 -0.089649417 -13.266956329 -0.415081859 -0.082794346 -0.906008959 40.473678589
-0.916045904 0.031768993 0.399813265 166.409927368 -0.004234720 0.996036291 -0.088847145 -13.392442703 -0.401051104 -0.083081156 -0.912280321 39.302227020
-0.921731949 0.027152594 0.386875898 166.927413940 -0.006526354 0.996318936 -0.085474938 -13.508119583 -0.387772650 -0.081309870 -0.918161750 38.112426758
-0.926813602 0.023801740 0.374767005 167.431900024 -0.007464358 0.996624410 -0.081756040 -13.636439323 -0.375447869 -0.078569993 -0.923507452 36.912311554
-0.931158185 0.024131984 0.363816291 167.911529541 -0.004920905 0.996884763 -0.078718156 -13.745295525 -0.364582539 -0.075089350 -0.928138614 35.707992554
-0.934294820 0.028192041 0.355385005 168.371429443 -0.000500558 0.996763587 -0.080387376 -13.858095169 -0.356501132 -0.075283401 -0.931257010 34.519905090
-0.936734319 0.033123005 0.348470896 168.831253052 0.004810172 0.996636987 -0.081802420 -13.970979691 -0.350008518 -0.074950911 -0.933743358 33.322437286
-0.938390732 0.036657713 0.343626201 169.265991211 0.007992147 0.996394038 -0.084469028 -14.080858231 -0.345483541 -0.076518647 -0.935299993 32.106601715
-0.940311551 0.033808794 0.338632226 169.713668823 0.005908411 0.996524870 -0.083085902 -14.199726105 -0.340264469 -0.076125823 -0.937243581 30.911621094
-0.942053437 0.026580816 0.334407806 170.161849976 -0.000050073 0.996844709 -0.079376481 -14.317924500 -0.335462540 -0.074793644 -0.939079642 29.675910950
-0.943978667 0.020486763 0.329370022 170.603149414 -0.005348974 0.996990204 -0.077342868 -14.429697990 -0.329963177 -0.074771807 -0.941027999 28.469585419
-0.945508838 0.013912412 0.325299948 171.038986206 -0.012584504 0.996778667 -0.079207987 -14.533185959 -0.325354010 -0.078985572 -0.942287922 27.253582001
-0.947012424 0.010880902 0.321013212 171.477172852 -0.016394682 0.996485770 -0.082141891 -14.640004158 -0.320778906 -0.083052278 -0.943506002 26.053573608
-0.947865725 0.011120199 0.318476498 171.894485474 -0.016518500 0.996332884 -0.083951995 -14.759200096 -0.318242162 -0.084835961 -0.944205999 24.850685120
-0.948141694 0.011748013 0.317631602 172.310958862 -0.016388828 0.996180475 -0.085766263 -14.876712799 -0.317425966 -0.086524151 -0.944327712 23.645828247
-0.948000431 0.014392888 0.317944139 172.723724365 -0.014285882 0.996045768 -0.087685205 -14.991640091 -0.317948967 -0.087667711 -0.944046259 22.437194824
-0.947578549 0.015397667 0.319151402 173.143936157 -0.013885959 0.995910048 -0.089276530 -15.120086670 -0.319220752 -0.089028262 -0.943489194 21.198028564
-0.947343469 0.016537089 0.319792002 173.561920166 -0.013220295 0.995794356 -0.090657987 -15.247993469 -0.319946289 -0.090111993 -0.943140626 19.996337891
-0.946547031 0.018001659 0.322063297 173.985916138 -0.011750880 0.995854437 -0.090199023 -15.371465683 -0.322351873 -0.089162141 -0.942411542 18.781639099
-0.945896864 0.017205520 0.324010789 174.410995483 -0.012808776 0.995834649 -0.090273634 -15.498859406 -0.324214369 -0.089539737 -0.941736460 17.583488464
-0.944723487 0.016235424 0.327466130 174.837844849 -0.014192502 0.995812058 -0.090315975 -15.621519089 -0.327561021 -0.089971177 -0.940536618 16.406105042
-0.943373561 0.014548986 0.331413805 175.275238037 -0.015493256 0.996015310 -0.087826580 -15.744521141 -0.331371009 -0.087987930 -0.939389110 15.234863281
-0.941809654 0.012326046 0.335920751 175.729949951 -0.017365750 0.996208906 -0.085241973 -15.864245415 -0.335697949 -0.086115226 -0.938025117 14.052589417
-0.938925147 0.009848107 0.343981206 176.160705566 -0.019436298 0.996477127 -0.081581898 -15.991727829 -0.343572825 -0.083284996 -0.935425997 12.833419800
-0.936674833 0.011643700 0.350006968 176.618713379 -0.017965827 0.996533334 -0.081231162 -16.105718613 -0.349739432 -0.082375348 -0.933218479 11.674858093
-0.933438420 0.012122321 0.358533293 177.071426392 -0.018343627 0.996508598 -0.081450298 -16.218564987 -0.358268857 -0.082605630 -0.929957032 10.507522583
-0.930042863 0.014739187 0.367155433 177.541809082 -0.017342493 0.996320963 -0.083926916 -16.329542160 -0.367041677 -0.084423020 -0.926365614 9.366271973
-0.925638318 0.016242204 0.378061295 178.009963989 -0.016661849 0.996360064 -0.083600014 -16.430322647 -0.378043056 -0.083682552 -0.921998382 8.207809448
-0.920529485 0.019004364 0.390210867 178.513626099 -0.014901443 0.996381283 -0.083679914 -16.566600800 -0.390389055 -0.082844526 -0.916915059 6.991165161
-0.915279269 0.020802585 0.402282298 179.028976440 -0.014538677 0.996308982 -0.084599182 -16.681341171 -0.402557373 -0.083280534 -0.911598563 5.867233276
-0.909631371 0.022533482 0.414805055 179.559356689 -0.013429506 0.996410728 -0.083577819 -16.808917999 -0.415199518 -0.081595622 -0.906063795 4.736923218
-0.902739763 0.023566544 0.429541290 180.106262207 -0.012528984 0.996634424 -0.081011169 -16.922286987 -0.430004805 -0.078513704 -0.899406314 3.535583496
-0.896552324 0.026105940 0.442168355 180.673721313 -0.010923956 0.996654809 -0.080992930 -17.040266037 -0.442803621 -0.077444606 -0.893267989 2.405456543
-0.889661074 0.028805234 0.455712438 181.243103027 -0.008891767 0.996726155 -0.080361180 -17.146211624 -0.456535339 -0.075546287 -0.886492372 1.279129028
-0.881978393 0.030411182 0.470308036 181.855987549 -0.007502587 0.996883452 -0.078530498 -17.256839752 -0.471230507 -0.072790720 -0.879001498 0.105957031
-0.874793768 0.032026030 0.483436346 182.469573975 -0.005298874 0.997120798 -0.075644389 -17.365886688 -0.484467000 -0.068734884 -0.872105360 -0.985412598
-0.866285443 0.035426758 0.498291731 183.074981689 -0.001624704 0.997277081 -0.073727399 -17.474948883 -0.499546856 -0.064678550 -0.863869071 -2.060104370
-0.858006716 0.038581237 0.512187839 183.706024170 0.001676171 0.997380018 -0.072321109 -17.576446533 -0.513636112 -0.061193470 -0.855823398 -3.074417114
-0.846925020 0.041581269 0.530084074 184.356384277 0.004345380 0.997445464 -0.071299709 -17.673980713 -0.531694651 -0.058082085 -0.844942212 -4.169891357
-0.836027145 0.044585165 0.546873808 185.030609131 0.006771468 0.997455597 -0.070968099 -17.766838074 -0.548646450 -0.055628113 -0.834201813 -5.211914062
-0.824839354 0.046623427 0.563441634 185.707763672 0.008984694 0.997548997 -0.069391795 -17.871503830 -0.565295935 -0.052174725 -0.823236585 -6.208618164
-0.813536286 0.048644707 0.579476058 186.419830322 0.010045881 0.997521996 -0.069634423 -17.964214325 -0.581427455 -0.050828781 -0.812009096 -7.187408447
-0.800611377 0.051223774 0.596990705 187.151641846 0.012125704 0.997520149 -0.069329008 -18.061079025 -0.599061549 -0.048266653 -0.799247146 -8.190872192
-0.787294984 0.052141856 0.614368021 187.896377563 0.014781778 0.997727573 -0.065735444 -18.163724899 -0.616399467 -0.042671729 -0.786276698 -9.127822876
-0.771805882 0.054110259 0.633551657 188.664443970 0.015974998 0.997708201 -0.065750986 -18.249816895 -0.635657489 -0.040626016 -0.770901442 -10.098968506
