1.000000000 0.000000000 0.000000000 0.000000000 0.000000000 1.000000000 0.000000000 0.000000000 0.000000000 0.000000000 1.000000000 0.000000000
0.999997675 -0.001596537 -0.001434351 -0.003558580 0.001595162 0.999998271 -0.000959143 -0.007906362 0.001435879 0.000956852 0.999998510 0.558753550
0.999995470 -0.001832631 -0.002392626 -0.008191140 0.001826694 0.999995232 -0.002481109 -0.018413125 0.002397162 0.002476727 0.999994040 1.111359119
0.999988139 -0.002382661 -0.004252595 -0.016316390 0.002368259 0.999991477 -0.003388438 -0.036989789 0.004260633 0.003378327 0.999985218 1.676469803
0.999970615 -0.004328755 -0.006327838 -0.017333606 0.004293489 0.999975264 -0.005576173 -0.038823653 0.006351819 0.005548840 0.999964416 2.249789953
0.999949813 -0.006920989 -0.007241057 -0.036152489 0.006872297 0.999953747 -0.006727835 -0.070219502 0.007287285 0.006677734 0.999951124 2.815307856
0.999929607 -0.008140760 -0.008635266 -0.044190399 0.008077321 0.999940336 -0.007356055 -0.081916168 0.008694634 0.007285787 0.999935687 3.388149500
0.999917567 -0.008155003 -0.009915585 -0.056033224 0.008089264 0.999945164 -0.006652015 -0.095635086 0.009969288 0.006571257 0.999928713 3.966326952
0.999903619 -0.008547576 -0.010940280 -0.066199355 0.008469666 0.999938607 -0.007147969 -0.108657144 0.011000706 0.007054619 0.999914587 4.553198814
0.999891043 -0.008026119 -0.012388292 -0.074633822 0.007904204 0.999920130 -0.009858936 -0.125015333 0.012466432 0.009759942 0.999874651 5.169907093
0.999888182 -0.006363010 -0.013530958 -0.092058338 0.006178333 0.999887764 -0.013646720 -0.139866561 0.013616274 0.013561595 0.999815345 5.771321774
0.999873996 -0.004994995 -0.015069288 -0.098878346 0.004731918 0.999836683 -0.017443316 -0.150910273 0.015153957 0.017369810 0.999734282 6.381612778
0.999862313 -0.003073440 -0.016308159 -0.116166294 0.002787545 0.999842525 -0.017524697 -0.164624587 0.016359452 0.017476823 0.999713421 7.009666920
0.999846995 -0.000980550 -0.017465523 -0.136376679 0.000801196 0.999946892 -0.010273089 -0.180205852 0.017474668 0.010257524 0.999794662 7.673979759
0.999839485 -0.000048021 -0.017917020 -0.154994056 0.000055080 0.999999940 0.000393527 -0.193298280 0.017917000 -0.000394450 0.999839425 8.329376221
0.999821067 0.001095553 -0.018885525 -0.172731191 -0.000965216 0.999975681 0.006909149 -0.205294117 0.018892635 -0.006889684 0.999797761 9.018071175
0.999793231 0.003568243 -0.020019239 -0.193169132 -0.003446927 0.999975502 0.006091222 -0.221895710 0.020040482 -0.006020957 0.999781013 9.704723358
0.999776483 0.005235438 -0.020482181 -0.226374224 -0.005262916 0.999985337 -0.001287881 -0.224620551 0.020475138 0.001395389 0.999789417 10.408631325
0.999756634 0.004849497 -0.021521376 -0.247996122 -0.005008001 0.999960661 -0.007317197 -0.225458294 0.021485046 0.007423195 0.999741614 11.117806435
0.999741495 0.002523782 -0.022596553 -0.265506327 -0.002653046 0.999980271 -0.005692357 -0.228351876 0.022581741 0.005750835 0.999728441 11.856235504
0.999733508 0.001752282 -0.023018997 -0.288130313 -0.001675144 0.999992907 0.003369917 -0.233829871 0.023024738 -0.003330459 0.999729335 12.623688698
0.999717891 0.002002650 -0.023667632 -0.305837035 -0.001739633 0.999936581 0.011128318 -0.246643528 0.023688417 -0.011084006 0.999657929 13.422683716
0.999704838 0.001105646 -0.024268473 -0.327957630 -0.000772595 0.999905467 0.013728709 -0.249395922 0.024281358 -0.013705907 0.999611199 14.212533951
0.999699295 -0.000597242 -0.024515621 -0.349421442 0.000911464 0.999917567 0.012808053 -0.252003491 0.024505951 -0.012826546 0.999617398 15.013594627
0.999707222 -0.000695505 -0.024187030 -0.369383365 0.000941989 0.999947727 0.010180848 -0.252383918 0.024178686 -0.010200650 0.999655604 15.841138840
0.999713063 0.001378674 -0.023914307 -0.397058427 -0.001219531 0.999977052 0.006668009 -0.246565506 0.023922950 -0.006636931 0.999691784 16.684202194
0.999744773 -0.002124907 -0.022490490 -0.419140279 0.002149454 0.999997139 0.001067323 -0.247912586 0.022488158 -0.001115393 0.999746501 17.579496384
0.999758422 -0.004984215 -0.021407640 -0.441030920 0.004876345 0.999975145 -0.005088078 -0.257294744 0.021432469 0.004982457 0.999757886 18.443017960
0.999781370 -0.003626009 -0.020592365 -0.460646302 0.003412036 0.999939919 -0.010416535 -0.270348042 0.020628899 0.010343996 0.999733686 19.335939407
0.999784589 -0.002260686 -0.020630904 -0.487001151 0.002028138 0.999934256 -0.011285791 -0.284097135 0.020655060 0.011241518 0.999723434 20.251913071
0.999781489 -0.002049481 -0.020801995 -0.514166713 0.001829025 0.999942005 -0.010611373 -0.305620492 0.020822538 0.010571008 0.999727309 21.182859421
0.999782622 0.000034715 -0.020849304 -0.540101349 -0.000292766 0.999923408 -0.012374043 -0.328592926 0.020847278 0.012377457 0.999706030 22.187822342
0.999779463 0.002828263 -0.020809289 -0.566935062 -0.003126485 0.999892652 -0.014312644 -0.349371105 0.020766575 0.014374547 0.999680996 23.138339996
0.999758840 0.006251143 -0.021052130 -0.596396625 -0.006570679 0.999863744 -0.015143496 -0.370865077 0.020954596 0.015278170 0.999663711 24.103523254
0.999748766 0.008279135 -0.020829944 -0.632127464 -0.008595869 0.999848068 -0.015162356 -0.396234632 0.020701250 0.015337598 0.999668062 25.078422546
0.999745727 0.008993155 -0.020678826 -0.663608313 -0.009310904 0.999839246 -0.015321326 -0.424141675 0.020537715 0.015509970 0.999668777 26.085371017
0.999744058 0.008855055 -0.020817760 -0.687610328 -0.009176442 0.999839425 -0.015393639 -0.448475748 0.020678105 0.015580732 0.999664783 27.073560715
0.999724805 0.010341873 -0.021056613 -0.719422579 -0.010636277 0.999846578 -0.013917921 -0.481305093 0.020909445 0.014138054 0.999681413 28.081396103
0.999714494 0.010570933 -0.021428637 -0.742471695 -0.010833415 0.999867260 -0.012170304 -0.502534270 0.021297142 0.012398974 0.999696314 29.098474503
0.999699593 0.011453572 -0.021668576 -0.774510801 -0.011694962 0.999870598 -0.011046356 -0.531226218 0.021539250 0.011296450 0.999704182 30.130062103
0.999695361 0.011433346 -0.021872705 -0.799024105 -0.011697371 0.999859810 -0.011981398 -0.557927191 0.021732651 0.012233601 0.999688983 31.155569077
0.999676049 0.012593023 -0.022119291 -0.828374207 -0.012878473 0.999835014 -0.012810361 -0.584346890 0.021954320 0.013091073 0.999673247 32.192108154
0.999667645 0.012598746 -0.022492373 -0.862316906 -0.012870894 0.999845207 -0.011996076 -0.609583557 0.022337757 0.012281586 0.999675035 33.229351044
0.999666512 0.011907106 -0.022914089 -0.890011966 -0.012130464 0.999880016 -0.009633469 -0.632223725 0.022796633 0.009908216 0.999691010 34.280620575
0.999654949 0.012208587 -0.023256944 -0.921703398 -0.012345259 0.999907315 -0.005742101 -0.657398880 0.023184685 0.006027233 0.999713004 35.339096069
0.999639630 0.012386133 -0.023815658 -0.952485025 -0.012476309 0.999915540 -0.003641547 -0.675255477 0.023768542 0.003937366 0.999709725 36.398593903
0.999625921 0.011817274 -0.024665801 -0.975782692 -0.011894874 0.999924719 -0.003001741 -0.700103760 0.024628472 0.003294015 0.999691248 37.476131439
0.999624968 0.011582891 -0.024813738 -1.011434555 -0.011699768 0.999921083 -0.004570192 -0.721541047 0.024758844 0.004858793 0.999681652 38.561153412
0.999598920 0.012313735 -0.025502034 -1.044857264 -0.012447401 0.999909580 -0.005089296 -0.737725735 0.025437059 0.005404688 0.999661803 39.644195557
0.999586582 0.011937778 -0.026155373 -1.082040191 -0.012046211 0.999919474 -0.003992071 -0.756212473 0.026105611 0.004305494 0.999649942 40.739498138
0.999558926 0.012049213 -0.027144080 -1.122175455 -0.012107289 0.999924779 -0.001976215 -0.777816236 0.027118227 0.002303984 0.999629557 41.796298981
0.999556065 0.011887360 -0.027319888 -1.156295180 -0.011875102 0.999929309 0.000610908 -0.801359057 0.027325219 -0.000286210 0.999626577 42.904266357
0.999519527 0.013254207 -0.028019479 -1.190123796 -0.013243774 0.999912143 0.000557908 -0.822619855 0.028024411 -0.000186556 0.999607205 43.981655121
0.999494374 0.014723959 -0.028181503 -1.232620239 -0.014830936 0.999883592 -0.003590703 -0.839755595 0.028125351 0.004006845 0.999596357 45.060001373
0.999482632 0.015531179 -0.028164249 -1.275310516 -0.015743768 0.999849081 -0.007342187 -0.863323629 0.028045967 0.007781800 0.999576330 46.143856049
0.999471128 0.015790114 -0.028426981 -1.302759171 -0.016007841 0.999844134 -0.007447912 -0.892357409 0.028304946 0.007899027 0.999568105 47.235168457
0.999469757 0.016729664 -0.027934982 -1.343010545 -0.016876735 0.999844909 -0.005037264 -0.912100136 0.027846375 0.005506044 0.999597073 48.318069458
0.999461114 0.017218867 -0.027945371 -1.379569888 -0.017300701 0.999846697 -0.002689170 -0.938080370 0.027894784 0.003171195 0.999605834 49.407939911
0.999474227 0.016280878 -0.028039059 -1.411096334 -0.016335299 0.999865115 -0.001712968 -0.959747255 0.028007388 0.002170094 0.999605358 50.497680664
0.999494553 0.015353573 -0.027837720 -1.445973396 -0.015420791 0.999878645 -0.002201541 -0.985154331 0.027800541 0.002629708 0.999610007 51.597118378
0.999513984 0.014457078 -0.027618347 -1.477050304 -0.014577460 0.999885082 -0.004162412 -1.001550078 0.027554996 0.004562994 0.999609888 52.679813385
0.999511182 0.015155906 -0.027343316 -1.514014840 -0.015332492 0.999862850 -0.006260063 -1.031250000 0.027244689 0.006676245 0.999606490 53.776187897
0.999538958 0.013615831 -0.027138382 -1.548818946 -0.013855224 0.999866545 -0.008652761 -1.058657885 0.027016947 0.009024780 0.999594212 54.864459991
0.999559820 0.012394139 -0.026954252 -1.581308246 -0.012716069 0.999849439 -0.011805152 -1.090237141 0.026803881 0.012142707 0.999566972 55.945652008
0.999585927 0.011113302 -0.026542710 -1.614221931 -0.011472153 0.999844313 -0.013405974 -1.126329660 0.026389595 0.013704925 0.999557793 57.031661987
0.999614477 0.008814585 -0.026329581 -1.643658996 -0.009115073 0.999894440 -0.011314405 -1.151361942 0.026227070 0.011550039 0.999589264 58.122768402
0.999639213 0.007367543 -0.025829632 -1.682967067 -0.007515227 0.999955952 -0.005625202 -1.173823118 0.025787050 0.005817289 0.999650538 59.211925507
0.999641418 0.006037581 -0.026088836 -1.703495979 -0.006026030 0.999981701 0.000521361 -1.200013995 0.026091507 -0.000363962 0.999659479 60.296066284
0.999655843 0.004268843 -0.025884790 -1.734241247 -0.004242446 0.999990404 0.001074611 -1.218719959 0.025889130 -0.000964426 0.999664366 61.402744293
0.999662161 0.001109223 -0.025968639 -1.760416985 -0.001159065 0.999997497 -0.001904339 -1.235238433 0.025966462 0.001933795 0.999660969 62.493621826
0.999663651 -0.000299453 -0.025933312 -1.793353915 0.000164499 0.999986410 -0.005205847 -1.253555059 0.025934519 0.005199830 0.999650121 63.579986572
0.999669611 0.002156489 -0.025612850 -1.832320809 -0.002387687 0.999956667 -0.008999495 -1.287331343 0.025592333 0.009057677 0.999631405 64.676002502
0.999672771 0.002270035 -0.025479732 -1.863638759 -0.002615992 0.999904752 -0.013552641 -1.308342218 0.025446540 0.013614860 0.999583483 65.765075684
0.999682069 0.005446037 -0.024618201 -1.909701705 -0.005795878 0.999882936 -0.014161714 -1.337220669 0.024538193 0.014299896 0.999596596 66.864334106
0.999673247 0.008877612 -0.023969887 -1.942538977 -0.009128976 0.999904275 -0.010397657 -1.372248888 0.023875285 0.010613080 0.999658585 67.970336914
0.999666691 0.010255493 -0.023691533 -1.980843306 -0.010451829 0.999911904 -0.008178247 -1.398819089 0.023605576 0.008423141 0.999685884 69.066627502
0.999677896 0.009335539 -0.023599487 -2.012775898 -0.009508827 0.999928594 -0.007241314 -1.426435471 0.023530200 0.007463385 0.999695241 70.167732239
0.999683201 0.008269538 -0.023772022 -2.035138607 -0.008430827 0.999942064 -0.006692631 -1.452219367 0.023715300 0.006890928 0.999695003 71.260124207
0.999687791 0.007118633 -0.023951355 -2.065154076 -0.007243618 0.999960601 -0.005135624 -1.478834033 0.023913853 0.005307515 0.999699950 72.352615356
0.999692798 0.005794806 -0.024099430 -2.098883867 -0.005872542 0.999977767 -0.003156086 -1.504408479 0.024080606 0.003296641 0.999704599 73.449737549
0.999674201 0.004660377 -0.025094565 -2.125686884 -0.004703598 0.999987543 -0.001663565 -1.528259039 0.025086500 0.001781057 0.999683678 74.548507690
0.999670982 0.004097084 -0.025319587 -2.163871050 -0.004171137 0.999987185 -0.002872623 -1.552011132 0.025307493 0.002977289 0.999675274 75.645751953
0.999649465 0.003996432 -0.026171910 -2.194242239 -0.004170871 0.999969423 -0.006613913 -1.578457117 0.026144676 0.006720755 0.999635577 76.726959229
0.999624252 0.004864191 -0.026974861 -2.221920490 -0.005096043 0.999950588 -0.008533030 -1.610793591 0.026932022 0.008667289 0.999599695 77.804557800
0.999594986 0.006612050 -0.027678711 -2.257025242 -0.006800797 0.999954224 -0.006730666 -1.635879278 0.027632941 0.006916178 0.999594212 78.886390686
0.999574959 0.007720842 -0.028112071 -2.297009706 -0.007796387 0.999966264 -0.002578655 -1.659804821 0.028091213 0.002796732 0.999601424 79.968025208
0.999545097 0.009125406 -0.028745815 -2.337096930 -0.009092017 0.999957860 0.001292004 -1.679595828 0.028756393 -0.001030059 0.999585927 81.039672852
0.999527156 0.010207858 -0.029005095 -2.381811380 -0.010153359 0.999946415 0.002025614 -1.703507185 0.029024217 -0.001730157 0.999577224 82.115867615
0.999504924 0.009773767 -0.029906645 -2.411931276 -0.009779360 0.999952197 -0.000040765 -1.722476125 0.029904816 0.000333213 0.999552667 83.186340332
0.999498367 0.009894518 -0.030084599 -2.457649946 -0.009923164 0.999950469 -0.000802999 -1.739912391 0.030075163 0.001101131 0.999547005 84.249412537
0.999493241 0.009434118 -0.030402197 -2.499178410 -0.009465845 0.999954820 -0.000899834 -1.762781739 0.030392334 0.001187160 0.999537349 85.308738708
0.999460936 0.007778744 -0.031896181 -2.520038128 -0.007804571 0.999969304 -0.000685296 -1.784982324 0.031889874 0.000933862 0.999490976 86.337310791
0.999458551 0.006680224 -0.032218181 -2.560801506 -0.006669193 0.999977648 0.000449834 -1.799269319 0.032220464 -0.000234721 0.999480784 87.361434937
0.999435604 0.006696762 -0.032918282 -2.598578215 -0.006594493 0.999973118 0.003214345 -1.821963906 0.032938920 -0.002995452 0.999452889 88.365692139
0.999411464 0.005840826 -0.033801749 -2.635313511 -0.005694123 0.999973953 0.004434745 -1.845855474 0.033826772 -0.004239663 0.999418736 89.345077515
0.999348044 0.004698180 -0.035796501 -2.677659988 -0.004530576 0.999978423 0.004761822 -1.861575007 0.035818100 -0.004596538 0.999347746 90.300720215
0.999236882 0.004249351 -0.038827278 -2.722635746 -0.004105762 0.999984443 0.003777133 -1.882437706 0.038842726 -0.003614835 0.999238789 91.237380981
0.999090552 0.004098039 -0.042441290 -2.764883995 -0.003979817 0.999987960 0.002869654 -1.900608063 0.042452537 -0.002698135 0.999094844 92.166450500
0.998958230 0.003894517 -0.045467261 -2.810131550 -0.003745239 0.999987304 0.003367927 -1.917782068 0.045479801 -0.003194133 0.998960137 93.060302734
0.998815715 0.005305939 -0.048363563 -2.860932827 -0.005106647 0.999977946 0.004243333 -1.934358120 0.048385009 -0.003991332 0.998820782 93.932991028
0.998648524 0.005670451 -0.051661532 -2.914057493 -0.005390515 0.999970019 0.005556376 -1.954728484 0.051691491 -0.005270385 0.998649180 94.771171570
0.998476386 0.006851906 -0.054754149 -2.962640047 -0.006474446 0.999954045 0.007068147 -1.968843937 0.054800063 -0.006702875 0.998474836 95.586540222
0.998345375 0.008330730 -0.056895249 -3.024080753 -0.007908262 0.999939501 0.007646478 -1.980789304 0.056955505 -0.007183884 0.998350859 96.379005432
0.998150826 0.010539534 -0.059864916 -3.068981171 -0.010049069 0.999913454 0.008488010 -2.002006054 0.059949197 -0.007870727 0.998170376 97.141227722
0.997962952 0.012273202 -0.062604353 -3.121708632 -0.011834166 0.999902725 0.007378869 -2.015656471 0.062688828 -0.006622968 0.998011172 97.874397278
0.997782886 0.013596306 -0.065149225 -3.176440716 -0.013373828 0.999903142 0.003849800 -2.032862663 0.065195255 -0.002969970 0.997868121 98.567031860
0.997586966 0.016439263 -0.067453913 -3.238404989 -0.016467081 0.999864399 0.000143613 -2.045523882 0.067447126 0.000967503 0.997722387 99.242218018
0.997392416 0.017815888 -0.069935523 -3.279902220 -0.018036216 0.999834180 -0.002520223 -2.063165903 0.069879025 0.003775023 0.997548342 99.895195007
0.997330904 0.019619701 -0.070328467 -3.343746424 -0.019917257 0.999795377 -0.003532137 -2.077012062 0.070244782 0.004923460 0.997517645 100.503608704
0.997346878 0.022079499 -0.069366321 -3.394623518 -0.022356533 0.999744892 -0.003219872 -2.088870287 0.069277532 0.004762120 0.997586071 101.092887878
0.997477531 0.026052605 -0.066028692 -3.445760012 -0.026223909 0.999654591 -0.001728859 -2.104503393 0.065960847 0.003456029 0.997816205 101.659095764
0.997712314 0.028382530 -0.061355934 -3.467801332 -0.028463490 0.999594748 -0.000445698 -2.117571354 0.061318420 0.002191083 0.998115838 102.210037231
0.998136222 0.029269183 -0.053548098 -3.501173735 -0.029232262 0.999571562 0.001472772 -2.128192663 0.053568263 0.000095305 0.998564184 102.736549377
0.998604715 0.028955761 -0.044161331 -3.516775131 -0.028802760 0.999576747 0.004097104 -2.144001007 0.044261273 -0.002819419 0.999015987 103.242195129
0.999068916 0.028807195 -0.032116927 -3.530773401 -0.028638899 0.999573648 0.005687907 -2.163459301 0.032267086 -0.004762818 0.999467909 103.709121704
0.999438405 0.027628427 -0.018960310 -3.528171778 -0.027526192 0.999605238 0.005632112 -2.168646097 0.019108431 -0.005107044 0.999804378 104.150009155
0.999616265 0.027445057 -0.003748629 -3.520139456 -0.027427588 0.999613047 0.004635064 -2.176822662 0.003874388 -0.004530469 0.999982238 104.586387634
0.999558151 0.026059017 0.014299006 -3.503563643 -0.026087731 0.999657989 0.001825381 -2.190150261 -0.014246549 -0.002197603 0.999896109 105.010574341
0.999027967 0.025791146 0.035748538 -3.475896835 -0.025706748 0.999665558 -0.002818596 -2.202434778 -0.035809278 0.001896877 0.999356866 105.431648254
0.997945309 0.023522617 0.059596963 -3.421795845 -0.023101989 0.999703169 -0.007737174 -2.212559462 -0.059761275 0.006344468 0.998192549 105.837882996
0.996017754 0.021319769 0.086568609 -3.360526800 -0.020479450 0.999734282 -0.010583608 -2.223077774 -0.086771242 0.008768584 0.996189654 106.251098633
0.992984235 0.018669432 0.116763577 -3.295824528 -0.017403005 0.999778271 -0.011856292 -2.234803200 -0.116959035 0.009741075 0.993088961 106.643707275
0.988592148 0.016552148 0.149705097 -3.215837479 -0.014647779 0.999797285 -0.013814584 -2.247814655 -0.149903417 0.011464143 0.988634169 107.019447327
0.982695282 0.013283211 0.184752613 -3.105590105 -0.010702481 0.999830842 -0.014958847 -2.271344185 -0.184920058 0.012722678 0.982671201 107.399581909
0.974731088 0.010113601 0.223152399 -3.015008450 -0.006722524 0.999850154 -0.015950678 -2.274096012 -0.223280281 0.014047475 0.974653065 107.694076538
0.964699507 0.008005726 0.263231367 -2.882354021 -0.003860348 0.999860346 -0.016261483 -2.298238993 -0.263324767 0.014671280 0.964595675 108.046905518
0.952274561 0.008816006 0.305115372 -2.745783329 -0.003679224 0.999841750 -0.017406462 -2.312561512 -0.305220544 0.015453143 0.952156305 108.388839722
0.936856389 0.011166046 0.349536061 -2.597784281 -0.005238772 0.999826074 -0.017898379 -2.326206923 -0.349675119 0.014937070 0.936751962 108.716918945
0.919060051 0.010940344 0.393965721 -2.426304102 -0.004728456 0.999848783 -0.016734844 -2.338425398 -0.394089222 0.013517478 0.918972790 109.040328979
0.898550034 0.009748434 0.438762784 -2.249217033 -0.003430590 0.999878764 -0.015189746 -2.354520321 -0.438857675 0.012143532 0.898474514 109.337310791
0.875394046 0.009301895 0.483320594 -2.046698093 -0.001744034 0.999869108 -0.016084485 -2.364516735 -0.483406961 0.013237335 0.875295699 109.630523682
0.850145042 0.010084992 0.526451945 -1.831589699 -0.000478396 0.999830961 -0.018380752 -2.376996994 -0.526548326 0.015374453 0.850006163 109.909965515
0.822438478 0.012283957 0.568721473 -1.599483490 0.000403191 0.999753952 -0.022177000 -2.391164780 -0.568853974 0.018468522 0.822231174 110.191741943
0.791661739 0.016439164 0.610738516 -1.359392166 -0.000536883 0.999656260 -0.026211686 -2.409630537 -0.610959470 0.020422895 0.791398466 110.459709167
0.757592916 0.022997348 0.652322114 -1.095134735 -0.004167374 0.999529183 -0.030398091 -2.423045158 -0.652714074 0.020310907 0.757332027 110.737945557
0.721171856 0.026795967 0.692237854 -0.826967239 -0.004339057 0.999406755 -0.034165807 -2.421049595 -0.692742646 0.021635760 0.720860243 110.952270508
0.681760728 0.027018089 0.731076181 -0.531894684 -0.002052052 0.999384522 -0.035020225 -2.434898376 -0.731572390 0.022375207 0.681396544 111.177444458
0.640487075 0.024319122 0.767583847 -0.217559814 0.002779870 0.999418497 -0.033983853 -2.444084883 -0.767963946 0.023900004 0.640047073 111.387710571
0.596380293 0.022376925 0.802390099 0.108406067 0.004340591 0.999506831 -0.031100253 -2.454380274 -0.802690327 0.022030426 0.595989048 111.582511902
0.550337076 0.020925075 0.834680378 0.448032379 0.004812662 0.999589801 -0.028232459 -2.471815348 -0.834928751 0.019554403 0.550010562 111.759071350
0.502714872 0.018302519 0.864258468 0.793430328 0.006137199 0.999675095 -0.024740087 -2.486818314 -0.864430487 0.017741336 0.502439201 111.903961182
0.451031446 0.015078089 0.892380714 1.124641418 0.008561541 0.999738216 -0.021219270 -2.496468544 -0.892467022 0.017210713 0.450784266 112.042045593
0.398827374 0.015369778 0.916897297 1.503349304 0.006471840 0.999787450 -0.019574340 -2.508551121 -0.917003274 0.013740795 0.398643136 112.179489136
0.347557068 0.020573270 0.937433124 1.887062073 0.002110053 0.999739587 -0.022722982 -2.522939444 -0.937656522 0.009875566 0.347423136 112.292022705
0.297556877 0.025407782 0.954365969 2.292968750 0.002520498 0.999621391 -0.027398458 -2.533107281 -0.954700828 0.010558078 0.297380209 112.384613037
0.251020014 0.028207701 0.967570901 2.753013611 0.004981707 0.999524415 -0.030431669 -2.533726692 -0.967969179 0.012459115 0.250760078 112.481140137
0.210090458 0.027561523 0.977293491 3.111244202 0.010553740 0.999480367 -0.030455995 -2.561073542 -0.977625072 0.016712617 0.209690392 112.502998352
0.174062371 0.027136292 0.984360814 3.503601074 0.019025717 0.999340951 -0.030913541 -2.576143980 -0.984550953 0.024109054 0.173431337 112.549949646
0.143521667 0.028357230 0.989240766 3.955413818 0.023364805 0.999213696 -0.032032933 -2.588973284 -0.989371300 0.027710836 0.142746210 112.586708069
0.115685940 0.026578603 0.992930293 4.425666809 0.021669036 0.999336481 -0.029274741 -2.608577013 -0.993049562 0.024902519 0.115033269 112.622901917
0.090178132 0.022928072 0.995661855 4.913101196 0.015763538 0.999576867 -0.024445953 -2.623331785 -0.995801032 0.017899644 0.089778602 112.660011292
0.066359103 0.019047754 0.997614026 5.423271179 0.010559210 0.999748409 -0.019790884 -2.637478352 -0.997739971 0.011847322 0.066141248 112.686027527
0.043816090 0.016358986 0.998905897 5.940238953 0.015228334 0.999738812 -0.017040612 -2.660109997 -0.998923719 0.015958326 0.043555498 112.688758850
0.023430645 0.017527482 0.999571919 6.493080139 0.022057666 0.999593854 -0.018044919 -2.678697824 -0.999482214 0.022471027 0.023034513 112.690818787
0.005823612 0.020121045 0.999780655 7.043617249 0.026649572 0.999439299 -0.020269411 -2.693828106 -0.999627948 0.026761767 0.005284131 112.676391602
-0.008700609 0.025394270 0.999639750 7.621841431 0.027594266 0.999302864 -0.025145546 -2.706300497 -0.999581397 0.027365543 -0.009395361 112.669952393
-0.019163489 0.029744724 0.999373853 8.211082458 0.025046105 0.999257982 -0.029261006 -2.725988865 -0.999502659 0.024469677 -0.019894242 112.649772644
-0.026081085 0.029908372 0.999212384 8.859230042 0.025885159 0.999237418 -0.029233478 -2.744846821 -0.999324679 0.025102329 -0.026835322 112.645812988
-0.028264403 0.026781030 0.999241710 9.494682312 0.032928161 0.999123454 -0.025846465 -2.761992693 -0.999058008 0.032172658 -0.029121399 112.612419128
-0.027725339 0.025181150 0.999298453 10.153045654 0.034385704 0.999115050 -0.024222508 -2.783272505 -0.999024093 0.033690002 -0.028566718 112.590347290
-0.026121855 0.024759544 0.999352276 10.825073242 0.032877613 0.999173701 -0.023895746 -2.807062149 -0.999118149 0.032232109 -0.026914358 112.580863953
-0.024286747 0.025002306 0.999392450 11.535377502 0.030081479 0.999252796 -0.024267791 -2.833214998 -0.999252439 0.029473811 -0.025020719 112.572181702
-0.023160100 0.026226256 0.999387741 12.245269775 0.029146928 0.999248624 -0.025547147 -2.851406574 -0.999306858 0.028537408 -0.023907185 112.561988831
-0.022485018 0.027063372 0.999380946 12.967010498 0.028253725 0.999251485 -0.026424194 -2.877416134 -0.999348044 0.027642086 -0.023232818 112.555976868
-0.022092342 0.026497543 0.999404788 13.718589783 0.027457792 0.999287724 -0.025887473 -2.906369686 -0.999378860 0.026869532 -0.022804141 112.550354004
-0.020947099 0.025398558 0.999457955 14.473991394 0.026824126 0.999331653 -0.024833156 -2.928586960 -0.999420702 0.026289403 -0.021614432 112.528900146
-0.020500302 0.024365978 0.999492943 15.239349365 0.027601706 0.999335706 -0.023796018 -2.951522350 -0.999408841 0.027099883 -0.021159291 112.516113281
-0.020913601 0.021902919 0.999541402 16.028335571 0.028081965 0.999378383 -0.021311784 -2.981550217 -0.999386847 0.027623380 -0.021515608 112.500648499
-0.022093177 0.020105327 0.999553859 16.807983398 0.025492078 0.999484003 -0.019540474 -3.009106398 -0.999431014 0.025048992 -0.022594333 112.489746094
-0.023450136 0.019207343 0.999540567 17.603149414 0.024747979 0.999520183 -0.018626345 -3.032552004 -0.999418736 0.024299819 -0.023914218 112.478797913
-0.024640322 0.016573867 0.999559104 18.406234741 0.027034821 0.999507904 -0.015906582 -3.056330442 -0.999330878 0.026630955 -0.025076270 112.458190918
-0.025879622 0.015189230 0.999549687 19.228805542 0.028459679 0.999490499 -0.014451471 -3.076900482 -0.999259889 0.028072864 -0.026298761 112.438774109
-0.027941704 0.014248993 0.999508142 20.050857544 0.025560521 0.999581635 -0.013535490 -3.104774952 -0.999282837 0.025169741 -0.028294206 112.425094604
-0.028757095 0.019005308 0.999405742 20.864944458 0.022696542 0.999573886 -0.018355429 -3.127341270 -0.999328732 0.022155203 -0.029176235 112.406280518
-0.029215932 0.023569925 0.999295294 21.700218201 0.024357615 0.999441862 -0.022861255 -3.156024694 -0.999276400 0.023672538 -0.029773831 112.380500793
-0.030369997 0.025012648 0.999225736 22.541656494 0.024622185 0.999402225 -0.024268711 -3.185440779 -0.999235451 0.023866080 -0.030967712 112.357772827
-0.032100797 0.023079187 0.999218225 23.389678955 0.021122366 0.999525785 -0.022407718 -3.212976933 -0.999261498 0.020386547 -0.032573104 112.340866089
-0.033150792 0.018845327 0.999272764 24.242164612 0.018011123 0.999671102 -0.018255329 -3.244445801 -0.999288142 0.017392848 -0.033479214 112.326797485
-0.033303380 0.013295248 0.999356866 25.076660156 0.016830841 0.999777198 -0.012739956 -3.276183605 -0.999303520 0.016395733 -0.033519745 112.296424866
-0.033511639 0.007856729 0.999407589 25.929603577 0.013467292 0.999881864 -0.007408881 -3.295993805 -0.999347746 0.013211029 -0.033613563 112.274307251
-0.033884645 0.006307772 0.999405980 26.772682190 0.010817058 0.999923825 -0.005944292 -3.322969437 -0.999367356 0.010609212 -0.033950329 112.263984680
-0.032630205 0.013198770 0.999380291 27.597305298 0.013332051 0.999829590 -0.012769405 -3.351790428 -0.999378502 0.012907121 -0.032800674 112.230484009
-0.030843258 0.024166394 0.999232113 28.438735962 0.016250342 0.999587655 -0.023673397 -3.377446651 -0.999392152 0.015507702 -0.031223178 112.189086914
-0.030768991 0.029551100 0.999089539 29.261573792 0.018032353 0.999416590 -0.029005427 -3.406510353 -0.999363840 0.017123468 -0.031283975 112.178726196
-0.029777288 0.024223950 0.999263108 30.106521606 0.019713663 0.999526083 -0.023642877 -3.437618494 -0.999362290 0.018995116 -0.030240774 112.158164978
-0.028035641 0.016092021 0.999477506 30.944999695 0.022754230 0.999621630 -0.015456084 -3.474047661 -0.999348044 0.022309018 -0.028391123 112.124160767
-0.028227210 0.013348471 0.999512494 31.772743225 0.023422547 0.999645114 -0.012688771 -3.500658035 -0.999327183 0.023052959 -0.028529882 112.112136841
-0.028156400 0.013553827 0.999511659 32.591590881 0.022106124 0.999671996 -0.012933269 -3.534729481 -0.999359071 0.021731174 -0.028446794 112.086967468
-0.028947115 0.014667516 0.999473512 33.412124634 0.019358553 0.999713004 -0.014110367 -3.557814360 -0.999393642 0.018939905 -0.029222727 112.069900513
-0.031353712 0.014746552 0.999399602 34.227462769 0.017330347 0.999748886 -0.014208009 -3.586706877 -0.999358118 0.016874468 -0.031601429 112.058586121
-0.033433437 0.014636825 0.999333918 35.035873413 0.016922440 0.999757707 -0.014076884 -3.611206055 -0.999297798 0.016440529 -0.033673048 112.031951904
-0.035664558 0.015012540 0.999251127 35.844116211 0.015457693 0.999775827 -0.014468719 -3.639263391 -0.999244332 0.014930096 -0.035888672 112.012084961
-0.037745714 0.015484815 0.999167502 36.648239136 0.013958759 0.999790549 -0.014967151 -3.663545609 -0.999190032 0.013382193 -0.037953973 111.988327026
-0.040248394 0.014724113 0.999081314 37.458641052 0.011528993 0.999831676 -0.014270724 -3.687826633 -0.999123275 0.010944027 -0.040411353 111.967895508
-0.042038679 0.013407156 0.999026120 38.245391846 0.011993483 0.999844670 -0.012913461 -3.714666843 -0.999044061 0.011438937 -0.042192936 111.933059692
-0.044018269 0.013028926 0.998945773 39.049369812 0.011009336 0.999860585 -0.012555734 -3.746408224 -0.998970091 0.010445049 -0.044155598 111.905426025
-0.045648932 0.014027491 0.998859167 39.832435608 0.010935919 0.999848485 -0.013541605 -3.769644022 -0.998897791 0.010305285 -0.045795441 111.872619629
-0.047052979 0.014298506 0.998790145 40.616729736 0.011413965 0.999839962 -0.013775826 -3.794388771 -0.998827279 0.010751963 -0.047208667 111.843231201
-0.047721982 0.013312983 0.998772085 41.397346497 0.013587737 0.999827325 -0.012677821 -3.814013958 -0.998768389 0.012966041 -0.047894597 111.801467896
-0.049420118 0.012586750 0.998698950 42.174865723 0.014375413 0.999825954 -0.011889598 -3.842660904 -0.998674810 0.013769124 -0.049592495 111.765907288
-0.051081181 0.011717655 0.998625815 42.945846558 0.012301708 0.999862671 -0.011102919 -3.875237703 -0.998618782 0.011717654 -0.051218271 111.741439819
-0.052260160 0.010695811 0.998576283 43.700904846 0.010547677 0.999892771 -0.010157905 -3.897571325 -0.998577893 0.010001807 -0.052367330 111.709487915
-0.053176999 0.009565043 0.998539388 44.431404114 0.009359815 0.999914944 -0.009079766 -3.918300152 -0.998541355 0.008863308 -0.053261995 111.677726746
-0.054132938 0.009426477 0.998489261 45.142524719 0.009913805 0.999911249 -0.008902428 -3.941746235 -0.998484492 0.009416914 -0.054221511 111.644668579
-0.054190278 0.011713160 0.998462021 45.849746704 0.009285752 0.999893844 -0.011225987 -3.967411280 -0.998487532 0.008663131 -0.054293275 111.611160278
-0.054307699 0.014811144 0.998414516 46.578071594 0.009764246 0.999850035 -0.014301326 -3.987071276 -0.998476624 0.008972092 -0.054444194 111.573226929
-0.054583311 0.016599540 0.998371243 47.277030945 0.008211702 0.999835432 -0.016174931 -4.008517742 -0.998475432 0.007315445 -0.054710627 111.543724060
-0.054841757 0.017169578 0.998347640 47.972969055 0.008040132 0.999827325 -0.016753366 -4.034846306 -0.998462915 0.007108065 -0.054970384 111.508262634
-0.054733634 0.016816294 0.998359442 48.675132751 0.009693261 0.999819994 -0.016309477 -4.059908867 -0.998453975 0.008784682 -0.054886699 111.472991943
-0.054897428 0.016510943 0.998355627 49.367004395 0.009790299 0.999824107 -0.015996885 -4.082519531 -0.998444140 0.008896012 -0.055049419 111.436660767
-0.055251956 0.016634632 0.998333871 50.057929993 0.006014888 0.999848604 -0.016326983 -4.104774475 -0.998454332 0.005102768 -0.055343747 111.408996582
-0.055478930 0.016816242 0.998318315 50.743438721 0.003514705 0.999855280 -0.016646812 -4.131401062 -0.998453736 0.002585249 -0.055529952 111.384918213
-0.055060029 0.015562980 0.998361886 51.419761658 0.006176707 0.999864697 -0.015245761 -4.155006409 -0.998464048 0.005327158 -0.055148602 111.343566895
-0.056186318 0.014636876 0.998313069 52.109771729 0.005914966 0.999879897 -0.014326947 -4.178614616 -0.998402834 0.005100009 -0.056266189 111.309219360
-0.059671879 0.013928017 0.998120964 52.778640747 0.002133645 0.999902129 -0.013825315 -4.202738285 -0.998215854 0.001304655 -0.059695840 111.275894165
-0.064815521 0.013469069 0.997806430 53.449768066 -0.001256437 0.999907017 -0.013579042 -4.226157188 -0.997896492 -0.002133814 -0.064792633 111.241195679
-0.070552349 0.017387616 0.997356594 54.105133057 0.002536527 0.999847949 -0.017251616 -4.246984005 -0.997504950 0.001312681 -0.070585728 111.189300537
-0.076654673 0.020178290 0.996853769 54.789733887 0.005026058 0.999790311 -0.019851251 -4.268468380 -0.997045279 0.003488558 -0.076739907 111.124557495
-0.084309220 0.021798681 0.996201158 55.440315247 0.003726722 0.999760568 -0.021561174 -4.291233063 -0.996432662 0.001894759 -0.084370255 111.071151733
-0.090455294 0.020833043 0.995682716 56.118064880 0.000284377 0.999781668 -0.020892976 -4.316111088 -0.995900571 -0.001606727 -0.090441465 111.015609741
-0.095826626 0.019986121 0.995197475 56.805213928 0.000017350 0.999798417 -0.020076852 -4.337085724 -0.995398104 -0.001906628 -0.095807672 110.953292847
-0.100704908 0.020523433 0.994704664 57.499679565 -0.002117609 0.999780536 -0.020842550 -4.361100197 -0.994914114 -0.004205339 -0.100639343 110.891769409
-0.104555130 0.019881295 0.994320512 58.194694519 -0.004523589 0.999780297 -0.020466130 -4.383982182 -0.994508982 -0.006637732 -0.104442239 110.821861267
-0.107478976 0.016634639 0.994068205 58.896080017 -0.003942541 0.999845028 -0.017157575 -4.405253887 -0.994199574 -0.005763232 -0.107396722 110.749824524
-0.109022021 0.013799583 0.993943691 59.605545044 -0.001818860 0.999899209 -0.014081772 -4.424480438 -0.994037807 -0.003343066 -0.108985901 110.670166016
-0.110478520 0.011067638 0.993817031 60.321868896 -0.001816559 0.999934077 -0.011337702 -4.446186066 -0.993876994 -0.003057898 -0.110451221 110.594375610
-0.111928463 0.010159991 0.993664384 61.055068970 -0.003492369 0.999937534 -0.010617521 -4.473195553 -0.993710220 -0.004658645 -0.111886024 110.521911621
-0.112618208 0.013651768 0.993544638 61.779785156 -0.002067141 0.999900222 -0.013973407 -4.496498585 -0.993636310 -0.003627455 -0.112578750 110.445632935
-0.112247586 0.018758954 0.993503332 62.500930786 0.005553405 0.999818027 -0.018250758 -4.503888130 -0.993664861 0.003468723 -0.112331390 110.349441528
-0.113092899 0.023018608 0.993317723 63.253562927 0.011324205 0.999696553 -0.021877125 -4.537119865 -0.993519843 0.008774386 -0.113319278 110.257911682
-0.113500714 0.024006275 0.993247926 64.000213623 0.011677724 0.999671221 -0.022827087 -4.561181068 -0.993469357 0.009007987 -0.113743663 110.171714783
-0.113799930 0.021141758 0.993278682 64.750038147 0.009443250 0.999751389 -0.020197615 -4.590980053 -0.993458807 0.007081292 -0.113971233 110.091423035
-0.113761902 0.016937515 0.993363619 65.508338928 0.010535076 0.999819040 -0.015841085 -4.611788750 -0.993452132 0.008663050 -0.113919735 110.007492065
-0.114060044 0.015171448 0.993358016 66.247940063 0.013448803 0.999815345 -0.013725842 -4.639166832 -0.993382812 0.011793906 -0.114243031 109.923286438
-0.114682078 0.014545668 0.993295848 66.995819092 0.013145937 0.999827445 -0.013123538 -4.664453506 -0.993315339 0.011552770 -0.114853501 109.838577271
-0.116829038 0.015490104 0.993031263 67.740852356 0.011591521 0.999831498 -0.014232452 -4.687819481 -0.993084431 0.009847980 -0.116988897 109.761062622
-0.118900657 0.016179519 0.992774308 68.478279114 0.011345908 0.999824107 -0.014935558 -4.712735653 -0.992841363 0.009488080 -0.119063258 109.673431396
-0.120970130 0.016223622 0.992523730 69.218200684 0.012495918 0.999812067 -0.014819741 -4.737874031 -0.992577672 0.010609749 -0.121150136 109.583816528
-0.122969627 0.016599121 0.992271602 69.968078613 0.012716180 0.999804378 -0.015149249 -4.758739948 -0.992328942 0.010755007 -0.123156667 109.494148254
-0.125118494 0.016424492 0.992005885 70.713378906 0.012209498 0.999812722 -0.015013806 -4.780962467 -0.992066681 0.010233389 -0.125295520 109.404617310
-0.126673341 0.016601982 0.991805613 71.465492249 0.010051181 0.999830067 -0.015452568 -4.804562092 -0.991893589 0.008011388 -0.126818657 109.314727783
-0.127834439 0.018184122 0.991628826 72.222778320 0.009715015 0.999806881 -0.017081693 -4.828288078 -0.991747975 0.007450062 -0.127986312 109.222404480
-0.128559113 0.018498275 0.991529346 72.975891113 0.008908722 0.999807239 -0.017497629 -4.852180004 -0.991661847 0.006583779 -0.128699183 109.126350403
-0.129705906 0.018757811 0.991375089 73.739135742 0.008236548 0.999806941 -0.017839726 -4.874318123 -0.991518319 0.005851592 -0.129835367 109.030860901
-0.131128073 0.017148403 0.991217136 74.524963379 0.008977475 0.999829948 -0.016109778 -4.895193100 -0.991324842 0.006786183 -0.131259799 108.935302734
-0.131903887 0.015032549 0.991148651 75.308151245 0.007458399 0.999871731 -0.014172276 -4.915208340 -0.991234601 0.005523006 -0.131999016 108.834999084
-0.133901000 0.013184277 0.990907013 76.098007202 0.003909495 0.999910772 -0.012775785 -4.932391644 -0.990987003 0.002163255 -0.133940578 108.742164612
-0.135975957 0.012335390 0.990635335 76.879913330 0.005428506 0.999916732 -0.011705838 -4.958780766 -0.990697265 0.003785958 -0.136031628 108.630828857
-0.137618661 0.013138876 0.990398169 77.674713135 0.006650633 0.999901712 -0.012340830 -4.979285240 -0.990463018 0.004888447 -0.137692571 108.524436951
-0.139970303 0.014706962 0.990046501 78.470062256 0.005924482 0.999884248 -0.014015511 -4.996633053 -0.990137994 0.003903756 -0.140041232 108.416099548
-0.141704798 0.017637055 0.989751875 79.269943237 0.006792383 0.999835074 -0.016844256 -5.030036449 -0.989885688 0.004335862 -0.141801238 108.306739807
-0.142206311 0.021802384 0.989597023 80.080787659 0.009552903 0.999741077 -0.020653114 -5.049316406 -0.989791095 0.006516521 -0.142377734 108.199760437
-0.143252730 0.025337759 0.989361763 80.909515381 0.010229006 0.999656737 -0.024120329 -5.091421127 -0.989633322 0.006664887 -0.143462777 108.073867798
-0.143208742 0.026694471 0.989332378 81.738845825 0.012530218 0.999604940 -0.025157860 -5.117426872 -0.989613116 0.008793724 -0.143486738 107.958709717
-0.142235875 0.025564266 0.989502728 82.573944092 0.015714573 0.999598742 -0.023566218 -5.153803349 -0.989708185 0.012197652 -0.142580628 107.834442139
-0.142068386 0.023768358 0.989571571 83.386543274 0.016401011 0.999630988 -0.021655358 -5.184084892 -0.989721119 0.013153437 -0.142405748 107.713241577
-0.141114950 0.022209102 0.989744186 84.222038269 0.015721804 0.999672532 -0.020190321 -5.213461876 -0.989868522 0.012711408 -0.141417861 107.594779968
-0.139632463 0.019682914 0.990007818 85.081130981 0.015191045 0.999727368 -0.017733583 -5.242790222 -0.990086913 0.012563067 -0.139893413 107.491462708
-0.138330340 0.016782247 0.990243971 85.931365967 0.015808847 0.999766469 -0.014735241 -5.267626762 -0.990260005 0.013616284 -0.138563395 107.380065918
-0.136670470 0.013239806 0.990528107 86.791336060 0.015956534 0.999810398 -0.011162234 -5.292688847 -0.990488052 0.014279847 -0.136855841 107.267211914
-0.134692907 0.013265639 0.990798652 87.646987915 0.014684212 0.999827325 -0.011390296 -5.317142010 -0.990778685 0.013014906 -0.134864450 107.155960083
-0.133496881 0.017507603 0.990894675 88.506805420 0.015191152 0.999762654 -0.015617684 -5.345561981 -0.990932941 0.012967921 -0.133731127 107.048751831
-0.131749392 0.023855573 0.990996122 89.354301453 0.016487548 0.999624848 -0.021871330 -5.372766972 -0.991146088 0.013457562 -0.132093310 106.941650391
-0.130101800 0.027150186 0.991128862 90.209259033 0.014053653 0.999575078 -0.025536785 -5.398594856 -0.991401076 0.010606600 -0.130428076 106.831756592
-0.128964067 0.024608690 0.991343856 91.075851440 0.012617394 0.999651849 -0.023173524 -5.429381371 -0.991568983 0.009519623 -0.129229665 106.731910706
