1.000000000 0.000000000 0.000000000 0.000000000 0.000000000 1.000000000 0.000000000 0.000000000 0.000000000 0.000000000 1.000000000 0.000000000
0.999978662 0.000473437 -0.006517372 -0.007675731 -0.000470834 0.999999821 0.000400926 -0.001250417 0.006517560 -0.000397848 0.999978662 0.092561908
0.999905586 0.001003601 -0.013703943 -0.015647192 -0.001000970 0.999999464 0.000198883 -0.001847825 0.013704136 -0.000185147 0.999906063 0.189000547
0.999772787 0.001352612 -0.021273389 -0.027262341 -0.001363057 0.999998987 -0.000476519 -0.001906504 0.021272723 0.000505407 0.999773562 0.286215186
0.999540210 0.001745010 -0.030270824 -0.043731026 -0.001802490 0.999996603 -0.001871661 -0.003231120 0.030267455 0.001925364 0.999539971 0.390194058
0.999123454 0.001922023 -0.041815933 -0.060713232 -0.002065182 0.999992132 -0.003380634 -0.004612201 0.041809104 0.003464028 0.999119639 0.503004074
0.998477995 0.001920120 -0.055117577 -0.085816741 -0.002147774 0.999989390 -0.004071399 -0.006375698 0.055109177 0.004183582 0.998471558 0.629141450
0.997424662 0.001933562 -0.071695782 -0.110427111 -0.002251650 0.999987960 -0.004356065 -0.004517144 0.071686491 0.004506281 0.997417033 0.766822815
0.995922923 0.000663932 -0.090206034 -0.141033381 -0.001054466 0.999990284 -0.004281765 -0.007108084 0.090202309 0.004359427 0.995913923 0.916648507
0.993927538 -0.000328468 -0.110036314 -0.181501985 -0.000146311 0.999990702 -0.004306645 -0.010397070 0.110036708 0.004296592 0.993918240 1.074420929
0.991246223 -0.000824769 -0.132023707 -0.228781089 0.000208210 0.999989033 -0.004683801 -0.014254187 0.132026121 0.004615311 0.991235495 1.241023660
0.987751305 0.002920163 -0.156008929 -0.281029969 -0.003865337 0.999975979 -0.005755431 -0.020608129 0.155988380 0.006287961 0.987738848 1.402424812
0.983349383 0.006928993 -0.181592897 -0.344531894 -0.008394482 0.999938071 -0.007302844 -0.024604108 0.181531042 0.008705625 0.983346701 1.577370882
0.977969646 0.010053333 -0.208505005 -0.419019103 -0.012018614 0.999894500 -0.008160802 -0.030973734 0.208400950 0.010486958 0.977987230 1.759142756
0.971278429 0.010609713 -0.237709224 -0.500056922 -0.012999614 0.999879479 -0.008488564 -0.030411053 0.237590522 0.011334887 0.971299291 1.946234941
0.963215828 0.012658770 -0.268430769 -0.584889889 -0.015346148 0.999850929 -0.007915525 -0.034699768 0.268290550 0.011743736 0.963266492 2.136435032
0.953721881 0.014273160 -0.300351202 -0.676891923 -0.017160196 0.999828398 -0.006976313 -0.036968950 0.300200105 0.011807548 0.953803182 2.320649624
0.942558885 0.016640052 -0.333625406 -0.771969259 -0.019689826 0.999789536 -0.005761759 -0.041138675 0.333459288 0.011999822 0.942688107 2.495116472
0.930032969 0.018844971 -0.366992652 -0.880745590 -0.022283854 0.999738514 -0.005135458 -0.044984691 0.366799891 0.012954155 0.930209696 2.679363728
0.916126370 0.021471631 -0.400314182 -0.997071922 -0.025512757 0.999663115 -0.004767535 -0.041937102 0.400076956 0.014580782 0.916365564 2.858797789
0.900040030 0.021916129 -0.435255826 -1.119369626 -0.026298566 0.999645948 -0.004046801 -0.042262416 0.435013026 0.015088886 0.900297761 3.043198586
0.881624758 0.017224101 -0.471636653 -1.253613114 -0.022129500 0.999743342 -0.004855931 -0.039976764 0.471431971 0.014718192 0.881779611 3.236600161
0.860442579 0.013028421 -0.509380817 -1.382187486 -0.017925989 0.999828219 -0.004707873 -0.050751477 0.509231985 0.013182010 0.860528350 3.397968292
0.835397124 0.014634345 -0.549452007 -1.543524265 -0.018504588 0.999827623 -0.001504878 -0.054029919 0.549335301 0.011424552 0.835523963 3.580151320
0.806233823 0.020144509 -0.591253996 -1.727112412 -0.023105875 0.999729753 0.002554449 -0.061060645 0.591145635 0.011601956 0.806481361 3.753243923
0.773649216 0.022950204 -0.633198440 -1.928762674 -0.026157243 0.999648690 0.004272927 -0.061644547 0.633074045 0.013256976 0.773977757 3.929755926
0.737874985 0.022621360 -0.674558222 -2.139624596 -0.025691375 0.999655247 0.005420639 -0.069258049 0.674448311 0.013330576 0.738201737 4.089012623
0.697837472 0.018206045 -0.716024816 -2.358242512 -0.019793555 0.999785304 0.006130308 -0.063718721 0.715982676 0.009894717 0.698047996 4.260966301
0.655073702 0.014635379 -0.755423248 -2.600757360 -0.014612881 0.999870777 0.006699521 -0.062555522 0.755423665 0.006650229 0.655202925 4.425849915
0.610866427 0.013923363 -0.791611254 -2.858378649 -0.011715775 0.999894857 0.008546020 -0.059934743 0.791647017 0.004053864 0.610965252 4.562795639
0.562602103 0.014684130 -0.826597452 -3.139472008 -0.009371715 0.999891281 0.011384003 -0.058699887 0.826674759 0.001341970 0.562678576 4.703231812
0.511911154 0.015268293 -0.858902693 -3.433724165 -0.007852046 0.999883413 0.013094572 -0.053618707 0.859002471 0.000040885 0.511971414 4.820969582
0.459601879 0.016249595 -0.887976408 -3.739690781 -0.007460948 0.999867976 0.014435501 -0.041570321 0.888093710 -0.000009439 0.459662437 4.921189308
0.405114651 0.018561218 -0.914077461 -4.071138859 -0.006391520 0.999826968 0.017469753 -0.038781293 0.914243579 -0.001234910 0.405163229 5.014019012
0.349455893 0.020465434 -0.936729312 -4.427756310 -0.006338471 0.999790192 0.019478545 -0.030995846 0.936931372 -0.000869462 0.349512279 5.101476669
0.293853223 0.023590634 -0.955559492 -4.807744980 -0.003460714 0.999715090 0.023616502 -0.027536102 0.955844402 -0.003632870 0.293851137 5.181793213
0.240555048 0.025223441 -0.970307767 -5.157423973 0.001418727 0.999652088 0.026337981 -0.030498184 0.970634520 -0.007712337 0.240435541 5.232981682
0.189656436 0.025743805 -0.981513023 -5.552160263 0.003704449 0.999630332 0.026934806 -0.026646011 0.981843591 -0.008744326 0.189490974 5.269437313
0.141726315 0.026821654 -0.989542544 -5.980485439 0.001804091 0.999624193 0.027353313 -0.021103173 0.989904344 -0.005661911 0.141624689 5.297554493
0.099528968 0.027050344 -0.994666934 -6.401873589 -0.000593351 0.999631822 0.027125996 -0.007701501 0.995034516 -0.002109637 0.099508405 5.297339439
0.061718106 0.025471419 -0.997768521 -6.835087776 -0.000880056 0.999675333 0.025465660 -0.000378892 0.998093188 -0.000693599 0.061720490 5.292101860
0.027276516 0.022818325 -0.999367535 -7.296190262 -0.000396474 0.999739587 0.022816001 0.006786168 0.999627948 -0.000226120 0.027278483 5.277454853
-0.004056931 0.020086477 -0.999790132 -7.770419121 0.000141263 0.999798238 0.020086069 0.011764392 0.999991834 -0.000059746 -0.004058957 5.250233173
-0.030944467 0.018176317 -0.999355853 -8.268421173 -0.000038277 0.999834597 0.018186210 0.017363124 0.999521136 0.000601014 -0.030938625 5.218243599
-0.051370382 0.015546771 -0.998558640 -8.773799896 -0.001698898 0.999876022 0.015654679 0.032359302 0.998678207 0.002500635 -0.051337600 5.170266151
-0.067579985 0.014802466 -0.997604132 -9.294873238 -0.001619297 0.999886990 0.014946035 0.041251406 0.997712672 0.002625468 -0.067548275 5.119241714
-0.080737114 0.015087571 -0.996621311 -9.839091301 -0.000702447 0.999884307 0.015193876 0.049150020 0.996735275 0.001926782 -0.080717206 5.065142632
-0.090280294 0.016278664 -0.995783389 -10.383752823 -0.001094390 0.999864161 0.016444597 0.053212442 0.995915830 0.002574396 -0.090250254 5.007368088
-0.097267866 0.017586851 -0.995102823 -10.952301025 -0.002651765 0.999835730 0.017929699 0.055091746 0.995254636 0.004382762 -0.097205162 4.944528580
-0.101520896 0.018711464 -0.994657516 -11.545773506 -0.002843209 0.999813557 0.019098656 0.060087554 0.994829476 0.004766929 -0.101448655 4.875066757
-0.102546573 0.019271214 -0.994541585 -12.164424896 -0.001137864 0.999809384 0.019490615 0.067349337 0.994727671 0.003130347 -0.102505207 4.801287651
-0.101944923 0.021568475 -0.994556248 -12.778347969 0.001119350 0.999766767 0.021566737 0.077788487 0.994789422 0.001085361 -0.101945281 4.748620987
-0.100382209 0.024030974 -0.994658828 -13.413866043 0.000717335 0.999709785 0.024080612 0.083224431 0.994948804 0.001703761 -0.100370288 4.681197166
-0.098608732 0.024001855 -0.994836867 -14.065301895 -0.001889302 0.999702752 0.024306523 0.087200627 0.995124578 0.004276380 -0.098534107 4.611366272
-0.097038269 0.021605026 -0.995046139 -14.722773552 -0.003263019 0.999752104 0.022025418 0.096933573 0.995275319 0.005384163 -0.096943736 4.543823242
-0.095714092 0.021474779 -0.995177150 -15.412075043 -0.004193220 0.999749660 0.021976745 0.105335563 0.995400012 0.006276482 -0.095600128 4.470542908
-0.094028831 0.024079856 -0.995278239 -16.120512009 -0.003871776 0.999691069 0.024552407 0.122485891 0.995561957 0.006162128 -0.093906522 4.402210236
-0.092050314 0.027435673 -0.995376408 -16.839977264 -0.004973425 0.999595225 0.028011890 0.133895233 0.995742023 0.007528932 -0.091876626 4.331411362
-0.090570211 0.029535882 -0.995452106 -17.571119308 -0.005106887 0.999533176 0.030121617 0.144382656 0.995877087 0.007811777 -0.090377092 4.264789581
-0.088691950 0.028616579 -0.995647907 -18.308208466 -0.006580068 0.999548554 0.029314840 0.160543069 0.996037304 0.009151423 -0.088463664 4.192981720
-0.086781740 0.025921071 -0.995890200 -19.065280914 -0.009365498 0.999596059 0.026833637 0.171614379 0.996183455 0.011655671 -0.086503863 4.116308212
-0.085351825 0.025095217 -0.996034801 -19.838127136 -0.010029534 0.999610484 0.026044752 0.189264581 0.996300459 0.012212730 -0.085066915 4.044733047
-0.083758354 0.027435284 -0.996108532 -20.624300003 -0.007690238 0.999573350 0.028177354 0.205883101 0.996456623 0.010020393 -0.083511710 3.977941513
-0.082620621 0.029759491 -0.996136725 -21.415504456 -0.005291060 0.999526858 0.030299619 0.213626772 0.996567070 0.007773988 -0.082424045 3.914134979
-0.081260324 0.031569216 -0.996192932 -22.219242096 -0.004697133 0.999475002 0.032056376 0.225079715 0.996681929 0.007284161 -0.081069350 3.842643738
-0.080711722 0.026816228 -0.996376753 -23.015048981 -0.004761005 0.999616265 0.027289083 0.238167033 0.996726155 0.006946304 -0.080553055 3.781623840
-0.080183029 0.019877115 -0.996582031 -23.823385239 -0.003452153 0.999789596 0.020218847 0.246845290 0.996774256 0.005061561 -0.080097556 3.710741043
-0.080206752 0.015137980 -0.996663332 -24.638708115 -0.000124966 0.999884486 0.015196961 0.258817554 0.996778309 0.001343446 -0.080195665 3.643468857
-0.081176758 0.015768690 -0.996575117 -25.469364166 0.000560146 0.999875426 0.015775284 0.269966215 0.996699691 0.000722355 -0.081175447 3.581935883
-0.080747247 0.023483355 -0.996457994 -26.317029953 0.000008523 0.999722421 0.023559598 0.271287441 0.996734679 0.001893879 -0.080725074 3.496353149
-0.081651330 0.030436497 -0.996196091 -27.164915085 -0.000872947 0.999531031 0.030609937 0.286108106 0.996660590 0.003368968 -0.081586480 3.438800812
-0.081900597 0.035733558 -0.995999694 -28.007951736 -0.002673691 0.999345541 0.036073457 0.298602194 0.996636927 0.005617436 -0.081751466 3.361593246
-0.082159758 0.036292244 -0.995958269 -28.846632004 -0.004625389 0.999312103 0.036796026 0.305757254 0.996608555 0.007629847 -0.081935406 3.284679413
-0.082388282 0.032604448 -0.996066868 -29.681776047 -0.004474382 0.999442518 0.033085037 0.323359758 0.996590316 0.007182600 -0.082196474 3.208692551
-0.082607388 0.029694472 -0.996139884 -30.518718719 -0.004908029 0.999531746 0.030202597 0.340249985 0.996570289 0.007384033 -0.082422853 3.128768921
-0.082766056 0.031140661 -0.996082425 -31.362878799 -0.005673916 0.999480724 0.031718358 0.356928915 0.996552944 0.008276888 -0.082546473 3.049827576
-0.082761526 0.033461630 -0.996007502 -32.203754425 -0.006574571 0.999396086 0.034121778 0.366392225 0.996547759 0.009372294 -0.082491636 2.975959778
-0.082485914 0.032181099 -0.996072590 -33.028217316 -0.007789098 0.999427140 0.032934505 0.371235043 0.996561825 0.010475138 -0.082188010 2.899524689
-0.082214713 0.026750533 -0.996255636 -33.857963562 -0.008141343 0.999588311 0.027511874 0.386778742 0.996581435 0.010372737 -0.081963062 2.826530457
-0.081927657 0.022539765 -0.996383429 -34.690490723 -0.009412154 0.999682128 0.023388302 0.399927914 0.996593893 0.011294262 -0.081689477 2.749298096
-0.081372380 0.023637084 -0.996403575 -35.511104584 -0.009345445 0.999656677 0.024477463 0.401242971 0.996640086 0.011303619 -0.081123471 2.683944702
-0.080884814 0.026166143 -0.996380091 -36.343875885 -0.008266423 0.999603391 0.026921852 0.406620502 0.996689320 0.010414066 -0.080636501 2.615547180
-0.080255389 0.031004000 -0.996292174 -37.185634613 -0.007679912 0.999467254 0.031721458 0.418110192 0.996744871 0.010197246 -0.079974532 2.541179657
-0.079839945 0.036449004 -0.996141076 -38.025585175 -0.007224175 0.999283850 0.037143011 0.435778081 0.996781528 0.010161793 -0.079519510 2.471385956
-0.079891801 0.039988797 -0.996001124 -38.846321106 -0.007573926 0.999141812 0.040722419 0.441039741 0.996774793 0.010797025 -0.079520345 2.403457642
-0.079303980 0.039900128 -0.996051729 -39.677433014 -0.006901043 0.999152720 0.040573798 0.461530507 0.996826708 0.010091454 -0.078961372 2.327899933
-0.079367518 0.035441980 -0.996215224 -40.501510620 -0.006810167 0.999325156 0.036095183 0.480916202 0.996822238 0.009649172 -0.079072595 2.260734558
-0.079033852 0.031098150 -0.996386886 -41.320663452 -0.007881236 0.999462545 0.031819291 0.493891835 0.996840894 0.010367556 -0.078746319 2.189579010
-0.078684568 0.028242679 -0.996499419 -42.149005890 -0.011732012 0.999503136 0.029254181 0.507766962 0.996830523 0.013992795 -0.078314066 2.105899811
-0.078848243 0.026615547 -0.996531367 -42.974063873 -0.015095703 0.999497056 0.027889170 0.517918587 0.996772468 0.017242350 -0.078406811 2.024822235
-0.079825163 0.024573125 -0.996506095 -43.784988403 -0.013591085 0.999576330 0.025737550 0.522477329 0.996716380 0.015598095 -0.079457283 1.966999054
-0.081468701 0.020977383 -0.996455312 -44.609333038 -0.010132975 0.999709368 0.021874348 0.529976189 0.996624589 0.011879126 -0.081232429 1.907974243
-0.082148910 0.019523829 -0.996428847 -45.428623199 -0.005656749 0.999782860 0.020055907 0.537449360 0.996604085 0.007284117 -0.082020640 1.837894440
-0.083751321 0.022676168 -0.996228695 -46.254520416 -0.005683039 0.999713898 0.023233265 0.545621812 0.996470571 0.007607421 -0.083598495 1.756332397
-0.085136652 0.029303856 -0.995938301 -47.071182251 -0.003309326 0.999553561 0.029693125 0.545152664 0.996363819 0.005823856 -0.085001588 1.681941986
-0.086906195 0.032997783 -0.995669961 -47.887214661 -0.001928400 0.999443829 0.033291180 0.552176774 0.996214747 0.004813259 -0.086794257 1.605377197
-0.088523507 0.032373082 -0.995547831 -48.677986145 -0.001943889 0.999464214 0.032673281 0.559446633 0.996072173 0.004827589 -0.088413119 1.544849396
-0.089359760 0.028359257 -0.995595813 -49.474529266 -0.005223532 0.999567449 0.028941231 0.569290519 0.995985925 0.007786700 -0.089172959 1.459484100
-0.090520263 0.024761379 -0.995586872 -50.267631531 -0.009969440 0.999618232 0.025768081 0.576850057 0.995844841 0.012257972 -0.090238810 1.373294830
-0.092012525 0.023364630 -0.995483816 -51.062904358 -0.014078680 0.999594212 0.024762398 0.584107280 0.995658398 0.016293546 -0.091646314 1.285980225
-0.092700720 0.024477448 -0.995393157 -51.856353760 -0.015901653 0.999533892 0.026060188 0.588662982 0.995567083 0.018244194 -0.092268229 1.202228546
-0.094080210 0.025937764 -0.995226681 -52.654342651 -0.015774960 0.999496222 0.027540268 0.597919941 0.995439589 0.018290656 -0.093623638 1.126487732
-0.095037103 0.025391333 -0.995149910 -53.438041687 -0.017797163 0.999471545 0.027201232 0.604395449 0.995314658 0.020295966 -0.094534993 1.043899536
-0.095440149 0.025372226 -0.995111823 -54.221096039 -0.018388504 0.999459565 0.027246704 0.609824657 0.995265365 0.020899044 -0.094921947 0.959400177
-0.095930099 0.027279371 -0.995014369 -54.995662689 -0.016368758 0.999445975 0.028978996 0.618513405 0.995253623 0.019067101 -0.095430493 0.880947113
-0.096256733 0.030022947 -0.994903624 -55.773319244 -0.016228052 0.999364793 0.031727631 0.626110673 0.995224237 0.019199345 -0.095708370 0.804557800
-0.096466064 0.034261197 -0.994746566 -56.542293549 -0.016455937 0.999215901 0.036010955 0.637243629 0.995200336 0.019843316 -0.095826626 0.725692749
-0.097105861 0.036582675 -0.994601548 -57.302894592 -0.016296776 0.999131858 0.038340412 0.642930984 0.995140672 0.019931877 -0.096425414 0.648166656
-0.097828269 0.036375206 -0.994538426 -58.053688049 -0.015853964 0.999148011 0.038103286 0.657529354 0.995077074 0.019494949 -0.097168207 0.574092865
-0.098207235 0.034596734 -0.994564474 -58.798625946 -0.014943284 0.999231577 0.036234643 0.665796638 0.995053828 0.018420562 -0.097614765 0.498268127
-0.098330736 0.031082891 -0.994668245 -59.530143738 -0.014958306 0.999352992 0.032708034 0.674104929 0.995041370 0.018094756 -0.097802162 0.421531677
-0.098076105 0.028010588 -0.994784653 -60.249099731 -0.015485612 0.999439836 0.029668396 0.684525013 0.995058417 0.018314609 -0.097587466 0.347869873
-0.096732259 0.025533175 -0.994982958 -60.963211060 -0.015726756 0.999506891 0.027178222 0.696702421 0.995186269 0.018276861 -0.096282959 0.268539429
-0.094504237 0.024957055 -0.995211542 -61.654060364 -0.017868580 0.999482155 0.026760930 0.698687613 0.995364070 0.020312039 -0.094009280 0.200477600
-0.090182543 0.026034573 -0.995584965 -62.338493347 -0.018417289 0.999443710 0.027803762 0.701651633 0.995755017 0.020843385 -0.089652896 0.132919312
-0.084461451 0.027524997 -0.996046543 -63.006278992 -0.017693534 0.999419332 0.029118553 0.707124770 0.996269643 0.020082977 -0.083925366 0.075996399
-0.077520967 0.029020732 -0.996568382 -63.649841309 -0.017334390 0.999385953 0.030451192 0.710518241 0.996840119 0.019635508 -0.076970339 0.030036926
-0.068499088 0.030436493 -0.997186959 -64.294769287 -0.017931562 0.999335468 0.031733833 0.711727679 0.997490168 0.020054851 -0.067907810 -0.019088745
-0.056527019 0.031982556 -0.997888684 -64.906036377 -0.020197460 0.999245644 0.033170167 0.724490643 0.998196721 0.022029828 -0.055838466 -0.055030823
-0.041329741 0.033428501 -0.998586297 -65.515838623 -0.023393789 0.999133766 0.034415059 0.732385397 0.998871744 0.024783077 -0.040511966 -0.083206177
-0.023068666 0.034505296 -0.999138296 -66.100112915 -0.025062284 0.999070168 0.035081595 0.741711497 0.999419689 0.025849972 -0.022182465 -0.090698242
-0.001112938 0.035755452 -0.999360085 -66.669235229 -0.025843466 0.999025762 0.035772271 0.743691921 0.999665499 0.025866728 -0.000187755 -0.080223083
0.024292946 0.036107101 -0.999052763 -67.208404541 -0.025121162 0.999054015 0.035496302 0.750230670 0.999389350 0.024235046 0.025177062 -0.050651550
0.053489804 0.035200235 -0.997947872 -67.729866028 -0.023345463 0.999149442 0.033991303 0.761968732 0.998295546 0.021479361 0.054266095 0.002544403
0.087923825 0.034917548 -0.995515168 -68.230545044 -0.022481445 0.999200463 0.033061251 0.772722960 0.995873630 0.019473741 0.088638484 0.061763763
0.125527561 0.035518222 -0.991454184 -68.648277283 -0.022361577 0.999206305 0.032964751 0.773134410 0.991838157 0.018032489 0.126222193 0.132499695
0.166746616 0.035473850 -0.985361576 -69.112304688 -0.022045741 0.999236882 0.032242712 0.775556803 0.985753417 0.016346654 0.167401433 0.232082367
0.211792827 0.036183819 -0.976644516 -69.559310913 -0.020971838 0.999252558 0.032473519 0.781298995 0.977089524 0.013604372 0.212393403 0.355895996
0.260505855 0.034966994 -0.964838922 -69.991531372 -0.018079989 0.999345362 0.031335969 0.782801390 0.965303004 0.009281071 0.260967493 0.497207642
0.310275972 0.030042320 -0.950171828 -70.382972717 -0.009776919 0.999548495 0.028410880 0.776628137 0.950596333 0.000474536 0.310429573 0.672798157
0.361357868 0.025061473 -0.932090342 -70.783210754 -0.004177385 0.999672234 0.025259063 0.771487355 0.932417870 -0.005233860 0.361344099 0.874298096
0.413178146 0.020060364 -0.910429299 -71.164352417 0.001057066 0.999746084 0.022508096 0.779016793 0.910649657 -0.010262238 0.413052022 1.094547272
0.464924991 0.019889150 -0.885126770 -71.536102295 -0.000189501 0.999749839 0.022365242 0.787299514 0.885350168 -0.010230429 0.464812458 1.322177887
0.514449596 0.018793171 -0.857314706 -71.900970459 0.000622031 0.999751389 0.022288786 0.793757260 0.857520401 -0.011999733 0.514310002 1.552984238
0.559804201 0.014015833 -0.828506351 -72.252410889 0.008604037 0.999704719 0.022725560 0.803476095 0.828580260 -0.019850362 0.559518337 1.837776184
0.603683114 0.007199021 -0.797191918 -72.569068909 0.019328998 0.999533117 0.023663376 0.807137370 0.796990037 -0.029694101 0.603262126 2.139308929
0.646064043 0.001858925 -0.763281047 -72.882415771 0.020922899 0.999578118 0.020144187 0.812029898 0.762996495 -0.028984483 0.645752549 2.452791214
0.686775625 -0.002642580 -0.726864696 -73.172096252 0.018577319 0.999730527 0.013918111 0.806977510 0.726632059 -0.023061816 0.686639667 2.775297165
0.726958513 -0.008928714 -0.686623394 -73.450408936 0.014573694 0.999890864 0.002427432 0.806500554 0.686526775 -0.011771280 0.727009296 3.119209290
0.766352654 -0.009328789 -0.642352402 -73.690017700 0.008091914 0.999955416 -0.004868222 0.798494577 0.642369151 -0.001467085 0.766394019 3.446759224
0.803282738 -0.010463619 -0.595506012 -73.947601318 0.007083749 0.999942780 -0.008014643 0.797923923 0.595555782 0.002219610 0.803310931 3.846670151
0.837213993 -0.011578354 -0.546752870 -74.196098328 0.007520509 0.999925077 -0.009659230 0.789478838 0.546823740 0.003974983 0.837238312 4.278612614
0.867681265 -0.011015033 -0.496998876 -74.439849854 0.005432060 0.999904871 -0.012677472 0.794322133 0.497091264 0.008300277 0.867658556 4.742114544
0.893443942 -0.009436469 -0.449075580 -74.658737183 0.004942026 0.999925315 -0.011179280 0.777485609 0.449147522 0.007768717 0.893423855 5.230669975
0.914637327 -0.002019105 -0.404270321 -74.851303101 -0.002234704 0.999947011 -0.010050062 0.762739897 0.404269189 0.010095586 0.914584339 5.710662842
0.931859314 0.002020023 -0.362814218 -75.030578613 -0.006723847 0.999908924 -0.011702520 0.752674639 0.362757534 0.013344610 0.931788027 6.227288246
0.945232034 0.006973868 -0.326324612 -75.205558777 -0.010957839 0.999886155 -0.010371961 0.744780421 0.326215148 0.013379723 0.945200861 6.766230106
0.955107331 0.007672440 -0.296160638 -75.370346069 -0.010652773 0.999907553 -0.008450858 0.730788589 0.296068400 0.011226408 0.955100775 7.329412937
0.962461650 0.007146085 -0.271323651 -75.521179199 -0.009349642 0.999932945 -0.006829729 0.714640200 0.271256655 0.009110131 0.962463915 7.888414383
0.968200624 0.007477507 -0.250063181 -75.662307739 -0.008979418 0.999947846 -0.004865814 0.706872046 0.250013769 0.006956507 0.968217313 8.485464096
0.972739518 0.009784853 -0.231694043 -75.801269531 -0.010570421 0.999941826 -0.002149309 0.697588921 0.231659532 0.004539821 0.972786307 9.099115372
0.976238549 0.015274352 -0.216159642 -75.951896667 -0.015796162 0.999875009 -0.000686429 0.688798189 0.216122136 0.004084612 0.976357818 9.741662979
0.978896379 0.018462433 -0.203521624 -76.067237854 -0.018701812 0.999824822 0.000747163 0.677001953 0.203499764 0.003074827 0.979070187 10.373681068
0.981600344 0.017348263 -0.190157413 -76.219627380 -0.017623607 0.999844670 0.000243113 0.672678232 0.190132082 0.003112620 0.981753588 11.071737289
0.984171033 0.017147720 -0.176389858 -76.334266663 -0.017449509 0.999847710 -0.000159825 0.665485561 0.176360264 0.003235211 0.984320343 11.751625061
0.986671209 0.017401807 -0.161793396 -76.445350647 -0.017600620 0.999845088 0.000204502 0.663882315 0.161771879 0.002645888 0.986824632 12.448250771
0.988822877 0.019197585 -0.147853702 -76.551841736 -0.019329185 0.999813020 0.000546860 0.658040464 0.147836551 0.002317144 0.989009082 13.163577080
0.990617096 0.019991251 -0.135196626 -76.655929565 -0.020399971 0.999790549 -0.001638330 0.637421966 0.135135561 0.004380965 0.990817428 13.897129059
0.992090404 0.020256771 -0.123879999 -76.750221252 -0.021295628 0.999748230 -0.007067460 0.623076081 0.123705648 0.009649661 0.992272019 14.618156433
0.993290782 0.018498093 -0.114154689 -76.833412170 -0.020141842 0.999709189 -0.013262649 0.613462627 0.113876149 0.015472951 0.993374467 15.356569290
0.994200766 0.018311504 -0.105969466 -76.912727356 -0.019858019 0.999710917 -0.013557183 0.601960957 0.105690576 0.015582905 0.994276941 16.111852646
0.994849384 0.020009635 -0.099369489 -76.991630554 -0.020828066 0.999757111 -0.007205581 0.583721757 0.099201173 0.009238143 0.995024502 16.884605408
0.995243669 0.024761843 -0.094217129 -77.076484680 -0.024796797 0.999692202 0.000799909 0.566358268 0.094207935 0.001540179 0.995551348 17.662099838
0.995611548 0.025500733 -0.090041071 -77.155715942 -0.025197184 0.999672353 0.004506506 0.552112639 0.090126485 -0.002217948 0.995927870 18.446922302
0.995944619 0.024545552 -0.086555503 -77.220527649 -0.024329131 0.999697685 0.003554534 0.539339602 0.086616591 -0.001434299 0.996240675 19.209768295
0.996208191 0.024548244 -0.083466142 -77.286369324 -0.024417723 0.999698520 0.002584354 0.528313756 0.083504423 -0.000536502 0.996507287 19.975297928
0.996495247 0.023303417 -0.080337673 -77.361404419 -0.022992015 0.999724150 0.004799196 0.519610822 0.080427349 -0.002935251 0.996756136 20.762805939
0.996781111 0.020426793 -0.077525340 -77.433219910 -0.019912329 0.999774337 0.007403378 0.509320021 0.077659070 -0.005835837 0.996962905 21.545471191
0.997014940 0.018302131 -0.075008512 -77.473587036 -0.017685639 0.999804199 0.008875021 0.499807000 0.075156257 -0.007521955 0.997143388 22.287755966
0.997224748 0.017101206 -0.072459541 -77.531326294 -0.016766947 0.999845803 0.005218844 0.489909291 0.072537616 -0.003989435 0.997357726 23.052436829
0.997291923 0.019982567 -0.070777535 -77.592445374 -0.020181486 0.999794126 -0.002096441 0.479749620 0.070721075 0.003519160 0.997489929 23.803525925
0.997385383 0.021029359 -0.069138594 -77.651191711 -0.021739222 0.999718249 -0.009530843 0.461735904 0.068918690 0.011008942 0.997561514 24.553947449
0.997448385 0.022224506 -0.067843951 -77.705902100 -0.023194490 0.999639213 -0.013543122 0.442439049 0.067518480 0.015082171 0.997604012 25.312412262
0.997549713 0.023414403 -0.065926485 -77.755584717 -0.024258262 0.999633372 -0.012028584 0.425641924 0.065620668 0.013598372 0.997751951 26.074115753
0.997624338 0.027008085 -0.063374296 -77.816741943 -0.027559167 0.999589443 -0.007837545 0.401405990 0.063136600 0.009565468 0.997959077 26.838283539
0.997718751 0.029719269 -0.060613949 -77.876754761 -0.029969983 0.999545574 -0.003231115 0.389339328 0.060490381 0.005040343 0.998156071 27.595516205
0.997913182 0.027362669 -0.058485303 -77.917991638 -0.027474603 0.999621868 -0.001110470 0.370344102 0.058432803 0.002715013 0.998287678 28.357713699
0.998072505 0.024537746 -0.057001259 -77.964485168 -0.024638496 0.999695837 -0.001065289 0.354437709 0.056957781 0.002467660 0.998373508 29.112468719
0.998176873 0.022732565 -0.055912361 -78.007476807 -0.022821747 0.999739110 -0.000956963 0.335804641 0.055876017 0.002231236 0.998435199 29.865219116
0.998228729 0.022701362 -0.054991849 -78.053405762 -0.022899657 0.999733329 -0.002978392 0.323194385 0.054909572 0.004232411 0.998482347 30.616092682
0.998323262 0.020650133 -0.054076340 -78.096717834 -0.020906355 0.999772727 -0.004176677 0.310656518 0.053977802 0.005300213 0.998528063 31.383003235
0.998376250 0.019515745 -0.053516809 -78.138549805 -0.019767052 0.999795914 -0.004170526 0.297637254 0.053424496 0.005221624 0.998558223 32.145717621
0.998347104 0.022940621 -0.052695196 -78.189781189 -0.023140170 0.999727190 -0.003179793 0.283521414 0.052607875 0.004393913 0.998605609 32.916469574
0.998353541 0.022589043 -0.052724674 -78.234985352 -0.022841122 0.999730349 -0.004183332 0.270817131 0.052615959 0.005380735 0.998600304 33.687580109
0.998296976 0.022068726 -0.054000549 -78.286247253 -0.022312287 0.999743402 -0.003911547 0.252849340 0.053900372 0.005109762 0.998533249 34.451583862
0.998238385 0.020093547 -0.055824339 -78.335044861 -0.020316491 0.999787748 -0.003428972 0.234628826 0.055743590 0.004557086 0.998434722 35.242195129
0.998026192 0.021473695 -0.059013516 -78.385826111 -0.021732790 0.999756753 -0.003752054 0.223210499 0.058918592 0.005027176 0.998250127 36.027324677
0.997765303 0.025339196 -0.061825305 -78.446525574 -0.025625359 0.999664247 -0.003839964 0.206725731 0.061707247 0.005415678 0.998079598 36.820087433
0.997612119 0.025277020 -0.064274050 -78.512535095 -0.025875859 0.999629021 -0.008501518 0.187459230 0.064035311 0.010144363 0.997896075 37.617877960
0.997426033 0.026486501 -0.066632010 -78.570991516 -0.027350439 0.999552846 -0.012086987 0.176094741 0.066282079 0.013878289 0.997704387 38.397541046
0.997317314 0.025711089 -0.068535089 -78.633964539 -0.026731605 0.999544382 -0.014014992 0.161662161 0.068143524 0.015809447 0.997550249 39.213005066
0.997183204 0.026177488 -0.070287935 -78.704475403 -0.027117880 0.999554634 -0.012458275 0.139189184 0.069930501 0.014329243 0.997448921 40.026393890
0.997043908 0.024620084 -0.072782658 -78.766944885 -0.025524821 0.999607742 -0.011526645 0.116028458 0.072470322 0.013350335 0.997281194 40.839157104
0.996898413 0.023985401 -0.074955016 -78.820739746 -0.024786312 0.999644995 -0.009773205 0.099420950 0.074693993 0.011600751 0.997139037 41.697856903
0.996848047 0.023575481 -0.075751044 -78.892547607 -0.024123404 0.999688983 -0.006326234 0.084904581 0.075578339 0.008133668 0.997106671 42.534790039
0.996778548 0.022983186 -0.076839648 -78.959953308 -0.023140028 0.999731600 -0.001151307 0.067923844 0.076792561 0.002925670 0.997042775 43.378463745
0.996828854 0.023535000 -0.076015562 -79.033180237 -0.023536162 0.999722600 0.000880692 0.052399606 0.076015204 0.000911215 0.997106254 44.236530304
0.996906817 0.026288405 -0.074065872 -79.107887268 -0.026274070 0.999654114 0.001168053 0.038547218 0.074070960 0.000781572 0.997252643 45.112224579
0.997063756 0.026338814 -0.071903341 -79.176048279 -0.026417781 0.999650955 -0.000147293 0.028461944 0.071874365 0.002046387 0.997411609 45.967605591
0.997221708 0.023981852 -0.070525065 -79.240905762 -0.024234382 0.999702573 -0.002727130 0.019163661 0.070438690 0.004428684 0.997506261 46.840373993
0.997425914 0.020461777 -0.068722896 -79.297462463 -0.020797862 0.999774992 -0.004178434 0.001699694 0.068621933 0.005596967 0.997627020 47.716602325
0.997594237 0.018984873 -0.066673301 -79.360137939 -0.019338416 0.999802113 -0.004661166 -0.010762095 0.066571616 0.005939308 0.997763991 48.588710785
0.997698188 0.016561359 -0.065757163 -79.422950745 -0.016724095 0.999858260 -0.001925073 -0.027928360 0.065715961 0.003020371 0.997833788 49.466766357
0.997808695 0.013937760 -0.064680204 -79.480354309 -0.013929156 0.999902785 0.000584000 -0.043445863 0.064682059 0.000318220 0.997905850 50.342491150
0.997858584 0.013471340 -0.064006306 -79.537681580 -0.013439829 0.999909282 0.000922856 -0.060096942 0.064012930 -0.000060646 0.997949064 51.228092194
0.997910500 0.015152861 -0.062809788 -79.602439880 -0.015333869 0.999879539 -0.002400794 -0.078305215 0.062765837 0.003358895 0.998022616 52.106784821
0.997925878 0.017254189 -0.062018134 -79.676452637 -0.017815275 0.999805093 -0.008505543 -0.093204945 0.061859291 0.009592771 0.998038769 52.954734802
0.997940123 0.019207975 -0.061209355 -79.728767395 -0.020107985 0.999698102 -0.014121830 -0.112955548 0.060919624 0.015323536 0.998025060 53.817695618
0.997887254 0.023928728 -0.060402084 -79.795669556 -0.025153998 0.999491274 -0.019606931 -0.143997848 0.059902187 0.021084860 0.997981548 54.661304474
0.997956991 0.024140600 -0.059152670 -79.854339600 -0.025387539 0.999469101 -0.020419816 -0.173413545 0.058628321 0.021879839 0.998040080 55.514728546
0.998047113 0.021306714 -0.058719866 -79.911407471 -0.022189323 0.999649763 -0.014419951 -0.199172884 0.058392059 0.015694745 0.998170376 56.376384735
0.998016775 0.021149142 -0.059288941 -79.970527649 -0.021512680 0.999753475 -0.005499992 -0.226271138 0.059158001 0.006764548 0.998225689 57.242332458
0.997987032 0.019884111 -0.060220864 -80.029663086 -0.019788023 0.999801815 0.002191587 -0.247279763 0.060252506 -0.000995523 0.998182654 58.093231201
0.997849047 0.017707916 -0.063116647 -80.076667786 -0.017755667 0.999842346 -0.000195693 -0.260220230 0.063103236 0.001315950 0.998006165 58.938995361
0.997826099 0.013031102 -0.064600520 -80.136245728 -0.013269645 0.999906600 -0.003264889 -0.282629460 0.064551942 0.004115018 0.997905850 59.775707245
0.997644484 0.012373121 -0.067471206 -80.188819885 -0.012713936 0.999908507 -0.004624194 -0.306394100 0.067407817 0.005471126 0.997710526 60.609786987
0.997441709 0.013966383 -0.070107214 -80.262573242 -0.014500002 0.999869585 -0.007108311 -0.323516577 0.069998793 0.008106680 0.997514129 61.435958862
0.997182488 0.015532722 -0.073388241 -80.333816528 -0.016339166 0.999812424 -0.010401152 -0.345262706 0.073212914 0.011570949 0.997249186 62.260620117
0.996882915 0.016403316 -0.077171400 -80.409324646 -0.017509598 0.999753118 -0.013680629 -0.368140996 0.076927938 0.014989225 0.996923983 63.080867767
0.996634722 0.018555310 -0.079843156 -80.487899780 -0.020007273 0.999647975 -0.017423742 -0.397095442 0.079491749 0.018962549 0.996655166 63.887561798
0.996247947 0.023018261 -0.083428018 -80.564865112 -0.024583835 0.999539495 -0.017786995 -0.421570182 0.082980171 0.019771237 0.996355057 64.688919067
0.995854974 0.026499653 -0.087009721 -80.646369934 -0.027970875 0.999484897 -0.015733067 -0.445342302 0.086547978 0.018101590 0.996083200 65.493698120
0.995457411 0.029309105 -0.090584122 -80.732444763 -0.030314103 0.999493003 -0.009738510 -0.471192420 0.090252772 0.012440248 0.995841205 66.302215576
0.995053709 0.029595587 -0.094827302 -80.812995911 -0.030128863 0.999537230 -0.004196515 -0.494293153 0.094659217 0.007032796 0.995484889 67.107589722
0.994582534 0.029419651 -0.099699818 -80.899955750 -0.029611131 0.999561369 -0.000440983 -0.512322664 0.099643119 0.003390819 0.995017469 67.903396606
0.993932068 0.028991828 -0.106106259 -80.991958618 -0.029091148 0.999576569 0.000611908 -0.526746094 0.106079072 0.002478558 0.994354606 68.691802979
0.993353665 0.026417758 -0.112029314 -81.080581665 -0.026089763 0.999649942 0.004393038 -0.540153623 0.112106152 -0.001441022 0.993695199 69.492538452
0.992596030 0.027272649 -0.118361205 -81.182403564 -0.026997356 0.999627769 0.003928910 -0.552235007 0.118424296 -0.000704381 0.992962837 70.269294739
0.991735756 0.031774763 -0.124300405 -81.296478271 -0.031611305 0.999494851 0.003287632 -0.566539168 0.124342076 0.000668835 0.992239177 71.038200378
0.990896881 0.032694306 -0.130592704 -81.404029846 -0.033010844 0.999454975 -0.000259249 -0.579527974 0.130513042 0.004567863 0.991436064 71.809020996
0.990100086 0.032819435 -0.136472210 -81.517280579 -0.033573207 0.999431074 -0.003224624 -0.592033505 0.136288747 0.007774510 0.990638673 72.563224792
0.989306808 0.034261599 -0.141768113 -81.635833740 -0.035216570 0.999370754 -0.004231917 -0.609057188 0.141533911 0.009179251 0.989890873 73.329170227
0.988530755 0.035884585 -0.146694422 -81.753105164 -0.036205493 0.999344230 0.000482714 -0.615719795 0.146615550 0.004833966 0.989181757 74.098869324
0.987671435 0.036531206 -0.152219042 -81.889350891 -0.036200631 0.999332309 0.004943457 -0.630441904 0.152297989 0.000627914 0.988334417 74.865798950
0.986752987 0.035863683 -0.158216104 -82.018463135 -0.035125073 0.999355078 0.007463092 -0.647800267 0.158381715 -0.001806877 0.987376332 75.621849060
0.985665262 0.033257410 -0.165402487 -82.150718689 -0.033155374 0.999444485 0.003378643 -0.653563499 0.165422961 0.002153769 0.986220360 76.371955872
0.984285295 0.030880101 -0.173864678 -82.292137146 -0.032035057 0.999479353 -0.003839843 -0.662177503 0.173655584 0.009349266 0.984762073 77.114433289
0.982660294 0.028670199 -0.183184907 -82.429191589 -0.030135319 0.999532223 -0.005218743 -0.680516124 0.182949588 0.010648588 0.983064651 77.852951050
0.980646968 0.027983338 -0.193774104 -82.584671021 -0.028945794 0.999578714 -0.002136813 -0.694818258 0.193632677 0.007704405 0.981043875 78.594482422
0.978423178 0.028215919 -0.204675317 -82.747924805 -0.027969487 0.999600351 0.004097467 -0.704159915 0.204709142 0.001715607 0.978821337 79.332946777
0.975823820 0.029466752 -0.216563240 -82.925231934 -0.027624011 0.999551892 0.011531872 -0.707307518 0.216805995 -0.005270730 0.976200461 80.065902710
0.973225534 0.031042794 -0.227746442 -83.099807739 -0.028341139 0.999483883 0.015124070 -0.720720053 0.228098392 -0.008264537 0.973603010 80.796241760
0.970347941 0.033992838 -0.239310101 -83.292137146 -0.032392334 0.999418795 0.010619055 -0.729147017 0.239531994 -0.002552366 0.970885098 81.509269714
0.967368007 0.034114063 -0.251068562 -83.494819641 -0.034797426 0.999392927 0.001718402 -0.737467170 0.250974774 0.007074214 0.967967749 82.215324402
0.964214623 0.031456325 -0.263250291 -83.704795837 -0.033483665 0.999434114 -0.003217148 -0.741090894 0.263000101 0.011916604 0.964722216 82.921455383
0.960936964 0.030845717 -0.275043070 -83.921989441 -0.031490382 0.999501884 0.002072696 -0.751378059 0.274970025 0.006669481 0.961429656 83.649467468
0.957432270 0.031171801 -0.286970079 -84.135520935 -0.029792199 0.999514043 0.009173921 -0.757778645 0.287116587 -0.000233939 0.957895637 84.379241943
0.953880966 0.030903189 -0.298590124 -84.375205994 -0.027885819 0.999507964 0.014361591 -0.760473907 0.298887014 -0.005372818 0.954273403 85.092163086
0.949793398 0.028758073 -0.311553359 -84.612159729 -0.025981240 0.999577105 0.013060688 -0.769930840 0.311797202 -0.004310414 0.950138927 85.801872253
0.946072102 0.026500663 -0.322870344 -84.860618591 -0.025043741 0.999648809 0.008666550 -0.773467779 0.322986633 -0.000113301 0.946403503 86.506317139
0.943349063 0.022808772 -0.331017137 -85.132026672 -0.023466840 0.999722600 0.002009028 -0.784987390 0.330971152 0.005872712 0.943622589 87.181564331
0.940317035 0.018727897 -0.339783996 -85.374145508 -0.021321241 0.999765098 -0.003900206 -0.794111848 0.339631110 0.010912046 0.940495431 87.920623779
0.937695861 0.018560570 -0.346961111 -85.643798828 -0.021926187 0.999742925 -0.005776715 -0.804922223 0.346764684 0.013024335 0.937861741 88.625801086
0.934794486 0.024109252 -0.354369879 -85.937385559 -0.027889602 0.999595523 -0.005563529 -0.823686242 0.354092419 0.015083990 0.935088813 89.331520081
0.931759834 0.024039784 -0.362278581 -86.219985962 -0.027086101 0.999627531 -0.003331442 -0.839585006 0.362063557 0.012916816 0.932063937 90.036636353
0.928630590 0.025210306 -0.370148242 -86.499008179 -0.025799023 0.999661505 0.003360849 -0.846088588 0.370107651 0.006428476 0.928966641 90.734138489
0.925790548 0.026776709 -0.377087325 -86.788879395 -0.024210583 0.999640226 0.011544129 -0.850660741 0.377260774 -0.001557942 0.926105738 91.448280334
0.923160911 0.036886066 -0.382639915 -87.106948853 -0.032290611 0.999308646 0.018427595 -0.861907125 0.383055091 -0.004655960 0.923713744 92.153442383
0.920281589 0.043544296 -0.388826072 -87.411209106 -0.040681094 0.999050438 0.015597943 -0.864491880 0.389136046 0.001463368 0.921179116 92.847991943
0.918192148 0.040768184 -0.394031882 -87.723495483 -0.040700614 0.999134958 0.008532126 -0.875254631 0.394038856 0.008203208 0.919057190 93.530021667
0.916381478 0.032134470 -0.399014175 -88.033531189 -0.034879483 0.999391437 0.000380938 -0.867722332 0.398783594 0.013568324 0.916944683 94.239273071
0.914816618 0.032590274 -0.402552336 -88.352806091 -0.035683919 0.999363124 -0.000185630 -0.871739686 0.402289897 0.014534461 0.915396929 94.934844971
0.912753105 0.038705982 -0.406673789 -88.691360474 -0.040139779 0.999181509 0.005007932 -0.879968762 0.406534761 0.011752790 0.913559735 95.635490417
0.910275400 0.041335560 -0.411934555 -89.010162354 -0.040976420 0.999112964 0.009708013 -0.891657114 0.411970437 0.008042635 0.911161721 96.326919556
0.908010483 0.037582692 -0.417258292 -89.328987122 -0.037772868 0.999255896 0.007804672 -0.903752923 0.417241096 0.008674315 0.908754468 97.024017334
0.905779541 0.036769204 -0.422150999 -89.663513184 -0.039807580 0.999206066 0.001618186 -0.915187240 0.421875328 0.015339090 0.906524062 97.707977295
0.903539658 0.033321321 -0.427206963 -90.001411438 -0.039421383 0.999207854 -0.005439658 -0.914845824 0.426687300 0.021756036 0.904137492 98.403961182
