1.000000000 0.000000000 0.000000000 0.000000000 0.000000000 1.000000000 0.000000000 0.000000000 0.000000000 0.000000000 1.000000000 0.000000000
0.999042153 -0.000592082 0.043753516 0.044798411 0.000699539 0.999996781 -0.002440683 -0.018190838 -0.043751929 0.002468952 0.999039352 1.028372645
0.996031046 -0.005112801 0.088859722 0.136744216 0.005791822 0.999955952 -0.007385335 -0.036926407 -0.088818051 0.007870683 0.996016741 2.051533461
0.990919471 -0.004178299 0.134391889 0.268345624 0.005749280 0.999919593 -0.011303583 -0.060946744 -0.134333849 0.011973597 0.990863800 3.065197945
0.983584464 -0.001777720 0.180439726 0.450677305 0.004317089 0.999897063 -0.013681491 -0.087125696 -0.180396840 0.014235876 0.983490884 4.083868504
0.974030018 -0.004248296 0.226379022 0.683464110 0.007542991 0.999877810 -0.013690854 -0.117059141 -0.226293191 0.015042878 0.973943055 5.086188316
0.962379038 -0.004890953 0.271666467 0.958543479 0.009289315 0.999845743 -0.014906672 -0.147916302 -0.271551669 0.016869463 0.962275982 6.093410969
0.948800921 -0.007392605 0.315788180 1.280197978 0.013628521 0.999753237 -0.017543320 -0.179955080 -0.315580577 0.020948844 0.948667526 7.078983307
0.933625937 -0.009124517 0.358133078 1.651078701 0.017149756 0.999667823 -0.019238580 -0.211502776 -0.357838571 0.024103532 0.933472335 8.034314156
0.916167140 -0.008885127 0.400697887 2.056064367 0.018429397 0.999630690 -0.019971559 -0.242838651 -0.400372446 0.025681905 0.915992558 8.978993416
0.896474719 -0.009065381 0.443002105 2.502314568 0.019270096 0.999642432 -0.018539451 -0.277111292 -0.442675620 0.025156841 0.896328866 9.900091171
0.874534726 -0.008841710 0.484882265 2.989228249 0.019821681 0.999650002 -0.017522056 -0.320430994 -0.484557629 0.024934828 0.874403894 10.776332855
0.850515485 -0.008862028 0.525875390 3.523636580 0.020503296 0.999656677 -0.016314484 -0.354133159 -0.525550246 0.024657900 0.850405157 11.653511047
0.824929833 -0.009573665 0.565154076 4.102771759 0.022718757 0.999610186 -0.016228225 -0.394291431 -0.564778388 0.026226744 0.824825764 12.491331100
0.797423065 -0.011005376 0.603320241 4.737112999 0.025937092 0.999534726 -0.016048821 -0.421471208 -0.602862895 0.028446073 0.797337532 13.329318047
0.768743753 -0.010179766 0.639475942 5.391180038 0.026829369 0.999506474 -0.016341772 -0.457085848 -0.638993979 0.029719369 0.768637419 14.111875534
0.738123417 -0.013404687 0.674532533 6.040851593 0.031655058 0.999389589 -0.014778879 -0.500583172 -0.673922658 0.032261003 0.738097191 14.802967072
0.706024885 -0.012665498 0.708073735 6.754146576 0.032084964 0.999385476 -0.014115858 -0.530759335 -0.707459807 0.032684669 0.705997348 15.506133080
0.671842635 -0.011578285 0.740603447 7.515256882 0.033393372 0.999334633 -0.014669806 -0.564741015 -0.739940763 0.034587044 0.671782255 16.206653595
0.636118650 -0.012329699 0.771492779 8.292016983 0.037648924 0.999177337 -0.015074190 -0.594141304 -0.770672202 0.038634844 0.636059523 16.845205307
0.599332392 -0.010616946 0.800429940 9.082484245 0.037673492 0.999178171 -0.014955373 -0.623743594 -0.799613357 0.039118227 0.599239826 17.437257767
0.561397433 -0.009865345 0.827487528 9.916049004 0.040796075 0.999043107 -0.015766893 -0.656801701 -0.826540172 0.042609736 0.561262667 18.001419067
0.522405446 -0.007058631 0.852667987 10.806833267 0.044634882 0.998821199 -0.019077992 -0.677938700 -0.851528168 0.048025183 0.522104681 18.553230286
0.483560681 -0.005914420 0.875290930 11.675783157 0.046148267 0.998758674 -0.018746238 -0.700863242 -0.874093533 0.049458101 0.483233333 19.030347824
0.444954455 -0.007819494 0.895519078 12.610424042 0.051438730 0.998534203 -0.016839242 -0.733102024 -0.894074678 0.053557057 0.444704473 19.489385605
0.407816887 -0.008527086 0.913023949 13.525211334 0.055350527 0.998348236 -0.015399250 -0.760819018 -0.911384523 0.056816429 0.407615244 19.887142181
0.372486353 -0.005856521 0.928019226 14.510967255 0.057176575 0.998225212 -0.016649835 -0.780569851 -0.926274717 0.059262794 0.372160137 20.279544830
0.339028478 -0.006558236 0.940753341 15.495509148 0.057814773 0.998230875 -0.013876358 -0.802644670 -0.938998044 0.059093915 0.338807881 20.637359619
0.305492640 -0.007974727 0.952161074 16.501087189 0.060234714 0.998124003 -0.010966104 -0.821484327 -0.950287402 0.060703211 0.305399895 20.961147308
0.272476554 -0.007797676 0.962130845 17.517272949 0.060914040 0.998100996 -0.009161728 -0.842664003 -0.960232317 0.061103627 0.272434115 21.249349594
0.240166008 -0.005020021 0.970718920 18.535476685 0.058187839 0.998262942 -0.009233821 -0.868579686 -0.968986392 0.058701683 0.240040898 21.505456924
0.209271431 -0.003258569 0.977852166 19.589176178 0.058414444 0.998250246 -0.009174809 -0.880007088 -0.976111293 0.059040714 0.209095597 21.730222702
0.178707063 -0.002984771 0.983897805 20.662162781 0.060321249 0.998147547 -0.007928254 -0.900186062 -0.982051492 0.060766783 0.178556085 21.917619705
0.148104429 -0.003199798 0.988966644 21.746339798 0.061978031 0.998059154 -0.006052419 -0.918407917 -0.987027884 0.062190592 0.148015261 22.071996689
0.117713213 -0.003780068 0.993040442 22.848455429 0.060801644 0.998144031 -0.003407819 -0.930122912 -0.991184473 0.060779635 0.117724597 22.200420380
0.088518381 -0.004226485 0.996065617 23.970134735 0.061360992 0.998114884 -0.001217851 -0.946398616 -0.994182765 0.061227374 0.088610828 22.294818878
0.061506927 -0.003762566 0.998099685 25.102025986 0.064368404 0.997926176 -0.000204737 -0.948580623 -0.996029079 0.064258665 0.061621547 22.354227066
0.036034167 -0.003226934 0.999345362 26.272941589 0.068101190 0.997678101 0.000765969 -0.962148905 -0.997027457 0.068029001 0.036170244 22.390684128
0.013319552 -0.002644469 0.999907792 27.455879211 0.072506592 0.997366548 0.001671906 -0.964914680 -0.997278988 0.072477639 0.013476193 22.396127701
-0.006939888 -0.002754986 0.999972224 28.642711639 0.078284629 0.996925592 0.003289889 -0.965878129 -0.996906996 0.078305282 -0.006702900 22.380435944
-0.024553537 -0.003354516 0.999692917 29.865560532 0.082601279 0.996568203 0.005372802 -0.969582975 -0.996280193 0.082707837 -0.024192095 22.336839676
-0.040138841 -0.003158917 0.999189138 31.095361710 0.085771292 0.996293008 0.006595307 -0.970381141 -0.995505989 0.085966468 -0.039719105 22.274951935
-0.054652214 -0.003854829 0.998498082 32.324783325 0.088036507 0.996079564 0.008664106 -0.970392287 -0.994616926 0.088377789 -0.054098487 22.207424164
-0.067864180 -0.004897170 0.997682512 33.569576263 0.088121392 0.996050298 0.010883335 -0.967959523 -0.993795276 0.088655762 -0.067164540 22.117080688
-0.079979062 -0.004764680 0.996785283 34.823394775 0.087843701 0.996064246 0.011809538 -0.967796326 -0.992918491 0.088505812 -0.079245806 22.011295319
-0.091356635 -0.002132082 0.995816112 36.079158783 0.087859340 0.996080756 0.010192888 -0.967166007 -0.991935015 0.088422924 -0.090811253 21.901241302
-0.101535201 0.001356108 0.994831085 37.358467102 0.088507883 0.996045887 0.007675590 -0.961851597 -0.990886986 0.088829733 -0.101253748 21.773139954
-0.110810518 0.004099968 0.993833244 38.654918671 0.089793585 0.995942891 0.005903136 -0.953692198 -0.989776969 0.089893967 -0.110729098 21.622810364
-0.118550181 0.005078611 0.992935061 39.986770630 0.089376725 0.995982289 0.005576827 -0.949953973 -0.988917410 0.089406423 -0.118527889 21.472972870
-0.124262094 0.005645532 0.992233336 41.337810516 0.089069828 0.996010244 0.005487621 -0.948778391 -0.988243639 0.089059964 -0.124269247 21.302173615
-0.129735947 0.007301841 0.991521716 42.696067810 0.090233490 0.995910585 0.004472466 -0.944932640 -0.987434328 0.090048701 -0.129864216 21.139808655
-0.134437203 0.008993923 0.990881443 44.070827484 0.089149356 0.996013582 0.003054760 -0.940245211 -0.986903906 0.088747106 -0.134703040 20.965919495
-0.138845086 0.009687869 0.990266800 45.470073700 0.089799836 0.995955765 0.002847284 -0.944951355 -0.986234367 0.089321122 -0.139153481 20.776905060
-0.141577959 0.008660121 0.989889205 46.914119720 0.089612156 0.995968282 0.004103398 -0.943779349 -0.985862732 0.089287058 -0.141783237 20.565261841
-0.143889308 0.006839641 0.989570260 48.338302612 0.090420976 0.995883942 0.006264459 -0.937131226 -0.985454261 0.090379290 -0.143915534 20.357528687
-0.145935535 0.005533493 0.989278793 49.834152222 0.090275906 0.995886683 0.007746777 -0.934921265 -0.985166669 0.090438552 -0.145834804 20.124847412
-0.148485422 0.006256679 0.988894880 51.269123077 0.093240060 0.995613873 0.007701064 -0.932427287 -0.984509289 0.093348108 -0.148417473 19.926971436
-0.149144411 0.006223861 0.988795817 52.791114807 0.092711687 0.995663106 0.007717030 -0.918556213 -0.984459460 0.092823878 -0.149074674 19.670005798
-0.149553418 0.007708138 0.988723755 54.266399384 0.094544508 0.995499134 0.006539731 -0.908424020 -0.984223247 0.094456427 -0.149608970 19.441322327
-0.150094032 0.007902461 0.988640130 55.845642090 0.094857782 0.995469987 0.006444130 -0.908429503 -0.984110653 0.094747439 -0.150163770 19.210620880
-0.149733424 0.009331143 0.988682389 57.361907959 0.094607212 0.995502472 0.004932511 -0.903732300 -0.984189749 0.094275050 -0.149942756 18.987010956
-0.148234487 0.009268841 0.988908827 58.951377869 0.094668791 0.995496988 0.004859980 -0.895531893 -0.984410703 0.094339214 -0.148444533 18.729328156
-0.146591187 0.008300609 0.989162385 60.500251770 0.094015881 0.995555043 0.005578646 -0.892169476 -0.984719336 0.093814753 -0.146720052 18.502182007
-0.145730853 0.008801891 0.989285171 62.119968414 0.094728082 0.995490134 0.005097223 -0.894811273 -0.984778762 0.094455905 -0.145907402 18.265449524
-0.144835114 0.009522826 0.989409983 63.731758118 0.094526984 0.995513201 0.004255795 -0.885951638 -0.984930217 0.094142333 -0.145085454 18.030067444
-0.143643498 0.009940200 0.989579618 65.368499756 0.095907778 0.995382488 0.003923096 -0.891132474 -0.984971225 0.095471904 -0.143933535 17.775054932
-0.143177032 0.009870873 0.989647865 67.037422180 0.095121481 0.995458305 0.003832842 -0.885550976 -0.985115349 0.094685547 -0.143465638 17.551925659
-0.142144084 0.008433795 0.989810228 68.702880859 0.096854098 0.995283782 0.005428512 -0.876420259 -0.985096335 0.096638791 -0.142290592 17.303009033
-0.141902685 0.006395264 0.989859939 70.390274048 0.098858170 0.995071411 0.007743008 -0.882169247 -0.984931827 0.098954499 -0.141835451 17.064414978
-0.141066551 0.007589469 0.989970982 72.086067200 0.100261115 0.994938850 0.006659225 -0.874518633 -0.984910071 0.100194991 -0.141113520 16.818618774
-0.140048146 0.009302516 0.990101039 73.767807007 0.102919497 0.994676054 0.005212287 -0.882073402 -0.984781325 0.102630667 -0.140259981 16.562316895
-0.139097571 0.008833001 0.990239382 75.472686768 0.101821326 0.994787872 0.005429114 -0.882604599 -0.985030174 0.101582654 -0.139271975 16.322288513
-0.139164805 0.008563936 0.990232229 77.225021362 0.102580287 0.994707763 0.005813730 -0.890150547 -0.984941900 0.102387369 -0.139306784 16.063896179
-0.138841629 0.007504575 0.990286171 78.958755493 0.102788761 0.994679451 0.006873480 -0.891822338 -0.984965742 0.102744609 -0.138874292 15.820701599
-0.138828635 0.007659497 0.990286887 80.715972900 0.104113907 0.994541407 0.006903349 -0.887432337 -0.984828472 0.104061007 -0.138868213 15.573417664
-0.138739467 0.007278730 0.990302145 82.480697632 0.104974516 0.994447410 0.007397531 -0.883844614 -0.984749556 0.104982823 -0.138733149 15.324287415
-0.138865829 0.008498940 0.990274727 84.250701904 0.105413333 0.994408846 0.006247643 -0.876207352 -0.984684885 0.105255745 -0.138985276 15.075462341
-0.139416218 0.009464597 0.990188658 86.052139282 0.105119534 0.994445503 0.005295300 -0.869708061 -0.984638512 0.104826421 -0.139636755 14.818824768
-0.140453696 0.010118790 0.990035594 87.840560913 0.104158111 0.994550049 0.004611695 -0.871740818 -0.984593272 0.103767961 -0.140742183 14.569656372
-0.141978502 0.010751918 0.989811361 89.642486572 0.103375621 0.994634271 0.004023885 -0.870028973 -0.984457016 0.102893665 -0.142328143 14.322273254
-0.142828465 0.009777587 0.989699185 91.467277527 0.102474287 0.994723260 0.004961355 -0.876451969 -0.984428287 0.102127336 -0.143076777 14.059120178
-0.143863440 0.009424304 0.989552677 93.303176880 0.102436602 0.994724751 0.005418910 -0.877568245 -0.984281480 0.102146000 -0.144069910 13.795692444
-0.144473314 0.008418997 0.989472866 95.146499634 0.099912651 0.994977355 0.006122448 -0.874518633 -0.984451592 0.099745393 -0.144588828 13.534454346
-0.146158934 0.009338089 0.989217043 96.998466492 0.099859655 0.994987071 0.005361914 -0.873708725 -0.984208107 0.099566564 -0.146358728 13.269538879
-0.148518205 0.010166083 0.988857448 98.903167725 0.098879270 0.995088696 0.004620700 -0.869780302 -0.983953893 0.098463759 -0.148793936 12.975379944
-0.152856946 0.011172271 0.988185227 100.800415039 0.099470235 0.995031953 0.004136817 -0.870634079 -0.983229637 0.098927356 -0.153208852 12.691246033
-0.157496214 0.010004577 0.987468958 102.690490723 0.097392917 0.995231092 0.005450445 -0.875143766 -0.982705235 0.097030908 -0.157719493 12.403015137
-0.162413836 0.009302151 0.986678898 104.608245850 0.095990866 0.995361507 0.006416713 -0.879156590 -0.982042551 0.095754325 -0.162553430 12.097015381
-0.166829228 0.009909675 0.985936046 106.524940491 0.094678581 0.995489717 0.006014762 -0.882344246 -0.981429577 0.094350457 -0.167015076 11.773139954
-0.171330333 0.011793450 0.985143244 108.444564819 0.095120750 0.995454967 0.004625931 -0.880773544 -0.980611205 0.094500110 -0.171673417 11.439941406
-0.176036477 0.013273804 0.984294176 110.374427795 0.094942093 0.995476425 0.003555357 -0.892432451 -0.979794443 0.094076820 -0.176500440 11.102485657
-0.180606365 0.013311030 0.983465374 112.298187256 0.093439318 0.995618165 0.003683950 -0.899205923 -0.979106963 0.092559680 -0.181058764 10.760848999
-0.185834646 0.013158112 0.982492983 114.258819580 0.092101015 0.995741308 0.004084995 -0.906191111 -0.978255093 0.091247730 -0.186255097 10.400787354
-0.190430164 0.012607629 0.981619835 116.210266113 0.090777308 0.995859563 0.004819901 -0.916138411 -0.977494717 0.090026654 -0.190786242 10.023986816
-0.196791053 0.012076455 0.980371058 118.156936646 0.089408681 0.995978832 0.005678404 -0.912103653 -0.976360261 0.088771142 -0.197079539 9.653442383
-0.202296138 0.012105462 0.979249597 120.122207642 0.090108745 0.995911956 0.006303476 -0.911999464 -0.975170076 0.089514121 -0.202559948 9.260238647
-0.207669377 0.013447749 0.978106797 122.086807251 0.090345263 0.995895386 0.005489563 -0.916324139 -0.974018216 0.089507312 -0.208032012 8.842163086
-0.213210940 0.014729681 0.976895332 124.051742554 0.090254031 0.995907784 0.004681895 -0.915724993 -0.972828686 0.089166962 -0.213667750 8.424407959
-0.219613552 0.014530673 0.975478768 126.022140503 0.090385683 0.995891571 0.005514160 -0.909134865 -0.971390963 0.089380294 -0.220024586 8.003692627
-0.225118876 0.014321551 0.974226236 128.003280640 0.089131817 0.996002018 0.005954412 -0.911478281 -0.970246017 0.088174991 -0.225495338 7.553558350
-0.230344892 0.015024236 0.972993135 129.980987549 0.088467978 0.996063471 0.005563301 -0.912563801 -0.969079316 0.087360203 -0.230767369 7.095169067
-0.235652804 0.015608999 0.971711993 131.973907471 0.087633029 0.996138990 0.005250776 -0.916861057 -0.967878222 0.086391419 -0.236110806 6.625259399
-0.239894271 0.014930958 0.970684230 133.979614258 0.089056499 0.996004105 0.006688938 -0.916954994 -0.966705620 0.088050373 -0.240265369 6.124954224
-0.243656039 0.014866075 0.969747782 135.991668701 0.091312997 0.995792627 0.007677699 -0.912015438 -0.965553582 0.090421297 -0.243988395 5.616485596
-0.247045398 0.015768852 0.968875766 137.998336792 0.092616148 0.995674312 0.007410377 -0.908484936 -0.964567840 0.091564231 -0.247437239 5.104141235
-0.250010610 0.016364207 0.968104839 139.991195679 0.093199283 0.995621145 0.007239152 -0.911837578 -0.963747203 0.092036545 -0.250440955 4.587280273
-0.253289938 0.016136497 0.967255831 142.008773804 0.092324056 0.995700300 0.007565358 -0.914878845 -0.962974787 0.091217212 -0.253690600 4.063964844
-0.257367015 0.016635664 0.966170609 144.039031982 0.091084659 0.995817721 0.007116848 -0.917156219 -0.962011456 0.089834958 -0.257805943 3.528945923
-0.261695623 0.017438805 0.964992940 146.062927246 0.089945756 0.995926142 0.006394496 -0.917733669 -0.960950196 0.088470429 -0.262197971 2.983001709
-0.266084194 0.016943241 0.963800907 148.091094971 0.089081235 0.995999157 0.007084088 -0.921708107 -0.959824860 0.087741539 -0.266528964 2.434295654
-0.270441651 0.017355211 0.962580144 150.119842529 0.089492120 0.995961607 0.007186161 -0.923491478 -0.958568156 0.088086762 -0.270902634 1.870162964
-0.274997354 0.017704345 0.961282134 152.182632446 0.088828698 0.996021867 0.007067360 -0.923263550 -0.957332850 0.087332934 -0.275475979 1.293533325
-0.279489160 0.017712692 0.959985435 154.227340698 0.088344932 0.996062875 0.007342298 -0.923979759 -0.956075847 0.086861938 -0.279953599 0.705200195
-0.283596873 0.017155536 0.958790064 156.273681641 0.088241771 0.996064663 0.008278214 -0.924493313 -0.954874933 0.086953014 -0.283994675 0.105667114
-0.287879825 0.017262977 0.957510889 158.323913574 0.088982522 0.995994329 0.008796188 -0.924250126 -0.953523576 0.087733991 -0.288262725 -0.500473022
-0.291746974 0.017795296 0.956330001 160.375625610 0.089713462 0.995928407 0.008836682 -0.927514076 -0.952278972 0.088373750 -0.292155504 -1.122741699
-0.295355558 0.019113323 0.955196261 162.435333252 0.090110533 0.995900154 0.007935209 -0.922158241 -0.951128423 0.088416949 -0.295866966 -1.752136230
-0.299057841 0.020586338 0.954013050 164.507934570 0.090112656 0.995908678 0.006757531 -0.926748276 -0.949970782 0.087989539 -0.299689412 -2.388854980
-0.302631736 0.021852588 0.952857077 166.578857422 0.090816408 0.995849550 0.006005128 -0.926046371 -0.948771060 0.088352397 -0.303360224 -3.026992798
-0.305973530 0.022347219 0.951777697 168.666290283 0.090263374 0.995902002 0.005634264 -0.931833267 -0.947751403 0.087634601 -0.306736827 -3.691574097
-0.309551477 0.022275109 0.950621784 170.751800537 0.090429738 0.995884061 0.006110975 -0.938589096 -0.946573019 0.087856136 -0.310291648 -4.359771729
-0.313260555 0.022537727 0.949399769 172.828948975 0.090326950 0.995893121 0.006162527 -0.939292908 -0.945361793 0.087686867 -0.314009786 -5.039184570
-0.317248225 0.023409134 0.948053718 174.929733276 0.092464872 0.995695651 0.006356107 -0.939860821 -0.943824172 0.089678124 -0.318047166 -5.729812622
-0.320406318 0.023722593 0.946983278 177.041458130 0.094706029 0.995479941 0.007105748 -0.943362713 -0.942534328 0.091961749 -0.321204662 -6.434997559
-0.322772026 0.023209294 0.946192145 179.122940063 0.095527962 0.995393217 0.008171044 -0.945984840 -0.941643596 0.093025193 -0.323502183 -7.143829346
-0.325856924 0.022715678 0.945146143 181.244354248 0.095255993 0.995412886 0.008917508 -0.947579861 -0.940608084 0.092936665 -0.326525927 -7.861907959
-0.328510880 0.023523135 0.944207191 183.345275879 0.094541363 0.995488048 0.008092354 -0.943431377 -0.939756632 0.091925070 -0.329252481 -8.581253052
-0.331107974 0.025417957 0.943250477 185.459625244 0.093911640 0.995561600 0.006138083 -0.945477009 -0.938907921 0.090614565 -0.332025409 -9.320510864
-0.334575415 0.027123155 0.941978574 187.593994141 0.093282625 0.995629668 0.004464498 -0.947439194 -0.937740743 0.089363940 -0.335643411 -10.064239502
-0.337677121 0.027990298 0.940845788 189.708099365 0.092394277 0.995716214 0.003538342 -0.957234383 -0.936716378 0.088123582 -0.338816643 -10.810272217
-0.340922356 0.028970461 0.939644992 191.836883545 0.091103077 0.995838702 0.002351067 -0.969531059 -0.935666740 0.086406082 -0.342142940 -11.563720703
-0.344166994 0.029408688 0.938447714 193.971496582 0.091732092 0.995780766 0.002436530 -0.971625805 -0.934416533 0.086924344 -0.345412612 -12.347030640
-0.347942591 0.028537393 0.937081456 196.127944946 0.091509797 0.995797455 0.003652497 -0.984937668 -0.933039129 0.087022990 -0.349091768 -13.133483887
-0.351387143 0.027861549 0.935815632 198.256652832 0.091281146 0.995814383 0.004627074 -0.994046211 -0.931769788 0.087048218 -0.352459669 -13.919464111
-0.355020642 0.027715601 0.934447587 200.414291382 0.091141939 0.995824873 0.005091110 -1.000452995 -0.930405080 0.086974815 -0.356064439 -14.739974976
-0.358816266 0.027863361 0.932992458 202.549652100 0.090314187 0.995900810 0.004991506 -1.008484840 -0.929028869 0.086053476 -0.359861851 -15.544555664
-0.362761259 0.028465221 0.931447387 204.705993652 0.089498229 0.995977163 0.004418680 -1.018664837 -0.927574575 0.084965810 -0.363849521 -16.365066528
-0.366051793 0.029236153 0.930135131 206.879241943 0.089409627 0.995987356 0.003880849 -1.023884296 -0.926289439 0.084583625 -0.367196918 -17.212692261
-0.368723750 0.029961808 0.929055989 209.011077881 0.090495862 0.995889604 0.003798826 -1.036913395 -0.925123394 0.085476443 -0.369919538 -18.053588867
-0.371577501 0.029707031 0.927926719 211.158416748 0.091377646 0.995805144 0.004710982 -1.046128750 -0.923894286 0.086542241 -0.372733355 -18.905731201
-0.374156952 0.029299561 0.926902413 213.302490234 0.092683963 0.995677888 0.005939600 -1.056752205 -0.922722161 0.088131331 -0.375255466 -19.766296387
-0.376594901 0.030185847 0.925886273 215.440368652 0.094180845 0.995537937 0.005850456 -1.061796188 -0.921578348 0.089403994 -0.377757430 -20.640991211
-0.379529119 0.031006431 0.924660087 217.611755371 0.093811162 0.995576859 0.005120564 -1.068478107 -0.920411408 0.088686846 -0.380759120 -21.519744873
-0.381979227 0.031288482 0.923641205 219.783569336 0.093333989 0.995622933 0.004872138 -1.076947212 -0.919445932 0.088068172 -0.383227587 -22.416503906
-0.385366797 0.032290697 0.922198236 221.974395752 0.092780620 0.995678902 0.003907416 -1.092133522 -0.918087184 0.087067917 -0.386697650 -23.320953369
-0.388417840 0.033612352 0.920870125 224.149230957 0.092704222 0.995689869 0.002758797 -1.100792408 -0.916808367 0.086440116 -0.389859796 -24.227569580
-0.390994668 0.033718992 0.919775069 226.306274414 0.090354718 0.995907843 0.001899603 -1.115139484 -0.915947139 0.083848760 -0.392441273 -25.135070801
-0.394341111 0.034564149 0.918314159 228.459228516 0.091001965 0.995849431 0.001595427 -1.131345272 -0.914447486 0.084197514 -0.395849824 -26.042999268
-0.396723390 0.034288973 0.917297542 230.614349365 0.092617333 0.995697737 0.002836608 -1.150427341 -0.913253784 0.086083002 -0.398192286 -26.975555420
-0.400206566 0.033311017 0.915819347 232.778976440 0.092782654 0.995676994 0.004329696 -1.165521145 -0.911715984 0.086704917 -0.401567221 -27.894256592
-0.403501630 0.032538220 0.914400339 234.894104004 0.091528505 0.995790124 0.004954773 -1.181407452 -0.910389662 0.085692950 -0.404781103 -28.814147949
-0.406382203 0.032937776 0.913109601 237.042175293 0.090216510 0.995913208 0.004226429 -1.192184925 -0.909238696 0.084095091 -0.407692909 -29.757843018
-0.410349369 0.032086432 0.911363721 239.186264038 0.088400528 0.996073782 0.004734285 -1.203892708 -0.907633543 0.082507744 -0.411574721 -30.707214355
-0.414127111 0.031575922 0.909671187 241.337677002 0.087557554 0.996145427 0.005282952 -1.213684559 -0.905997992 0.081836395 -0.415295601 -31.673858643
-0.417869091 0.031943075 0.907945573 243.492889404 0.087109745 0.996185958 0.005043494 -1.225957870 -0.904321551 0.081198424 -0.419057846 -32.653808594
-0.421986222 0.031439789 0.906057060 245.634536743 0.086332500 0.996250451 0.005638954 -1.237755775 -0.902482390 0.080601722 -0.423118234 -33.636199951
-0.426203728 0.030977050 0.904096961 247.793212891 0.085450992 0.996323407 0.006145739 -1.249224663 -0.900582612 0.079875305 -0.427283764 -34.636413574
-0.430350304 0.030840913 0.902134955 249.919433594 0.084234752 0.996427178 0.006118517 -1.256663322 -0.898723066 0.078624219 -0.431410670 -35.632476807
-0.434242845 0.031665217 0.900239289 252.034027100 0.084654756 0.996393561 0.005787008 -1.269281864 -0.896809399 0.078722499 -0.435357332 -36.639282227
-0.437857747 0.032179989 0.898468137 254.131164551 0.084957510 0.996368170 0.005716600 -1.285322666 -0.895021081 0.078834675 -0.439001441 -37.647064209
-0.441921473 0.031976663 0.896483839 256.239318848 0.084594809 0.996396363 0.006160538 -1.294770241 -0.893056273 0.078560345 -0.443034053 -38.661346436
-0.445596933 0.032349978 0.894648969 258.335937500 0.083543673 0.996488512 0.005578088 -1.304997444 -0.891326964 0.077227846 -0.446734905 -39.691772461
-0.449491858 0.032658301 0.892687440 260.447540283 0.083841085 0.996462464 0.005761367 -1.309986115 -0.889341354 0.077433556 -0.450639963 -40.744079590
-0.452826738 0.033153977 0.890982091 262.526855469 0.084016442 0.996448517 0.005621488 -1.308691978 -0.887631416 0.077402703 -0.454004049 -41.812622070
-0.456376195 0.034405574 0.889121413 264.645507812 0.085352294 0.996336997 0.005255988 -1.316822052 -0.885683715 0.078287266 -0.457641006 -42.895446777
-0.459678769 0.036507603 0.887334466 266.741882324 0.087606758 0.996145427 0.004399796 -1.328830719 -0.883753538 0.079758987 -0.461105227 -43.983032227
-0.462669492 0.037019566 0.885757804 268.857666016 0.088520855 0.996063650 0.004608530 -1.340470314 -0.882100582 0.080540255 -0.464125276 -45.075683594
-0.465429068 0.039427452 0.884206474 270.966918945 0.090727203 0.995870173 0.003350417 -1.346833706 -0.880422771 0.081780970 -0.467084050 -46.181884766
-0.468225479 0.042013589 0.882609665 273.085144043 0.092524849 0.995708942 0.001687250 -1.358615875 -0.878751397 0.082453340 -0.470103502 -47.292785645
-0.471168876 0.042341053 0.881026208 275.202758789 0.093285307 0.995637357 0.002039434 -1.372138977 -0.877096236 0.083147720 -0.473063111 -48.419006348
-0.474472284 0.043432999 0.879198194 277.346801758 0.093649417 0.995604336 0.001355762 -1.382688046 -0.875274599 0.082979672 -0.476454139 -49.558776855
-0.478147268 0.043282934 0.877212584 279.490661621 0.092364170 0.995724559 0.001214970 -1.385938168 -0.873409510 0.081603937 -0.480100751 -50.705474854
-0.481634855 0.044661026 0.875233352 281.618103027 0.093437999 0.995624900 0.000613961 -1.397181988 -0.871376693 0.082075760 -0.483700633 -51.864227295
-0.485014439 0.044804659 0.873357654 283.763061523 0.092488967 0.995713651 0.000281516 -1.409335613 -0.869601548 0.080912486 -0.487079382 -53.042633057
-0.488088369 0.044616252 0.871653199 285.927185059 0.090765193 0.995872319 -0.000149902 -1.420397758 -0.868061960 0.079042606 -0.490123272 -54.241149902
-0.490806580 0.045017410 0.870104730 288.068786621 0.092185602 0.995741725 0.000482228 -1.438865662 -0.866377890 0.080447808 -0.492866635 -55.428863525
-0.493203044 0.044779535 0.868761122 290.224365234 0.093657754 0.995602727 0.001852814 -1.457775116 -0.864857972 0.082280010 -0.495228291 -56.637573242
-0.495539188 0.045073949 0.867415309 292.374298096 0.094804384 0.995492935 0.002430768 -1.469154358 -0.863396287 0.083439313 -0.497578979 -57.861267090
-0.497433543 0.044504523 0.866359770 294.516723633 0.094421864 0.995527506 0.003073928 -1.480268955 -0.862348199 0.083332375 -0.499410987 -59.078918457
-0.499724030 0.043987039 0.865067184 296.670196533 0.093922138 0.995572925 0.003633050 -1.478210926 -0.861077666 0.083064474 -0.501643062 -60.312377930
-0.502515912 0.044474050 0.863423288 298.839660645 0.095643327 0.995405972 0.004392469 -1.480581284 -0.859261394 0.084787965 -0.504461050 -61.559478760
-0.504859090 0.044246994 0.862066984 301.016265869 0.095652543 0.995402575 0.004927090 -1.479020119 -0.857885718 0.084946387 -0.506770372 -62.825347900
-0.506996393 0.044742420 0.860786140 303.181976318 0.094795883 0.995488346 0.004089997 -1.486673355 -0.856719553 0.083672598 -0.508950353 -64.085021973
-0.509700894 0.047300190 0.859050632 305.367431641 0.094371587 0.995536327 0.001178293 -1.487050533 -0.855160356 0.081670538 -0.511889577 -65.372650146
-0.513181329 0.046322569 0.857029498 307.549896240 0.092555135 0.995706260 0.001603063 -1.501867294 -0.853275418 0.080145128 -0.515265226 -66.663879395
-0.517934084 0.044304784 0.854272425 309.749694824 0.090232432 0.995916069 0.003055937 -1.512985706 -0.850648224 0.078665860 -0.519816518 -67.975891113
-0.523012519 0.041881151 0.851295650 311.954803467 0.088051401 0.996102929 0.005091102 -1.524130821 -0.847764850 0.077620476 -0.524662018 -69.301300049
-0.527458310 0.040371887 0.848621130 314.131591797 0.086452119 0.996235847 0.006339666 -1.517370224 -0.845170856 0.076709010 -0.528963208 -70.651306152
-0.531968474 0.040815782 0.845780015 316.348754883 0.087375760 0.996151626 0.006884098 -1.521052361 -0.842244148 0.077562794 -0.533487558 -72.031097412
-0.535363674 0.042645216 0.843544424 318.534118652 0.090146020 0.995904922 0.006864279 -1.516712189 -0.839797258 0.079717048 -0.537015676 -73.434539795
-0.538944364 0.043452729 0.841219842 320.744934082 0.090992108 0.995828032 0.006856984 -1.514908791 -0.837412357 0.080239899 -0.540649772 -74.846954346
-0.542730808 0.043758202 0.838766038 322.961303711 0.092109017 0.995719492 0.007653513 -1.516037464 -0.834840834 0.081411719 -0.544438243 -76.258514404
-0.546673536 0.042224158 0.836280525 325.168975830 0.092194460 0.995690882 0.009994325 -1.514261246 -0.832254887 0.082564071 -0.548210621 -77.686462402
-0.550744057 0.040416908 0.833695114 327.392395020 0.090714104 0.995808840 0.011650224 -1.516304493 -0.829730093 0.082044192 -0.552102089 -79.133483887
-0.555068135 0.040123127 0.830836594 329.599487305 0.089583270 0.995909989 0.011754178 -1.507676125 -0.826966822 0.080953427 -0.556392312 -80.572174072
-0.559185624 0.040036533 0.828075111 331.808715820 0.089777358 0.995883703 0.012475299 -1.501204491 -0.824167073 0.081318408 -0.560478330 -82.048736572
-0.562850952 0.040243417 0.825578332 334.001525879 0.090659603 0.995793581 0.013267906 -1.487346649 -0.821571648 0.082314447 -0.564131737 -83.532135010
-0.567160964 0.039709378 0.822649181 336.210510254 0.090561315 0.995787203 0.014369124 -1.465939045 -0.818612933 0.082649797 -0.568367720 -85.036682129
-0.570705652 0.038697552 0.820242405 338.419250488 0.089242153 0.995895386 0.015108069 -1.454590797 -0.816290975 0.081822455 -0.571816564 -86.550567627
-0.574183583 0.037748653 0.817856014 340.613739014 0.088846751 0.995910168 0.016408838 -1.436536789 -0.813891709 0.082085535 -0.575189114 -88.076629639
-0.576978564 0.036960930 0.815922558 342.790893555 0.089233175 0.995848298 0.017989643 -1.422245026 -0.811870158 0.083186992 -0.577881336 -89.599639893
-0.579728842 0.036267623 0.814002037 344.977783203 0.086819127 0.996071219 0.017452549 -1.398813248 -0.810171008 0.080788687 -0.580599904 -91.144439697
-0.582899570 0.035506837 0.811768055 347.156860352 0.083153389 0.996406257 0.016126323 -1.377441406 -0.808278143 0.076901287 -0.583757281 -92.682464600
-0.586902380 0.035032973 0.808899581 349.311492920 0.079785332 0.996703327 0.014722107 -1.353659153 -0.805717170 0.073178753 -0.587762713 -94.178649902
-0.589381337 0.031884424 0.807225525 351.479461670 0.077166900 0.996873796 0.016966745 -1.346199036 -0.804161012 0.072290972 -0.589999318 -95.750976562
-0.592769742 0.031078080 0.804772079 353.646301270 0.077663898 0.996803999 0.018710958 -1.324928284 -0.801618576 0.073593028 -0.593288898 -97.321502686
-0.595451951 0.031389367 0.802777469 355.788909912 0.077238530 0.996844411 0.018313318 -1.304739952 -0.799669445 0.072910056 -0.595997453 -98.904327393
-0.598706484 0.030549435 0.800385833 357.936218262 0.075522229 0.996973634 0.018439434 -1.280858994 -0.797400296 0.071486726 -0.599201798 -100.470520020
-0.602136493 0.026534136 0.797952116 360.102813721 0.072558351 0.997130334 0.021595331 -1.254292488 -0.795089245 0.070901424 -0.602333903 -102.064025879
-0.605636835 0.024186751 0.795373440 362.178771973 0.070634075 0.997226417 0.023459338 -1.232268333 -0.792599976 0.070388310 -0.605665445 -103.606170654
-0.608980656 0.023143994 0.792847455 364.341674805 0.068622790 0.997363627 0.023594664 -1.190675735 -0.790211141 0.068776093 -0.608963370 -105.214691162
-0.611647725 0.023584418 0.790778697 366.468658447 0.068748906 0.997358799 0.023430049 -1.157535553 -0.788137496 0.068696104 -0.611653686 -106.853851318
-0.614615560 0.022790954 0.788497508 368.604003906 0.068103641 0.997383356 0.024256567 -1.123819351 -0.785881400 0.068608016 -0.614559531 -108.475067139
-0.617162943 0.022057291 0.786526203 370.698120117 0.068104498 0.997353017 0.025469802 -1.101606369 -0.783882499 0.069284990 -0.617031574 -110.095123291
-0.619984984 0.020581512 0.784344018 372.815460205 0.064853318 0.997579455 0.025086414 -1.067418098 -0.781929135 0.066420503 -0.619819045 -111.738159180
-0.622881293 0.016865421 0.782134533 374.937225342 0.054849830 0.998248756 0.022156097 -1.038546562 -0.780391157 0.056700565 -0.622715592 -113.389801025
-0.626277447 0.019461831 0.779357493 377.055053711 0.047457859 0.998786092 0.013194941 -1.018785477 -0.778154612 0.045250326 -0.626440883 -115.044403076
-0.629071116 0.029229620 0.776798010 379.167968750 0.057124756 0.998329163 0.008695635 -1.019355297 -0.775245965 0.049844567 -0.629689813 -116.728790283
-0.629225373 0.031229263 0.776595235 381.142761230 0.065502293 0.997768402 0.012949001 -1.014978409 -0.774457812 0.059016611 -0.629866719 -118.356262207
-0.631731272 0.022006158 0.774874926 383.261169434 0.064350285 0.997635603 0.024130303 -0.990144730 -0.772511780 0.065107293 -0.631653786 -120.052917480
-0.634810090 0.011187683 0.772587180 385.333740234 0.057889018 0.997773588 0.033116985 -0.937180519 -0.770496547 0.065747313 -0.634044409 -121.714691162
-0.638376951 0.005080157 0.769707084 387.427734375 0.051931709 0.997983992 0.036484126 -0.872800827 -0.767969966 0.063262828 -0.637353778 -123.402252197
-0.640874267 0.004928058 0.767630041 389.482055664 0.051074434 0.998037338 0.036233477 -0.810187340 -0.765944898 0.062427372 -0.639868140 -125.079284668
-0.643530726 0.010034237 0.765354812 391.545898438 0.056421068 0.997815669 0.034358393 -0.759607315 -0.763338268 0.065292805 -0.642691135 -126.780639648
-0.645747900 0.016682168 0.763368368 393.599304199 0.061199687 0.997675598 0.029967414 -0.705687523 -0.761094093 0.066069305 -0.645267844 -128.498840332
-0.648481250 0.019596588 0.760978580 395.656188965 0.062273946 0.997683585 0.027375646 -0.662352562 -0.758679330 0.065141723 -0.648199439 -130.222412109
-0.651219606 0.019618332 0.758635640 397.655029297 0.062136136 0.997687697 0.027537992 -0.623307228 -0.756341219 0.065071970 -0.650932908 -131.924682617
-0.653909802 0.018832423 0.756338298 399.672271729 0.062722839 0.997598171 0.029388808 -0.575457573 -0.753968239 0.066657305 -0.653520465 -133.647735596
-0.656314969 0.018436726 0.754261911 401.703430176 0.063373730 0.997515678 0.030761460 -0.520295143 -0.751820922 0.067989588 -0.655852914 -135.388977051
-0.658249974 0.018640557 0.752568662 403.739807129 0.063830718 0.997475266 0.031124169 -0.469475746 -0.750088453 0.068524480 -0.657778025 -137.142272949
-0.659524322 0.018866042 0.751446664 405.713806152 0.064376004 0.997429729 0.031459287 -0.426665306 -0.748921692 0.069123290 -0.659043670 -138.868774414
-0.660806537 0.019665049 0.750298917 407.741455078 0.065285712 0.997373760 0.031357910 -0.373014450 -0.747711837 0.069705300 -0.660354972 -140.640563965
-0.661952615 0.018586665 0.749315262 409.715606689 0.065759510 0.997277856 0.033355258 -0.318987846 -0.746655524 0.071354203 -0.661372900 -142.370788574
-0.663216114 0.017931148 0.748213232 411.735534668 0.067672312 0.997054636 0.036090020 -0.261589050 -0.745362341 0.074568793 -0.662476182 -144.137268066
-0.664286494 0.017889466 0.747263908 413.668701172 0.069390193 0.996872425 0.037819918 -0.185331345 -0.744250178 0.076976053 -0.663450241 -145.849975586
-0.665604115 0.018160453 0.746084034 415.669219971 0.068137489 0.997007310 0.036519323 -0.117672920 -0.743188083 0.075143702 -0.664849520 -147.612487793
-0.667246222 0.018282782 0.744612813 417.606872559 0.063966535 0.997411847 0.032830443 -0.053694725 -0.742085397 0.069536291 -0.666688800 -149.329223633
-0.669083476 0.017637409 0.742978096 419.594299316 0.060834736 0.997663200 0.031100942 0.006379128 -0.740693331 0.066007994 -0.668592930 -151.075439453
-0.669618845 0.016667880 0.742518127 421.527526855 0.060578711 0.997642756 0.032236312 0.045156479 -0.740230560 0.066566825 -0.669050097 -152.827392578
-0.670634389 0.015316620 0.741630018 423.514282227 0.058231249 0.997788548 0.032049853 0.101437569 -0.739499032 0.064679772 -0.670043230 -154.602905273
-0.671871185 0.014265766 0.740530670 425.507019043 0.055563379 0.997967958 0.031186622 0.151023865 -0.738581002 0.062099773 -0.671298504 -156.383850098
-0.672422528 0.013797708 0.740039170 427.485168457 0.054721326 0.998016775 0.031113897 0.207337379 -0.738142192 0.061417598 -0.671844006 -158.168029785
-0.673288703 0.012418138 0.739275575 429.450317383 0.055466287 0.997889876 0.033753160 0.261781693 -0.737296462 0.063730486 -0.672556877 -159.943603516
-0.673107147 0.011645383 0.739453554 431.419677734 0.058268487 0.997602761 0.037329540 0.325986862 -0.737246156 0.068213604 -0.672172070 -161.730102539
-0.672456622 0.010755794 0.740058601 433.371643066 0.062979199 0.997099459 0.042734690 0.394371033 -0.737452388 0.075345509 -0.671183586 -163.489501953
-0.671164989 0.009573142 0.741246402 435.335357666 0.066199444 0.996695638 0.047068328 0.479782104 -0.738346457 0.080660701 -0.669581056 -165.260559082
-0.669523358 0.007234705 0.742755830 437.294067383 0.060578782 0.997153342 0.044893350 0.571353912 -0.740316689 0.075052388 -0.668055773 -167.007507324
-0.668896556 0.005990308 0.743331313 439.280212402 0.052679192 0.997835398 0.039362788 0.652166367 -0.741486490 0.065487728 -0.667764306 -168.773376465
-0.667413116 0.004069764 0.744676590 441.265869141 0.048240177 0.998121023 0.037780173 0.719793320 -0.743123591 0.061138310 -0.666355371 -170.524597168
-0.664935350 0.003991030 0.746890247 443.221496582 0.046746649 0.998247623 0.036283057 0.786081314 -0.745436549 0.059040505 -0.663956642 -172.252563477
-0.662187099 0.004450563 0.749325395 445.205017090 0.048545454 0.998136461 0.036971789 0.850162506 -0.747764468 0.060858581 -0.661169171 -173.997558594
-0.659755468 0.004545132 0.751466691 447.185760498 0.049196914 0.998097718 0.037155930 0.921785355 -0.749868333 0.061483670 -0.658724070 -175.718078613
-0.657181025 0.005262077 0.753714383 449.178649902 0.047027946 0.998313546 0.034035005 0.983252525 -0.752264202 0.057812802 -0.656320214 -177.452758789
-0.656166315 0.000406717 0.754616201 451.169433594 0.040044274 0.998609662 0.034281731 1.041880608 -0.753553092 0.052712575 -0.655270219 -179.153991699
-0.655015230 -0.006146488 0.755590677 453.178955078 0.031536814 0.998873234 0.035464514 1.102737427 -0.754957259 0.047058720 -0.654083252 -180.867248535
-0.654835463 -0.009590054 0.755710661 455.190307617 0.024397928 0.999130070 0.033820268 1.154747009 -0.755377591 0.040584486 -0.654031873 -182.560058594
-0.654056430 -0.010108904 0.756378233 457.201293945 0.022678817 0.999199152 0.032965038 1.211952209 -0.756105721 0.038714755 -0.653303385 -184.265014648
-0.652913570 -0.010201983 0.757363677 459.229400635 0.024433764 0.999105215 0.034522373 1.274608612 -0.757038176 0.041045371 -0.652080059 -186.012145996
-0.651702762 -0.010553080 0.758401096 461.231262207 0.026547972 0.998973131 0.036713593 1.343645096 -0.758009791 0.044060357 -0.650753379 -187.710815430
-0.650470376 -0.013064043 0.759419441 463.204772949 0.025176434 0.998931766 0.038748823 1.404340744 -0.759114444 0.044324428 -0.649446726 -189.380187988
-0.649671555 -0.012953950 0.760104835 465.226196289 0.023298046 0.999045908 0.036939204 1.480188370 -0.759858072 0.041707300 -0.648749828 -191.078247070
-0.648733854 -0.012407177 0.760914207 467.225616455 0.021699626 0.999158978 0.034792390 1.541566849 -0.760705888 0.039082553 -0.647919059 -192.732788086
-0.647747993 -0.011023037 0.761774957 469.247131348 0.022522591 0.999181211 0.033609629 1.599512100 -0.761521757 0.038927712 -0.646969318 -194.438415527
-0.646947145 -0.010657441 0.762460589 471.267517090 0.024438782 0.999098897 0.034701381 1.655266762 -0.762143373 0.041083563 -0.646103740 -196.115234375
