1.000000000 0.000000000 0.000000000 0.000000000 0.000000000 1.000000000 0.000000000 0.000000000 0.000000000 0.000000000 1.000000000 0.000000000
0.999996483 -0.002295334 -0.001338950 -0.007208184 0.002299157 0.999993265 0.002860565 -0.015637316 0.001332375 -0.002863634 0.999994993 1.524559259
0.999992013 -0.002889212 -0.002770759 -0.014488935 0.002899601 0.999988735 0.003753180 -0.033905137 0.002759884 -0.003761184 0.999989092 3.046725273
0.999990225 -0.001816625 -0.004032050 -0.032345545 0.001830109 0.999992728 0.003343167 -0.045567747 0.004025947 -0.003350513 0.999986291 4.562225819
0.999983311 -0.001142823 -0.005667681 -0.047264058 0.001161582 0.999993861 0.003307600 -0.062515385 0.005663866 -0.003314128 0.999978483 6.062515259
0.999974668 -0.001180182 -0.007015760 -0.060421556 0.001205314 0.999992847 0.003579170 -0.080100767 0.007011485 -0.003587536 0.999969006 7.568339348
0.999960005 -0.001331751 -0.008842822 -0.087562419 0.001367381 0.999990940 0.004024473 -0.092943870 0.008837382 -0.004036404 0.999952793 9.061488152
0.999938607 -0.003282422 -0.010584782 -0.093393020 0.003315459 0.999989688 0.003105086 -0.109733813 0.010574481 -0.003139989 0.999939144 10.571735382
0.999918878 -0.004521837 -0.011906777 -0.121748023 0.004563287 0.999983609 0.003456365 -0.125471652 0.011890952 -0.003510419 0.999923110 12.052433968
0.999907017 -0.003994913 -0.013037391 -0.143848613 0.004038375 0.999986351 0.003308970 -0.142783508 0.013023994 -0.003361312 0.999909520 13.541504860
0.999893069 -0.003615869 -0.014170685 -0.176925570 0.003662252 0.999988019 0.003248583 -0.154132605 0.014158770 -0.003300132 0.999894321 15.027061462
0.999884248 -0.002339032 -0.015033322 -0.191734418 0.002398715 0.999989331 0.003953263 -0.173092812 0.015023915 -0.003988866 0.999879181 16.489065170
0.999876618 -0.001344491 -0.015648905 -0.221471131 0.001417652 0.999988139 0.004664965 -0.187469304 0.015642447 -0.004686574 0.999866664 17.974529266
0.999864459 -0.000053411 -0.016464809 -0.245752215 0.000147181 0.999983788 0.005694004 -0.206861153 0.016464239 -0.005695656 0.999848247 19.434856415
0.999858499 -0.000318553 -0.016820028 -0.279506326 0.000411663 0.999984622 0.005532503 -0.214269236 0.016818007 -0.005538644 0.999843240 20.899673462
0.999848604 0.000890424 -0.017378615 -0.313132614 -0.000796236 0.999984980 0.005425968 -0.223163903 0.017383186 -0.005411309 0.999834239 22.358926773
0.999846578 0.001276219 -0.017471250 -0.337384582 -0.001169648 0.999980628 0.006108631 -0.237789020 0.017478708 -0.006087258 0.999828696 23.819986343
0.999846041 0.002247836 -0.017402275 -0.366869152 -0.002121975 0.999971509 0.007247512 -0.249683574 0.017418070 -0.007209469 0.999822319 25.264001846
0.999842227 0.002586960 -0.017572353 -0.395948172 -0.002478900 0.999977887 0.006168403 -0.266316772 0.017587923 -0.006123870 0.999826550 26.699460983
0.999837816 0.002990235 -0.017760986 -0.417457104 -0.002919002 0.999987602 0.004035194 -0.275992244 0.017772833 -0.003982695 0.999834120 28.133731842
0.999849796 0.001469041 -0.017268071 -0.453299046 -0.001401564 0.999991357 0.003919126 -0.291768044 0.017273678 -0.003894335 0.999843240 29.536239624
0.999850631 0.000319275 -0.017281812 -0.473007530 -0.000207529 0.999979079 0.006467476 -0.301993996 0.017283514 -0.006462923 0.999829769 30.979295731
0.999847710 -0.001496986 -0.017386485 -0.502496600 0.001632898 0.999968231 0.007805595 -0.318648785 0.017374247 -0.007832796 0.999818385 32.373001099
0.999851465 -0.002176124 -0.017097106 -0.523470521 0.002297000 0.999972463 0.007053512 -0.327956200 0.017081287 -0.007091736 0.999828935 33.799137115
0.999856055 -0.002473829 -0.016786996 -0.556099713 0.002563928 0.999982417 0.005347817 -0.342521369 0.016773472 -0.005390088 0.999844790 35.173629761
0.999868751 -0.001321121 -0.016147017 -0.582835555 0.001394601 0.999988735 0.004540254 -0.357249469 0.016140837 -0.004562176 0.999859333 36.534519196
0.999881089 -0.000868630 -0.015395103 -0.610634744 0.000924403 0.999993026 0.003616051 -0.374424219 0.015391855 -0.003629853 0.999874949 37.880477905
0.999900520 0.000054859 -0.014103127 -0.635121882 0.000012099 0.999988735 0.004747578 -0.392217517 0.014103228 -0.004747277 0.999889255 39.222030640
0.999919474 0.000466360 -0.012681077 -0.658606172 -0.000380409 0.999976933 0.006779436 -0.407691658 0.012683947 -0.006774067 0.999896586 40.536510468
0.999938548 0.000086948 -0.011083596 -0.675520599 -0.000000635 0.999969661 0.007787209 -0.419412017 0.011083937 -0.007786724 0.999908268 41.854022980
0.999962568 0.000294680 -0.008650380 -0.692702472 -0.000219785 0.999962509 0.008657642 -0.435778499 0.008652607 -0.008655417 0.999925077 43.127994537
0.999984503 0.000134417 -0.005568333 -0.698494971 -0.000090689 0.999969184 0.007852577 -0.445732981 0.005569217 -0.007851950 0.999953687 44.416419983
0.999997914 -0.000485624 -0.001985888 -0.711859584 0.000497350 0.999982417 0.005908350 -0.454276800 0.001982984 -0.005909325 0.999980569 45.670677185
0.999998987 -0.000433864 0.001356651 -0.711716592 0.000428005 0.999990582 0.004315990 -0.473397374 -0.001358511 -0.004315405 0.999989748 46.900093079
0.999985456 -0.000317679 0.005380257 -0.701642334 0.000290044 0.999986768 0.005136411 -0.489450395 -0.005381818 -0.005134776 0.999972343 48.109649658
0.999941170 0.000145212 0.010843541 -0.703649521 -0.000199285 0.999987543 0.004985737 -0.502905309 -0.010842682 -0.004987605 0.999928772 49.311885834
0.999850869 0.001934311 0.017159821 -0.694865704 -0.002000796 0.999990582 0.003858151 -0.514661252 -0.017152196 -0.003891909 0.999845326 50.505439758
0.999701142 0.002454913 0.024322582 -0.652990043 -0.002550276 0.999989152 0.003890516 -0.524568081 -0.024312768 -0.003951383 0.999696612 51.722671509
0.999457300 0.003883943 0.032710750 -0.622422993 -0.004036665 0.999981225 0.004604123 -0.532483280 -0.032692254 -0.004733666 0.999454260 52.909080505
0.999057114 0.005830311 0.043022439 -0.577408731 -0.006077566 0.999965727 0.005618548 -0.554032624 -0.042988207 -0.005874722 0.999058306 54.065937042
0.998400152 0.008126598 0.055956498 -0.526520908 -0.008451010 0.999948800 0.005563388 -0.566031992 -0.055908419 -0.006027376 0.998417735 55.218784332
0.997445345 0.010055635 0.070722878 -0.458244950 -0.010512507 0.999926209 0.006090789 -0.582124889 -0.070656411 -0.006818703 0.997477412 56.338890076
0.996172130 0.012057503 0.086577758 -0.369984746 -0.012754928 0.999890447 0.007506809 -0.593731344 -0.086477764 -0.008582367 0.996216834 57.464359283
0.994441926 0.012531082 0.104538366 -0.259511083 -0.013468941 0.999875069 0.008270285 -0.601755083 -0.104421675 -0.009632339 0.994486451 58.576862335
0.992295444 0.011820065 0.123328917 -0.129406571 -0.012827636 0.999890506 0.007378922 -0.611089647 -0.123228192 -0.008904089 0.992338419 59.666961670
0.989572942 0.011147548 0.143600628 0.020314686 -0.012187406 0.999905467 0.006363707 -0.621033609 -0.143516123 -0.008047472 0.989615262 60.743232727
0.986289203 0.008665207 0.164798543 0.191777408 -0.009822947 0.999932468 0.006211495 -0.629168272 -0.164733589 -0.007745137 0.986307681 61.826389313
0.982510328 0.003351045 0.186177999 0.396425664 -0.004963935 0.999954104 0.008197672 -0.637487531 -0.186141983 -0.008978472 0.982481837 62.858741760
0.977795959 -0.002026264 0.209549367 0.617099524 0.000021870 0.999954224 0.009567134 -0.644199371 -0.209559157 -0.009350122 0.977751255 63.900493622
0.972461820 -0.006967533 0.232958019 0.879422665 0.005006395 0.999946892 0.009008642 -0.652821124 -0.233008415 -0.007594281 0.972445071 64.929672241
0.966022730 -0.013734204 0.258092046 1.145385027 0.012222886 0.999897480 0.007459394 -0.665780425 -0.258168042 -0.004051314 0.966091514 65.908790588
0.958564758 -0.017490966 0.284337193 1.442013741 0.015822956 0.999841511 0.008162369 -0.670013011 -0.284434915 -0.003325104 0.958689570 66.880371094
0.949998260 -0.020017806 0.311612993 1.757006764 0.017512912 0.999787927 0.010834995 -0.680451334 -0.311763793 -0.004835976 0.950147331 67.843200684
0.940398932 -0.023813983 0.339238405 2.099690437 0.020480571 0.999700427 0.013403378 -0.681755781 -0.339455962 -0.005656728 0.940604925 68.799957275
0.929612517 -0.027299035 0.367525965 2.472459555 0.024119088 0.999621391 0.013243399 -0.688121319 -0.367748350 -0.003446839 0.929919004 69.716552734
0.917540431 -0.026403617 0.396765023 2.860391617 0.024743337 0.999650538 0.009303691 -0.692163348 -0.396872014 0.001280778 0.917873085 70.616722107
0.904464602 -0.027600363 0.425654769 3.278352261 0.028511228 0.999584496 0.004232299 -0.697745085 -0.425594747 0.008307975 0.904875755 71.492843628
0.890534461 -0.029499494 0.453958273 3.728969574 0.032210071 0.999479592 0.001762196 -0.705852151 -0.453774005 0.013052731 0.891021192 72.342086792
0.874935269 -0.030178785 0.483298600 4.194208622 0.031620435 0.999486566 0.005167526 -0.715042353 -0.483206421 0.010760861 0.875440300 73.179069519
0.857261121 -0.029196631 0.514053404 4.695602894 0.027544240 0.999561846 0.010837846 -0.722306073 -0.514144599 0.004868347 0.857689679 74.024139404
0.837708294 -0.029467944 0.545322359 5.217091084 0.025643880 0.999564230 0.014620731 -0.727662206 -0.545515537 0.001736272 0.838098884 74.825012207
0.816642821 -0.023176122 0.576677918 5.747310638 0.021588303 0.999720812 0.009606263 -0.729838729 -0.576739550 0.004604610 0.816915154 75.598777771
0.794696093 -0.016229557 0.606790483 6.310308933 0.018544523 0.999825001 0.002454647 -0.731524289 -0.606724143 0.009301941 0.794858038 76.343894958
0.772379220 -0.013835733 0.635011017 6.909232140 0.017680673 0.999843657 0.000279342 -0.734635711 -0.634915590 0.011011662 0.772503078 77.067749023
0.748754501 -0.016318697 0.662646532 7.512771130 0.018604212 0.999820471 0.003600383 -0.744719505 -0.662586331 0.009632212 0.748923659 77.769302368
0.724277675 -0.016933350 0.689300478 8.146736145 0.018967770 0.999809384 0.004631056 -0.759873390 -0.689247489 0.009720322 0.724460781 78.434928894
0.699042916 -0.014847074 0.714925528 8.801002502 0.019583134 0.999806941 0.001615211 -0.768728495 -0.714811504 0.012871382 0.699198723 79.075515747
0.673131287 -0.012687531 0.739414155 9.479410172 0.019613000 0.999807417 -0.000699252 -0.776070356 -0.739262879 0.014972819 0.673250496 79.674934387
0.645866811 -0.009963972 0.763385117 10.171611786 0.017618738 0.999843061 -0.001856141 -0.783590615 -0.763246775 0.014648702 0.645941019 80.276443481
0.617693245 -0.008489505 0.786373317 10.886820793 0.017145896 0.999849439 -0.002673892 -0.801028609 -0.786232233 0.015134720 0.617745757 80.839958191
0.588948250 -0.002039756 0.808168232 11.629922867 0.016036641 0.999829412 -0.009163122 -0.812682569 -0.808011651 0.018356908 0.588880420 81.396705627
0.558822632 0.007299501 0.829255044 12.387521744 0.014833727 0.999713302 -0.018796185 -0.828892469 -0.829154491 0.022804677 0.558554173 81.914077759
0.527860343 0.015752027 0.849185228 13.161132812 0.013452335 0.999547541 -0.026903268 -0.851778865 -0.849224746 0.025624692 0.527409554 82.397094727
0.496181607 0.020747544 0.867970824 13.979274750 0.010850256 0.999488175 -0.030093895 -0.878779650 -0.868150949 0.024349744 0.495702565 82.873741150
0.463770747 0.020249669 0.885723889 14.809303284 0.009048306 0.999578357 -0.027590398 -0.908544481 -0.885909140 0.020809921 0.463392019 83.309616089
0.430489600 0.019046165 0.902394652 15.662385941 0.004647296 0.999717295 -0.023317289 -0.937699318 -0.902583659 0.014231548 0.430279374 83.727813721
0.396391869 0.020097395 0.917861462 16.524593353 0.000311922 0.999757349 -0.022025289 -0.970929265 -0.918081403 0.009016948 0.396289408 84.101188660
0.360946655 0.023086211 0.932300687 17.404956818 -0.006756027 0.999732018 -0.022140346 -1.003474236 -0.932561994 0.001692835 0.361005902 84.470062256
0.325224638 0.024911959 0.945308626 18.300745010 -0.011686250 0.999682486 -0.022324342 -1.032852650 -0.945564568 -0.003786687 0.325412452 84.784957886
0.289192498 0.023879558 0.956973016 19.207836151 -0.014220383 0.999685645 -0.020648045 -1.065602422 -0.957165301 -0.007637265 0.289441168 85.063812256
0.252467632 0.024075460 0.967305779 20.176589966 -0.015400159 0.999663770 -0.020861370 -1.087118506 -0.967482805 -0.009629842 0.252753556 85.344322205
0.216767251 0.023430150 0.975942254 21.123130798 -0.014655897 0.999677360 -0.020744747 -1.114270568 -0.976113439 -0.009806523 0.217040718 85.548591614
0.181889892 0.022364026 0.983064532 22.100440979 -0.012799566 0.999710500 -0.020374490 -1.137721062 -0.983235598 -0.008876886 0.182123482 85.716453552
0.147054672 0.021397328 0.988896966 23.063129425 -0.003786507 0.999770820 -0.021069540 -1.166762590 -0.989121139 -0.000646090 0.147101998 85.859497070
0.113406122 0.024946319 0.993235469 24.031471252 -0.001921498 0.999688387 -0.024888998 -1.196116090 -0.993546844 0.000914065 0.113418758 85.961891174
0.080681682 0.029641980 0.996299088 25.009471893 -0.000470380 0.999558747 -0.029700870 -1.232081532 -0.996739805 0.001927677 0.080660045 86.035850525
0.051215351 0.033676196 0.998119652 26.018489838 0.006053478 0.999402463 -0.034030091 -1.266347647 -0.998669267 0.007784958 0.050980926 86.098548889
0.025778532 0.031949781 0.999157071 27.004619598 0.007965289 0.999450862 -0.032164685 -1.300487518 -0.999635994 0.008787734 0.025509894 86.117866516
0.003389537 0.028665360 0.999583423 27.994514465 0.009454090 0.999543488 -0.028696278 -1.338145494 -0.999949634 0.009547421 0.003116965 86.120132446
-0.015263319 0.026611309 0.999529362 29.060726166 0.009646752 0.999603152 -0.026465965 -1.372509480 -0.999836981 0.009238251 -0.015514016 86.102035522
-0.031852841 0.029485231 0.999057591 30.055191040 0.011693000 0.999507368 -0.029125700 -1.411044002 -0.999424219 0.010754245 -0.032181978 86.069274902
-0.046952605 0.033746518 0.998327017 31.039520264 0.013888615 0.999354601 -0.033128060 -1.447241664 -0.998800695 0.012309931 -0.047391057 86.029396057
-0.058323741 0.039329544 0.997522712 32.063343048 0.018824771 0.999089301 -0.038290653 -1.482969761 -0.998120248 0.016544882 -0.059010983 85.952987671
-0.067386866 0.042743154 0.996810913 33.059833527 0.023928516 0.998863816 -0.041213557 -1.527689934 -0.997439921 0.021074958 -0.068333030 85.882308960
-0.073375583 0.048234209 0.996137440 34.062358856 0.027412467 0.998549879 -0.046331834 -1.578868628 -0.996927738 0.023906967 -0.074591398 85.801956177
-0.076871872 0.052717019 0.995646477 35.061012268 0.029639998 0.998280704 -0.050568063 -1.636504650 -0.996600449 0.025623703 -0.078302264 85.721160889
-0.079994202 0.057202253 0.995152652 36.052959442 0.030652713 0.998021066 -0.054903150 -1.690270662 -0.996323943 0.026112197 -0.081589341 85.642639160
-0.082015634 0.059926949 0.994827807 37.094429016 0.032510087 0.997820258 -0.057427019 -1.755203247 -0.996100724 0.027632028 -0.083785057 85.547805786
-0.084821224 0.063415356 0.994376123 38.104801178 0.033385366 0.997593164 -0.060772717 -1.819650888 -0.995836735 0.028042793 -0.086734295 85.467529297
-0.086362123 0.067341022 0.993985295 39.105739594 0.034368791 0.997320473 -0.064580850 -1.884692192 -0.995670855 0.028584734 -0.088445187 85.368171692
-0.088978529 0.068740577 0.993658662 40.115470886 0.036984969 0.997155666 -0.065670632 -1.955400705 -0.995346665 0.030907160 -0.091267824 85.277160645
-0.090669036 0.067435421 0.993595421 41.147972107 0.037205208 0.997237623 -0.064287521 -2.030064821 -0.995186031 0.031138038 -0.092927575 85.178512573
-0.093016505 0.067116000 0.993399978 42.166576385 0.036492646 0.997284949 -0.063961513 -2.101702690 -0.994995654 0.030302320 -0.095213175 85.081298828
-0.095057487 0.068388149 0.993119955 43.195034027 0.036630299 0.997202098 -0.065163150 -2.176995516 -0.994797647 0.030184036 -0.097296596 84.977401733
-0.097323537 0.070889100 0.992725074 44.225994110 0.035501797 0.997072577 -0.067719080 -2.244909525 -0.994619489 0.028652875 -0.099555254 84.879547119
-0.100332618 0.072815694 0.992285907 45.256355286 0.033514455 0.996999741 -0.069772877 -2.324362040 -0.994389355 0.026255431 -0.102471948 84.783493042
-0.102510929 0.076274939 0.991803288 46.285053253 0.031564634 0.996803164 -0.073396996 -2.407056332 -0.994230986 0.023781914 -0.104590774 84.677047729
-0.104937077 0.080371916 0.991225779 47.327804565 0.028197411 0.996568561 -0.077819988 -2.491248369 -0.994078994 0.019783800 -0.106843352 84.574005127
-0.107799411 0.083017699 0.990700483 48.368541718 0.025808118 0.996405244 -0.080687530 -2.571157932 -0.993837714 0.016870046 -0.109554410 84.468475342
-0.110968471 0.081573062 0.990470469 49.410419464 0.023437636 0.996563375 -0.079448991 -2.657641172 -0.993547499 0.014397955 -0.112498999 84.364608765
-0.113446951 0.077285223 0.990533531 50.476341248 0.021004926 0.996933699 -0.075378865 -2.747037649 -0.993321955 0.012254576 -0.114722490 84.233657837
-0.115952969 0.075651772 0.990369558 51.526920319 0.021257509 0.997055829 -0.073673680 -2.831664801 -0.993027270 0.012510112 -0.117219687 84.116180420
-0.118370056 0.075861916 0.990067542 52.567523956 0.020073256 0.997056365 -0.073997527 -2.922863245 -0.992766738 0.011114795 -0.119544387 84.006355286
-0.119295120 0.078924648 0.989716947 53.642890930 0.021345768 0.996808946 -0.076917306 -3.001796722 -0.992629349 0.011950417 -0.120599151 83.873016357
-0.119956255 0.081708767 0.989411175 54.699798584 0.021831945 0.996583462 -0.079654180 -3.088693380 -0.992539287 0.012045766 -0.121330261 83.747009277
-0.119947553 0.082556166 0.989341795 55.774684906 0.020968305 0.996524870 -0.080613367 -3.176641703 -0.992558837 0.011075441 -0.121261835 83.609573364
-0.120137691 0.081300221 0.989422917 56.848915100 0.017774150 0.996657491 -0.079736531 -3.266169786 -0.992598355 0.008006806 -0.121181130 83.491943359
-0.120134473 0.080323882 0.989502788 57.916709900 0.014420277 0.996757448 -0.079162039 -3.362557173 -0.992652893 0.004758820 -0.120903254 83.366409302
-0.120227933 0.081549227 0.989391327 58.981357574 0.010322484 0.996669173 -0.080894746 -3.451188564 -0.992692769 0.000487176 -0.120669246 83.248748779
-0.120423794 0.081892751 0.989338934 60.070072174 0.006209902 0.996634305 -0.081740744 -3.544597387 -0.992703080 -0.003699835 -0.120527029 83.119781494
-0.120875239 0.081192374 0.989341676 61.161575317 0.002971307 0.996674538 -0.081431136 -3.638714314 -0.992663264 -0.006903375 -0.120714545 82.996810913
-0.121194363 0.076225877 0.989697754 62.250938416 0.003044565 0.997070968 -0.076420940 -3.725802422 -0.992624164 -0.006248579 -0.121071458 82.871856689
-0.121523619 0.067496665 0.990291059 63.350120544 0.006092630 0.997717202 -0.067255169 -3.811645746 -0.992569923 -0.002139612 -0.121657491 82.741455078
-0.120727539 0.061891425 0.990754485 64.467956543 0.012598908 0.998069644 -0.060813170 -3.899422884 -0.992605805 0.005140604 -0.121274352 82.584030151
-0.120100021 0.064492486 0.990664840 65.562164307 0.020460431 0.997836530 -0.062478919 -3.968818665 -0.992551029 0.012765714 -0.121159792 82.445358276
-0.119819999 0.070340648 0.990300775 66.657859802 0.025263907 0.997379899 -0.067786716 -4.039391518 -0.992474258 0.016896667 -0.121283054 82.318099976
-0.117797017 0.076115519 0.990116298 67.775253296 0.030481720 0.996865451 -0.073007859 -4.123430252 -0.992569745 0.021580344 -0.119747877 82.160491943
-0.117421865 0.080282502 0.989831805 68.875106812 0.030980730 0.996537924 -0.077151239 -4.212196827 -0.992598832 0.021606475 -0.119502544 82.038185120
-0.118268847 0.077099569 0.989983976 69.984924316 0.028494036 0.996834040 -0.074229009 -4.308197498 -0.992572784 0.019429661 -0.120091319 81.935867310
-0.116804957 0.072995760 0.990468800 71.131881714 0.027787017 0.997145057 -0.070210904 -4.391580105 -0.992766142 0.019321196 -0.118499756 81.767944336
-0.116703391 0.071059905 0.990621388 72.260673523 0.025381321 0.997324705 -0.068550617 -4.474980354 -0.992842436 0.017143188 -0.118194699 81.645988464
-0.117480755 0.071696445 0.990483642 73.390518188 0.022824867 0.997321904 -0.069484189 -4.556416035 -0.992812812 0.014444604 -0.118802547 81.528739929
-0.116315007 0.076990783 0.990223944 74.524841309 0.024516664 0.996909797 -0.074630819 -4.642661095 -0.992909849 0.015596316 -0.117843151 81.384437561
-0.115713000 0.079704113 0.990079880 75.668060303 0.024230313 0.996705174 -0.077405632 -4.732292175 -0.992987335 0.015033116 -0.117263079 81.250129700
-0.115418434 0.078462914 0.990213335 76.798019409 0.024215523 0.996801317 -0.076162405 -4.822631359 -0.993021905 0.015187993 -0.116949320 81.125221252
-0.114637733 0.071626902 0.990821898 77.946868896 0.025672566 0.997277737 -0.069123298 -4.914794445 -0.993075728 0.017512811 -0.116164565 80.991683960
-0.114967346 0.070231035 0.990883648 79.117881775 0.024950603 0.997387111 -0.067797095 -4.997362614 -0.993056059 0.016928701 -0.116419196 80.844879150
-0.114612460 0.073324479 0.990700483 80.261322021 0.022481561 0.997208297 -0.071205281 -5.081243515 -0.993155837 0.014111479 -0.115940928 80.721031189
-0.114601731 0.076288104 0.990478158 81.396858215 0.021286068 0.997006655 -0.074328087 -5.169563770 -0.993183613 0.012565265 -0.115882516 80.608840942
-0.114939332 0.075883597 0.990469992 82.547477722 0.020589331 0.997045815 -0.073998109 -5.253870487 -0.993159235 0.011887833 -0.116162181 80.482559204
-0.114273071 0.072868034 0.990773559 83.731109619 0.019766184 0.997275710 -0.071066484 -5.337586880 -0.993252873 0.011462839 -0.115402102 80.343933105
-0.113521218 0.071732409 0.990942836 84.912216187 0.020471323 0.997347355 -0.069850869 -5.428864002 -0.993324816 0.012356366 -0.114688516 80.211097717
-0.112051129 0.071792148 0.991105676 86.113769531 0.022464342 0.997314870 -0.069702178 -5.523865223 -0.993448496 0.014454331 -0.113363028 80.060676575
-0.110993028 0.072419338 0.991179168 87.306755066 0.024589304 0.997236252 -0.070108376 -5.604592323 -0.993517041 0.016590873 -0.112466931 79.926239014
-0.110016346 0.071225353 0.991374493 88.505043030 0.024290795 0.997323871 -0.068957150 -5.702696800 -0.993632913 0.016494859 -0.111451983 79.801368713
-0.108857512 0.072055891 0.991442382 89.682022095 0.025464959 0.997244239 -0.069681577 -5.787712097 -0.993731141 0.017661683 -0.110392451 79.665840149
-0.107965946 0.070357405 0.991661787 90.874298096 0.025146116 0.997366726 -0.068024404 -5.873010635 -0.993836462 0.017592123 -0.109450817 79.547332764
-0.106813669 0.069468610 0.991849363 92.080329895 0.023803942 0.997448981 -0.067297332 -5.961314678 -0.993994176 0.016421655 -0.108194828 79.422721863
-0.105803251 0.068912670 0.991996408 93.304916382 0.024081359 0.997480750 -0.066725224 -6.048452854 -0.994095504 0.016828882 -0.107196212 79.294067383
-0.103952527 0.069450028 0.992154598 94.525283813 0.022059992 0.997474611 -0.067511104 -6.140805244 -0.994337678 0.014868976 -0.105222106 79.165969849
-0.102652788 0.072568238 0.992066681 95.767585754 0.022022875 0.997256696 -0.070669092 -6.222589970 -0.994473457 0.014593784 -0.103969336 79.044097900
-0.101832628 0.071360685 0.992238820 96.987915039 0.019251624 0.997378409 -0.069754541 -6.310402393 -0.994615316 0.011998923 -0.102939487 78.932823181
-0.101165414 0.069845304 0.992414832 98.223075867 0.016565466 0.997512519 -0.068515413 -6.409034252 -0.994731665 0.009508429 -0.102070808 78.812156677
-0.101391315 0.070991382 0.992310584 99.453208923 0.013749047 0.997455418 -0.069954626 -6.495536327 -0.994751751 0.006550537 -0.102109432 78.697593689
-0.101370096 0.070378989 0.992356241 100.696876526 0.010783327 0.997513652 -0.069643237 -6.587322712 -0.994790375 0.003641157 -0.101876974 78.573265076
-0.102598667 0.067600958 0.992423117 101.939414978 0.007874738 0.997712016 -0.067147113 -6.681067944 -0.994691670 0.000925867 -0.102896333 78.454490662
-0.103966475 0.066306680 0.992368102 103.218399048 0.005426900 0.997798204 -0.066100940 -6.769281387 -0.994566023 -0.001486797 -0.104097366 78.334205627
-0.105676055 0.065853998 0.992217779 104.470375061 0.003353750 0.997822642 -0.065868817 -6.856169224 -0.994395137 -0.003633097 -0.105666876 78.211311340
-0.107034445 0.065596350 0.992089093 105.723381042 0.003864205 0.997841179 -0.065559775 -6.952908039 -0.994247794 -0.003183515 -0.107056856 78.077285767
-0.109429479 0.064187132 0.991919994 106.980911255 0.003395569 0.997931182 -0.064201519 -7.041505814 -0.993988752 -0.003657399 -0.109421015 77.943000793
-0.112686038 0.059643205 0.991839051 108.250053406 0.000460596 0.998199880 -0.059973378 -7.124180794 -0.993630588 -0.006301316 -0.112510681 77.816864014
-0.117453218 0.059780922 0.991277516 109.503746033 -0.000415751 0.998183429 -0.060246665 -7.207348824 -0.993078411 -0.007488286 -0.117215037 77.682106018
-0.122561097 0.065904826 0.990270436 110.747756958 -0.004490978 0.997745693 -0.066958152 -7.292101383 -0.992450953 -0.012653735 -0.121988773 77.531654358
-0.129753232 0.069134600 0.989133358 111.972900391 -0.003930999 0.997522593 -0.070236631 -7.380070686 -0.991538644 -0.013001702 -0.129160047 77.384017944
-0.138261080 0.064909630 0.988266528 113.220893860 -0.001757221 0.997832358 -0.065783761 -7.477959633 -0.990394294 -0.010831930 -0.137847304 77.200904846
-0.149072528 0.062951788 0.986820459 114.454139709 0.000436919 0.997975528 -0.063597396 -7.568318367 -0.988826275 -0.009049458 -0.148798227 77.016616821
-0.162440300 0.063709393 0.984659433 115.672866821 0.000497121 0.997918546 -0.064485267 -7.659352303 -0.986718237 -0.009985507 -0.162133813 76.832046509
-0.176430821 0.063892961 0.982237279 116.890388489 0.002518913 0.997917056 -0.064460464 -7.748476505 -0.984309912 -0.008898638 -0.176224232 76.615692139
-0.190744996 0.061684728 0.979699612 118.084373474 0.002933876 0.998055100 -0.062269222 -7.837298393 -0.981635273 -0.009003219 -0.190554976 76.383514404
-0.206094742 0.064529292 0.976402044 119.282905579 0.007213494 0.997896314 -0.064427234 -7.925841331 -0.978505492 -0.006234847 -0.206126690 76.131217957
-0.221071839 0.067699172 0.972905099 120.473777771 0.007392792 0.997675419 -0.067742959 -8.014628410 -0.975229681 -0.007783568 -0.221058488 75.866813660
-0.236889958 0.071702011 0.968887150 121.631942749 0.006977416 0.997372687 -0.072104126 -8.103643417 -0.971511602 -0.010320403 -0.236767888 75.604637146
-0.251904488 0.069313243 0.965266645 122.792648315 0.003615835 0.997492254 -0.070683651 -8.205398560 -0.967745304 -0.014315282 -0.251523376 75.289916992
-0.268411279 0.063735403 0.961193562 123.943641663 -0.002117740 0.997767329 -0.066751935 -8.294276237 -0.963302076 -0.019952532 -0.267677069 74.994400024
-0.284237385 0.059588969 0.956900418 125.141487122 -0.005834169 0.997940660 -0.063877650 -8.386367798 -0.958736241 -0.023739131 -0.283304334 74.661087036
-0.299768686 0.060695641 0.952079356 126.288681030 -0.007870809 0.997782767 -0.066087447 -8.476706505 -0.953979611 -0.027304571 -0.298626304 74.320571899
-0.313546777 0.063011326 0.947479844 127.432403564 -0.007677398 0.997595072 -0.068884857 -8.562104225 -0.949541748 -0.028872803 -0.312308908 73.943405151
-0.327198982 0.065458469 0.942685664 128.566192627 -0.005968908 0.997434795 -0.071331918 -8.651602745 -0.944936693 -0.028966526 -0.325968862 73.554763794
-0.341745019 0.064797990 0.937556207 129.678222656 -0.004226062 0.997504115 -0.070481636 -8.754351616 -0.939783216 -0.028048914 -0.340618134 73.162399292
-0.355954170 0.062797189 0.932391286 130.805465698 -0.004611464 0.997609437 -0.068950184 -8.846887589 -0.934492230 -0.028842786 -0.354813695 72.749923706
-0.370355129 0.061415613 0.926857710 131.922012329 -0.004644052 0.997676969 -0.067963928 -8.944828033 -0.928878665 -0.029475166 -0.369209647 72.311859131
-0.385017037 0.062760152 0.920773089 133.024932861 -0.006152186 0.997488439 -0.070561603 -9.036016464 -0.922888994 -0.032832179 -0.383663893 71.860321045
-0.400169849 0.064842217 0.914144218 134.106658936 -0.005024828 0.997323513 -0.072941937 -9.129961014 -0.916427255 -0.033782579 -0.398772955 71.407058716
-0.414747357 0.066640139 0.907493055 135.194061279 -0.003568451 0.997187853 -0.074857593 -9.225258827 -0.909929514 -0.034285337 -0.413343310 70.916473389
-0.429258347 0.069264293 0.900521994 136.278594971 -0.001016459 0.997017384 -0.077170826 -9.320665359 -0.903181195 -0.034041565 -0.427907705 70.406112671
-0.443874002 0.072464585 0.893154621 137.352066040 -0.001286655 0.996672273 -0.081502765 -9.421730042 -0.896088541 -0.037326124 -0.442303658 69.883041382
-0.459333777 0.074586041 0.885126770 138.419555664 -0.000503431 0.996446431 -0.084227748 -9.526647568 -0.888263643 -0.039134253 -0.457663894 69.344818115
-0.474781156 0.072048590 0.877150059 139.485717773 -0.001784192 0.996562719 -0.082822829 -9.629174232 -0.880102336 -0.040887710 -0.473020673 68.780975342
-0.490700245 0.067495786 0.868710279 140.550781250 -0.004456932 0.996787727 -0.079964511 -9.735839844 -0.871317029 -0.043110389 -0.488823175 68.201660156
-0.506772161 0.067722850 0.859416068 141.608764648 -0.004819675 0.996671438 -0.081380740 -9.837163925 -0.862066805 -0.045383587 -0.504758954 67.592453003
-0.522578597 0.066765666 0.849972904 142.651809692 -0.006197500 0.996605337 -0.082094036 -9.939329147 -0.852568567 -0.048168298 -0.520390868 66.964492798
-0.538680792 0.065666407 0.839947224 143.686767578 -0.006868938 0.996582508 -0.082317278 -10.042989731 -0.842482209 -0.050112262 -0.536388874 66.317840576
-0.554033637 0.065204531 0.829936743 144.723083496 -0.007912989 0.996470451 -0.083570771 -10.153807640 -0.832456648 -0.052868303 -0.551562190 65.637863159
-0.569783211 0.064483143 0.819261432 145.742767334 -0.008193311 0.996421456 -0.084125534 -10.263220787 -0.821754336 -0.054645773 -0.567215919 64.944641113
-0.584433436 0.062094029 0.809062362 146.762298584 -0.008458871 0.996547401 -0.082593501 -10.365006447 -0.811397552 -0.055114161 -0.581890464 64.215652466
-0.599673629 0.058649741 0.798092723 147.770584106 -0.008083462 0.996815860 -0.079327174 -10.474788666 -0.800203979 -0.054021757 -0.597290039 63.479797363
-0.614387393 0.056692105 0.786965370 148.769744873 -0.007999285 0.996916413 -0.078061827 -10.575698853 -0.788964212 -0.054255344 -0.612039328 62.700088501
-0.628906012 0.055399064 0.775505185 149.751068115 -0.008416560 0.996914625 -0.078041211 -10.677911758 -0.777435839 -0.055607673 -0.626499414 61.919242859
-0.643787384 0.055984687 0.763153613 150.720458984 -0.010248813 0.996599674 -0.081755988 -10.788135529 -0.765135705 -0.060454898 -0.641024590 61.116142273
-0.659212112 0.055319611 0.749919653 151.683380127 -0.012239474 0.996368766 -0.084258549 -10.896561623 -0.751857698 -0.064722858 -0.656141162 60.299011230
-0.675012708 0.052087959 0.735965371 152.636306763 -0.014097364 0.996412158 -0.083450913 -11.008097649 -0.737671673 -0.066705585 -0.671856642 59.453392029
-0.691318750 0.044243384 0.721194386 153.567077637 -0.017820029 0.996775925 -0.078231417 -11.121422768 -0.722330451 -0.066934533 -0.688301444 58.588371277
-0.708353996 0.041707288 0.704624176 154.488800049 -0.018785100 0.996785343 -0.077885084 -11.227399826 -0.705607474 -0.068406634 -0.705293417 57.692077637
-0.725546122 0.039323431 0.687049270 155.384140015 -0.020108486 0.996728361 -0.078283191 -11.336900711 -0.687879860 -0.070613578 -0.722381711 56.773788452
-0.742985964 0.035859767 0.668345809 156.260971069 -0.022969086 0.996609449 -0.079006836 -11.440587997 -0.668912888 -0.074052259 -0.739643097 55.833351135
-0.759382486 0.033928145 0.649759412 157.103454590 -0.022392491 0.996685088 -0.078213781 -11.553703308 -0.650259197 -0.073943898 -0.756105423 54.861503601
-0.775363684 0.036018383 0.630487263 157.932525635 -0.020395588 0.996423125 -0.082005702 -11.658169746 -0.631185830 -0.076443382 -0.771855712 53.869987488
-0.790488958 0.035736989 0.611432910 158.718627930 -0.016615316 0.996677637 -0.079734795 -11.768276215 -0.612250984 -0.073188625 -0.787268877 52.867370605
-0.805243611 0.036413584 0.591825068 159.528625488 -0.013225898 0.996761203 -0.079323642 -11.889957428 -0.592796683 -0.071702264 -0.802153945 51.819114685
-0.819985151 0.037186500 0.571175933 160.291000366 -0.011916467 0.996562004 -0.081988715 -12.002450943 -0.572261095 -0.074035905 -0.816722870 50.781494141
-0.833485961 0.038721450 0.551182091 160.998321533 -0.010857956 0.996201038 -0.086403929 -12.120374680 -0.552433848 -0.078001179 -0.829899192 49.713150024
-0.846623898 0.039055414 0.530757010 161.700561523 -0.008087484 0.996244311 -0.086208560 -12.237932205 -0.532130539 -0.077278696 -0.843128324 48.626129150
-0.858177304 0.037087787 0.512011886 162.374450684 -0.006821771 0.996474862 -0.083613947 -12.360023499 -0.513308048 -0.075248420 -0.854899168 47.514381409
-0.868637562 0.039057814 0.493905991 163.015777588 -0.003738075 0.996342778 -0.085364431 -12.475631714 -0.495433807 -0.075997010 -0.865314841 46.403831482
-0.877988100 0.041804176 0.476853490 163.627441406 -0.001020231 0.996013582 -0.089195698 -12.591386795 -0.478681296 -0.078799263 -0.874445438 45.282913208
-0.886979699 0.039509177 0.460115492 164.228424072 -0.002679134 0.995876610 -0.090678550 -12.713342667 -0.461800903 -0.081662737 -0.883216500 44.152214050
-0.895291924 0.036687024 0.443966895 164.818908691 -0.003771150 0.995943308 -0.089904174 -12.841409683 -0.445464164 -0.082164735 -0.891521573 43.002487183
-0.902433634 0.034901217 0.429413080 165.385101318 -0.004392713 0.995916128 -0.090176150 -12.968072891 -0.430806667 -0.083264276 -0.898594856 41.837821960
-0.909026027 0.032809056 0.415446520 165.931564331 -0.005023579 0.995961010 -0.089645974 -13.093027115 -0.416709721 -0.083577521 -0.905189633 40.662654877
-0.915296078 0.030428220 0.401630908 166.460647583 -0.005929623 0.996016383 -0.088973142 -13.217792511 -0.402738243 -0.083818279 -0.911469460 39.493103027
-0.920959830 0.025718581 0.388808250 166.982025146 -0.008217233 0.996315658 -0.085367449 -13.337402344 -0.389571279 -0.081814907 -0.917355299 38.300025940
-0.926069021 0.022439737 0.376686752 167.490814209 -0.009172392 0.996596813 -0.081918567 -13.464168549 -0.377243042 -0.079317361 -0.922711611 37.090957642
-0.930403113 0.022856178 0.365824729 167.972091675 -0.006658483 0.996835291 -0.079215311 -13.569602966 -0.366477549 -0.076138012 -0.927306414 35.888237000
-0.933631301 0.026976530 0.357218027 168.440887451 -0.002098453 0.996731699 -0.080756120 -13.685415268 -0.358229041 -0.076146059 -0.930523276 34.700794220
-0.936106086 0.031868365 0.350271404 168.905960083 0.003104566 0.996596575 -0.082375266 -13.796799660 -0.351704448 -0.076024540 -0.933019042 33.502323151
-0.937847376 0.035401572 0.345237494 169.345581055 0.006337055 0.996364653 -0.084955081 -13.907979965 -0.346989989 -0.077487111 -0.934662342 32.287055969
-0.939703107 0.032502517 0.340443790 169.793090820 0.004230093 0.996502042 -0.083461046 -14.028516769 -0.341965616 -0.076988488 -0.936553478 31.091957092
-0.941593170 0.025191264 0.335809290 170.245407104 -0.001724539 0.996824265 -0.079613872 -14.149150848 -0.336748451 -0.075542994 -0.938559532 29.861213684
-0.943433881 0.018991267 0.331016153 170.703308105 -0.007231317 0.996942222 -0.077807277 -14.261550903 -0.331481606 -0.075799704 -0.940411687 28.618499756
-0.945144892 0.012353195 0.326418102 171.143798828 -0.014324156 0.996756017 -0.079197578 -14.369956970 -0.326337546 -0.079528846 -0.941901922 27.411941528
-0.946675181 0.009922605 0.322037399 171.585494995 -0.017389288 0.996495247 -0.081822284 -14.482162476 -0.321720600 -0.083059110 -0.943184733 26.209472656
-0.947113395 0.010009700 0.320743442 171.995727539 -0.018048065 0.996269763 -0.084384963 -14.597349167 -0.320391655 -0.085710913 -0.943399787 24.963142395
-0.947536588 0.010662305 0.319470257 172.420303345 -0.017820735 0.996127009 -0.086101308 -14.716630936 -0.319150984 -0.087277308 -0.943676710 23.765075684
-0.947479606 0.013181007 0.319545180 172.837600708 -0.015732516 0.996019721 -0.087733388 -14.836097717 -0.319429725 -0.088152826 -0.943500996 22.553916931
-0.946676850 0.014179610 0.321872145 173.243576050 -0.015631182 0.995833218 -0.089843757 -14.955879211 -0.321804941 -0.090084262 -0.942510605 21.307373047
-0.946404815 0.015347399 0.322618484 173.663772583 -0.015014653 0.995699942 -0.091412440 -15.083006859 -0.322634161 -0.091357157 -0.942104697 20.106880188
-0.945657730 0.016738120 0.324732929 174.093017578 -0.013637607 0.995753884 -0.091039598 -15.208548546 -0.324877918 -0.090520874 -0.941413999 18.887168884
-0.944958568 0.015999317 0.326798975 174.521820068 -0.014716311 0.995714605 -0.091300957 -15.335019112 -0.326859266 -0.091084890 -0.940673590 17.687301636
-0.943601370 0.014951828 0.330746293 174.952362061 -0.016070861 0.995733738 -0.090862766 -15.468987465 -0.330693811 -0.091053605 -0.939335346 16.485366821
-0.942266583 0.013112171 0.334607124 175.394515991 -0.017542819 0.995928049 -0.088428445 -15.593275070 -0.334404111 -0.089193113 -0.938199639 15.316528320
-0.940586925 0.010397192 0.339393556 175.843688965 -0.019840259 0.996140480 -0.085501187 -15.718240738 -0.338972658 -0.087154962 -0.936750531 14.146179199
-0.937586784 0.008112331 0.347657144 176.276382446 -0.021814473 0.996386886 -0.082080819 -15.842732430 -0.347066879 -0.084541835 -0.934022307 12.921844482
-0.935342669 0.009975113 0.353602886 176.740463257 -0.020393437 0.996419251 -0.082053192 -15.953239441 -0.353155226 -0.083959006 -0.931790113 11.766639709
-0.931935310 0.010603153 0.362469465 177.189056396 -0.020696301 0.996387839 -0.082358569 -16.065626144 -0.362033427 -0.084254637 -0.928349614 10.600700378
-0.928287506 0.013248708 0.371627033 177.659988403 -0.019782437 0.996190608 -0.084929310 -16.177671432 -0.371336579 -0.086190514 -0.924489260 9.452285767
-0.923788428 0.014915116 0.382612944 178.133697510 -0.018768540 0.996276140 -0.084152237 -16.287237167 -0.382443279 -0.084919944 -0.920068383 8.290962219
-0.918885469 0.016981393 0.394158810 178.643280029 -0.017837411 0.996263385 -0.084505215 -16.419340134 -0.394121021 -0.084681392 -0.915149093 7.095939636
-0.913405776 0.018801954 0.406616390 179.163330078 -0.017573968 0.996179640 -0.085540794 -16.533142090 -0.406671315 -0.085279293 -0.909585834 5.965286255
-0.907518029 0.021017913 0.419487596 179.694076538 -0.016339265 0.996224523 -0.085262924 -16.651380539 -0.419695854 -0.084231734 -0.903748274 4.834991455
-0.900607347 0.021441866 0.434104800 180.242752075 -0.015917582 0.996485174 -0.082242794 -16.771331787 -0.434342444 -0.080978356 -0.897100568 3.641845703
-0.894268632 0.023734029 0.446901351 180.813125610 -0.014634549 0.996507823 -0.082206883 -16.891744614 -0.447291791 -0.080055214 -0.890798330 2.511245728
-0.886830091 0.026320485 0.461345464 181.375976562 -0.012800681 0.996594131 -0.081463620 -16.999366760 -0.461918324 -0.078149930 -0.883472800 1.386215210
-0.879521608 0.028865933 0.474982947 181.994766235 -0.010091593 0.996802509 -0.079264767 -17.114812851 -0.475752234 -0.074508406 -0.876418114 0.239700317
-0.872247219 0.030649200 0.488104314 182.613113403 -0.007764173 0.997040808 -0.076481156 -17.221809387 -0.489003986 -0.070500188 -0.869428158 -0.845993042
-0.863388777 0.034076180 0.503387153 183.215988159 -0.003698507 0.997262359 -0.073851988 -17.340255737 -0.504525661 -0.065624759 -0.860899091 -1.923004150
-0.855130315 0.037131961 0.517081559 183.856262207 -0.000755257 0.997341275 -0.072868735 -17.437721252 -0.518412530 -0.062702790 -0.852828741 -2.934875488
-0.843920231 0.040376909 0.534947038 184.498687744 0.002826278 0.997484386 -0.070829779 -17.543735504 -0.536461234 -0.058262777 -0.841911316 -3.997940063
-0.832920671 0.043453712 0.551684201 185.176818848 0.004994030 0.997461975 -0.071025789 -17.630001068 -0.553370297 -0.056403700 -0.831023693 -5.035171509
-0.821673989 0.045105491 0.568170011 185.857772827 0.007218828 0.997607291 -0.068757661 -17.744087219 -0.569911838 -0.052394867 -0.820033550 -6.028289795
-0.810517073 0.047205590 0.583810091 186.578674316 0.007940197 0.997540891 -0.069635399 -17.830427170 -0.585661650 -0.051805094 -0.808898687 -6.999404907
-0.797380805 0.049830142 0.601415515 187.300979614 0.010316814 0.997565091 -0.068974577 -17.928050995 -0.603388131 -0.048794318 -0.795953393 -7.981430054
-0.783519149 0.050749402 0.619291723 188.051239014 0.012150163 0.997719884 -0.066388428 -18.023281097 -0.621248841 -0.044492111 -0.782349348 -8.934906006
-0.768973112 0.052460875 0.637124896 188.822021484 0.013908755 0.997764230 -0.065368854 -18.114059448 -0.639129758 -0.041405279 -0.767983556 -9.853881836
