1.000000000 0.000000000 0.000000000 0.000000000 0.000000000 1.000000000 0.000000000 0.000000000 0.000000000 0.000000000 1.000000000 0.000000000
0.999996901 0.002478824 0.000211635 -0.011624073 -0.002479160 0.999995649 0.001597344 -0.016638409 -0.000207675 -0.001597864 0.999998689 0.766572773
0.999986291 0.005194472 0.000700332 -0.017397961 -0.005195891 0.999984443 0.002039674 -0.032560371 -0.000689726 -0.002043284 0.999997675 1.535112500
0.999978542 0.006429733 0.001269695 -0.026642062 -0.006432187 0.999977410 0.001938204 -0.050542697 -0.001257204 -0.001946329 0.999997318 2.271184683
0.999964595 0.008309180 0.001309984 -0.033243380 -0.008311185 0.999964297 0.001532324 -0.062101237 -0.001297205 -0.001543158 0.999997973 2.993467569
0.999961138 0.008612596 0.001880936 -0.039391544 -0.008615107 0.999962032 0.001331254 -0.076768547 -0.001869399 -0.001347406 0.999997318 3.702472925
0.999958873 0.008849607 0.001994153 -0.037001744 -0.008854223 0.999958098 0.002318150 -0.090497211 -0.001973554 -0.002335711 0.999995351 4.398415565
0.999948442 0.009764276 0.002796317 -0.044158939 -0.009778364 0.999939322 0.005069018 -0.100717030 -0.002746652 -0.005096100 0.999983251 5.079463005
0.999944568 0.009496475 0.004543664 -0.054749407 -0.009536045 0.999916077 0.008767813 -0.105516151 -0.004460019 -0.008810655 0.999951243 5.726530552
0.999946415 0.008532521 0.005863713 -0.053779010 -0.008604306 0.999886990 0.012327947 -0.116445541 -0.005757862 -0.012377739 0.999906838 6.353143215
0.999947190 0.007694066 0.006815483 -0.049585037 -0.007794598 0.999859393 0.014848940 -0.126554459 -0.006700276 -0.014901279 0.999866545 6.963688374
0.999931157 0.008698936 0.007872631 -0.041744929 -0.008815021 0.999851108 0.014832894 -0.139384508 -0.007742428 -0.014901271 0.999858975 7.536963463
0.999916434 0.009278094 0.009003177 -0.039720856 -0.009385521 0.999884367 0.011963983 -0.143989950 -0.008891134 -0.012047483 0.999887884 8.099848747
0.999912381 0.008979864 0.009727498 -0.036575060 -0.009067798 0.999918103 0.009033585 -0.147884816 -0.009645580 -0.009121000 0.999911904 8.622776031
0.999904335 0.007584354 0.011569427 -0.032074861 -0.007672427 0.999941766 0.007587304 -0.152229339 -0.011511209 -0.007675344 0.999904275 9.107800484
0.999911487 0.003168264 0.012920770 -0.008409702 -0.003234779 0.999981582 0.005130225 -0.161818057 -0.012904278 -0.005171567 0.999903381 9.597025871
0.999889314 0.001541163 0.014796217 -0.001647188 -0.001600425 0.999990761 0.003994198 -0.169729173 -0.014789924 -0.004017436 0.999882579 10.034979820
0.999839127 0.005727354 0.016997762 -0.001078011 -0.005767189 0.999980748 0.002295475 -0.181936175 -0.016984288 -0.002393135 0.999852896 10.431160927
0.999747396 0.009985358 0.020134743 -0.002054851 -0.010018039 0.999948680 0.001522903 -0.190157697 -0.020118503 -0.001724229 0.999796093 10.813428879
0.999661088 0.010821795 0.023676135 0.001827526 -0.010887703 0.999937177 0.002656579 -0.197625741 -0.023645900 -0.002913458 0.999716163 11.156319618
0.999621987 0.006383352 0.026741270 0.020187590 -0.006474207 0.999973536 0.003312343 -0.205895469 -0.026719419 -0.003484220 0.999636889 11.476945877
0.999570489 0.001419028 0.029270861 0.030213309 -0.001500141 0.999995112 0.002749329 -0.206860930 -0.029266816 -0.002792059 0.999567747 11.763551712
0.999506950 -0.002003481 0.031335134 0.055986933 0.001870408 0.999989092 0.004275491 -0.213920742 -0.031343360 -0.004214774 0.999499798 12.028377533
0.999406576 -0.001697823 0.034403399 0.054606099 0.001518490 0.999985099 0.005238086 -0.218274772 -0.034411781 -0.005182736 0.999394298 12.261247635
0.999343336 -0.001622765 0.036197241 0.066690005 0.001462182 0.999988973 0.004462389 -0.227379471 -0.036204085 -0.004406532 0.999334693 12.469392776
0.999270201 -0.000347121 0.038195491 0.082501851 0.000215476 0.999994040 0.003450671 -0.236905977 -0.038196459 -0.003439922 0.999264300 12.640548706
0.999167383 0.001621966 0.040767059 0.086683929 -0.001712487 0.999996126 0.002185638 -0.235200882 -0.040763356 -0.002253631 0.999166310 12.828692436
0.999083579 0.004455027 0.042569116 0.085150406 -0.004529493 0.999988377 0.001653021 -0.241989315 -0.042561255 -0.001844322 0.999092162 12.988846779
0.999004483 0.006117283 0.044188540 0.088427797 -0.006138209 0.999981105 0.000337893 -0.248923689 -0.044185638 -0.000608795 0.999023139 13.145812035
0.998939097 0.004988663 0.045780472 0.103900202 -0.004929374 0.999986887 -0.001407858 -0.253953308 -0.045786895 0.001180695 0.998950541 13.299928665
0.998870194 0.003921642 0.047359657 0.116640955 -0.003775330 0.999987841 -0.003178436 -0.251438141 -0.047371544 0.002996047 0.998872817 13.450162888
0.998802841 0.003110554 0.048818123 0.119570464 -0.002924159 0.999988139 -0.003889099 -0.257270068 -0.048829641 0.003741691 0.998800099 13.576181412
0.998742640 0.003788080 0.049987681 0.132435456 -0.003517182 0.999978662 -0.005506152 -0.258129656 -0.050007470 0.005323413 0.998734653 13.720555305
0.998678505 0.004144284 0.051225655 0.139722988 -0.003772708 0.999965906 -0.007348264 -0.264301211 -0.051254362 0.007145294 0.998660088 13.851822853
0.998632491 0.004419718 0.052092329 0.147851840 -0.003916939 0.999944806 -0.009749834 -0.263964355 -0.052132547 0.009532459 0.998594701 13.973049164
0.998625755 0.003246948 0.052307054 0.164422527 -0.002642540 0.999929011 -0.011620016 -0.274225056 -0.052341070 0.011465823 0.998563468 14.098841667
0.998627126 0.002629349 0.052315682 0.162735760 -0.001924817 0.999906838 -0.013512769 -0.279827267 -0.052346341 0.013393519 0.998539150 14.222875595
0.998721123 0.002395300 0.050501551 0.163622692 -0.001633672 0.999884367 -0.015117182 -0.281382114 -0.050531924 0.015015346 0.998609543 14.335951805
0.998871207 0.002243644 0.047448207 0.166579083 -0.001497259 0.999874651 -0.015760219 -0.284758091 -0.047477622 0.015671385 0.998749375 14.471715927
0.999062359 0.002832468 0.043201074 0.170751393 -0.002094326 0.999851227 -0.017121894 -0.282064319 -0.043243144 0.017015364 0.998919666 14.600498199
0.999286234 0.002720883 0.037677456 0.167009130 -0.002040067 0.999834180 -0.018096276 -0.287255287 -0.037720446 0.018006494 0.999126077 14.724737167
0.999525845 0.002923170 0.030651506 0.170653194 -0.002335061 0.999812841 -0.019205218 -0.286008954 -0.030701909 0.019124540 0.999345601 14.850020409
0.999712050 0.002983238 0.023810385 0.159010291 -0.002516853 0.999804854 -0.019593444 -0.292147905 -0.023864191 0.019527875 0.999524474 14.972288132
0.999876320 0.002668527 0.015499008 0.156096041 -0.002351007 0.999787748 -0.020468660 -0.297924846 -0.015550339 0.020429689 0.999670327 15.105892181
0.999981701 0.001994549 0.005708308 0.141505659 -0.001869884 0.999761462 -0.021761794 -0.298050940 -0.005750352 0.021750722 0.999746859 15.248866081
0.999970496 0.000015313 -0.007681069 0.138470352 -0.000194374 0.999728203 -0.023311771 -0.302119553 0.007678625 0.023312576 0.999698758 15.393279076
0.999719381 -0.000802632 -0.023675781 0.115021981 0.000199820 0.999675989 -0.025452506 -0.304638207 0.023688538 0.025440631 0.999395609 15.546228409
0.999077916 -0.000021328 -0.042933758 0.088483311 -0.001110193 0.999652684 -0.026331022 -0.310372621 0.042919405 0.026354408 0.998730898 15.722108841
0.997899115 0.000680041 -0.064783119 0.059286084 -0.002376216 0.999656260 -0.026108922 -0.313245058 0.064743094 0.026208011 0.997557759 15.895947456
0.996155500 0.001089660 -0.087595597 -0.001354305 -0.003255355 0.999692440 -0.024584739 -0.325515538 0.087541863 0.024775378 0.995852709 16.098909378
0.993402123 0.002280908 -0.114660352 -0.049065948 -0.004937022 0.999725878 -0.022886422 -0.333821088 0.114576720 0.023301501 0.993141115 16.320756912
0.989514172 0.003410897 -0.144395575 -0.124768518 -0.006487606 0.999761760 -0.020842016 -0.339861393 0.144290090 0.021560250 0.989300549 16.554391861
0.984106660 0.003469693 -0.177544430 -0.202372178 -0.006672169 0.999825597 -0.017443737 -0.341529131 0.177452937 0.018351106 0.983958185 16.798049927
0.976742029 0.004134526 -0.214377910 -0.290626287 -0.007254074 0.999878943 -0.013766966 -0.342033237 0.214295030 0.015001887 0.976653755 17.047321320
0.967219532 0.005641141 -0.253878951 -0.399625123 -0.008130361 0.999928594 -0.008756562 -0.343797982 0.253811419 0.010533646 0.967196345 17.317127228
0.955403924 0.009643883 -0.295144528 -0.534439802 -0.011223045 0.999930322 -0.003656957 -0.352907121 0.295088708 0.006806292 0.955445647 17.594526291
0.941258073 0.012436055 -0.337459117 -0.658875108 -0.013127566 0.999913812 0.000232784 -0.348194033 0.337432921 0.004210908 0.941340148 17.857303619
0.924502909 0.014805702 -0.380887330 -0.801687956 -0.013429453 0.999890149 0.006270903 -0.357573092 0.380938321 -0.000682360 0.924600184 18.129978180
0.905468524 0.018914597 -0.423991710 -0.974641144 -0.014291994 0.999798715 0.014080084 -0.365415186 0.424172699 -0.006689387 0.905556619 18.405176163
0.883529127 0.023801694 -0.467771053 -1.149298549 -0.015977541 0.999658346 0.020687338 -0.369524539 0.468103617 -0.010804037 0.883607566 18.675195694
0.858741760 0.029226732 -0.511574507 -1.364457846 -0.018805128 0.999497056 0.025535448 -0.372984558 0.512063503 -0.012308132 0.858859420 18.956115723
0.830940425 0.032912556 -0.555387020 -1.597019076 -0.020166777 0.999374449 0.029051054 -0.374921620 0.555995762 -0.012939330 0.831084371 19.226505280
0.799814343 0.036800425 -0.599118352 -1.829627633 -0.022670263 0.999258697 0.031114295 -0.374195188 0.599819243 -0.011303489 0.800055683 19.485401154
0.765944362 0.039030660 -0.641721010 -2.102813959 -0.022818197 0.999176979 0.033536486 -0.356889099 0.642501831 -0.011044169 0.766204596 19.761743546
0.729352474 0.042802997 -0.682797909 -2.419523716 -0.023926981 0.999026239 0.037068244 -0.340173304 0.683719635 -0.010698527 0.729666352 20.034816742
0.690662742 0.042868234 -0.721905291 -2.769973278 -0.021049028 0.999010265 0.039185230 -0.315929264 0.722870588 -0.011868373 0.690881491 20.319425583
0.649694443 0.042921800 -0.758982837 -3.124125957 -0.018701078 0.999005020 0.040487226 -0.302582920 0.759965420 -0.012110530 0.649850726 20.580120087
0.607711673 0.041460063 -0.793074846 -3.509007931 -0.012864054 0.999019206 0.042368975 -0.289967209 0.794053614 -0.015545962 0.607648969 20.824172974
0.563264251 0.041727107 -0.825222552 -3.911012173 -0.007913046 0.998950660 0.045110483 -0.281003505 0.826238930 -0.018879099 0.563003361 21.060121536
0.516701162 0.043423358 -0.855063975 -4.331787109 -0.006199752 0.998876572 0.046980299 -0.264320433 0.856143415 -0.018973591 0.516389906 21.268148422
0.467294514 0.042969339 -0.883056998 -4.788854122 -0.005223212 0.998934984 0.045843933 -0.241420209 0.884086370 -0.016810231 0.467021286 21.459808350
0.415027261 0.041870750 -0.908845067 -5.284570217 -0.000186919 0.998944342 0.045936298 -0.218314469 0.909809053 -0.018894942 0.414596975 21.657253265
0.360916138 0.040753718 -0.931707323 -5.784194469 0.005170318 0.998941958 0.045697447 -0.197895706 0.932583869 -0.021310171 0.360323548 21.825920105
0.306955874 0.039800316 -0.950891137 -6.300470352 0.008074921 0.998980343 0.044419780 -0.177084029 0.951689482 -0.021313284 0.306321502 21.966369629
0.253501832 0.045471299 -0.966265559 -6.862071514 0.009104813 0.998738170 0.049388085 -0.147616088 0.967292070 -0.021317637 0.252767980 22.079078674
0.202089369 0.050558101 -0.978061259 -7.448867798 0.011134131 0.998483479 0.053914331 -0.119527638 0.979303837 -0.021785375 0.201219976 22.165746689
0.154201925 0.051791459 -0.986681104 -8.036949158 0.016869254 0.998341620 0.055039920 -0.094740570 0.987895429 -0.025131842 0.153072536 22.234085083
0.109788656 0.053192079 -0.992530704 -8.651680946 0.019460417 0.998260558 0.055651773 -0.074613512 0.993764520 -0.025424996 0.108562529 22.277374268
0.069522142 0.051316559 -0.996259809 -9.294565201 0.019185685 0.998422563 0.052766811 -0.043292105 0.997396052 -0.022782395 0.068427920 22.290264130
0.033959150 0.047242846 -0.998306036 -9.929289818 0.017126780 0.998707950 0.047844466 -0.014221489 0.999276459 -0.018722527 0.033106148 22.291347504
0.005867064 0.047175653 -0.998869419 -10.604678154 0.014454588 0.998778224 0.047256250 0.020928919 0.999878347 -0.014715503 0.005178034 22.265903473
-0.015065670 0.051391996 -0.998564959 -11.299153328 0.013073496 0.998602986 0.051196717 0.049689054 0.999801099 -0.012283428 -0.015716434 22.229713440
-0.028342485 0.057431903 -0.997947037 -12.014586449 0.015318481 0.998255789 0.057014614 0.078784704 0.999480903 -0.013671096 -0.029172778 22.209026337
-0.036242366 0.060125820 -0.997532785 -12.751620293 0.014889716 0.998110116 0.059619654 0.110436559 0.999232233 -0.012692227 -0.037069082 22.169635773
-0.040113807 0.057153180 -0.997559369 -13.516742706 0.015909513 0.998272777 0.056554310 0.146543264 0.999068618 -0.013602082 -0.040953875 22.135803223
-0.039131045 0.053182438 -0.997817874 -14.296454430 0.023166329 0.998362541 0.052302964 0.184610009 0.998965561 -0.021069108 -0.040299058 22.109436035
-0.034812570 0.051618312 -0.998060107 -15.097108841 0.035152528 0.998110533 0.050394807 0.226170957 0.998775601 -0.033329967 -0.036561370 22.092761993
-0.029695272 0.051767029 -0.998217642 -15.948520660 0.035801470 0.998072326 0.050694462 0.267478049 0.998917699 -0.034232270 -0.031491399 22.085426331
-0.024506092 0.050541822 -0.998421252 -16.791177750 0.033967670 0.998186588 0.049696218 0.296173275 0.999122441 -0.032696187 -0.026178360 22.056632996
-0.021299243 0.044129107 -0.998798788 -17.672180176 0.037496511 0.998357773 0.043310016 0.332774878 0.999069750 -0.036529001 -0.022919059 22.044914246
-0.019389987 0.033356108 -0.999255598 -18.549022675 0.035601676 0.998832524 0.032651171 0.364887863 0.999178112 -0.034942068 -0.020554900 22.027524948
-0.018460631 0.025019649 -0.999516606 -19.456106186 0.027748831 0.999314606 0.024502093 0.389813483 0.999444604 -0.027283093 -0.019142270 21.988252640
-0.019914627 0.022107190 -0.999557257 -20.380506516 0.021941530 0.999524415 0.021669313 0.412909687 0.999560893 -0.021500278 -0.020390272 21.965675354
-0.023478627 0.028476160 -0.999318838 -21.326862335 0.012841561 0.999520361 0.028180199 0.429370522 0.999641955 -0.012171181 -0.023833036 21.918771744
-0.028088450 0.036597647 -0.998935342 -22.279067993 0.007846066 0.999306858 0.036390644 0.454513550 0.999574721 -0.006815559 -0.028356075 21.861656189
-0.032812595 0.045960516 -0.998404264 -23.302089691 0.006418503 0.998931229 0.045773830 0.489542842 0.999440968 -0.004906305 -0.033072472 21.827827454
-0.034265161 0.055840548 -0.997851610 -24.317617416 0.004930512 0.998435140 0.055703897 0.532779455 0.999400675 -0.003011223 -0.034486771 21.783926010
-0.035028100 0.063733585 -0.997352123 -25.329540253 0.006906953 0.997956038 0.063529611 0.575526237 0.999362528 -0.004663350 -0.035396695 21.743864059
-0.036903620 0.064392120 -0.997242153 -26.352491379 0.007969572 0.997909069 0.064140268 0.626752377 0.999287128 -0.005580589 -0.037339687 21.709861755
-0.038771510 0.061618909 -0.997346580 -27.373197556 0.006950037 0.998089373 0.061394632 0.679023206 0.999224126 -0.004551244 -0.039125681 21.664640427
-0.041238070 0.056775231 -0.997535110 -28.392555237 0.006729235 0.998377383 0.056544989 0.722028613 0.999126792 -0.004380845 -0.041553259 21.608228683
-0.045776010 0.051734149 -0.997611344 -29.423858643 0.006472731 0.998652458 0.051491145 0.765469432 0.998930871 -0.004100214 -0.046049237 21.558135986
-0.051322222 0.047165632 -0.997567892 -30.450054169 0.006242688 0.998879790 0.046906497 0.804239392 0.998662770 -0.003820165 -0.051559091 21.499011993
-0.058092356 0.045270637 -0.997284234 -31.480543137 0.005377000 0.998970985 0.045033995 0.842974126 0.998296738 -0.002746271 -0.058275938 21.426954269
-0.065077066 0.047572538 -0.996745646 -32.549160004 0.006030779 0.998863459 0.047279872 0.881939292 0.997862041 -0.002934316 -0.065289974 21.360992432
-0.070913792 0.052448109 -0.996102750 -33.615768433 0.004310463 0.998623490 0.052273974 0.922240019 0.997473300 -0.000586725 -0.071042180 21.267791748
-0.077096939 0.055765938 -0.995462894 -34.677352905 0.001652196 0.998440325 0.055804778 0.957585752 0.997022271 0.002657673 -0.077068806 21.175395966
-0.082310200 0.057713751 -0.994934380 -35.751468658 -0.000860506 0.998317301 0.057981186 1.009786010 0.996606469 0.005628586 -0.082122087 21.083923340
-0.084742188 0.058967538 -0.994656563 -36.825416565 -0.005784599 0.998201370 0.059670527 1.059466124 0.996386170 0.010810298 -0.084248662 20.975734711
-0.086319804 0.060123768 -0.994451642 -37.888896942 -0.010506856 0.998066902 0.061254352 1.113062143 0.996212125 0.015736021 -0.085521221 20.868236542
-0.087727189 0.059582006 -0.994361103 -38.991638184 -0.010942394 0.998091757 0.060770936 1.162990808 0.996084452 0.016211957 -0.086907864 20.760799408
-0.089115500 0.058994487 -0.994272768 -40.065933228 -0.011454084 0.998117626 0.060249243 1.210972428 0.995955527 0.016757617 -0.088271976 20.653358459
-0.090089321 0.058190390 -0.994232297 -41.153312683 -0.012284792 0.998150766 0.059532881 1.263094544 0.995857954 0.017577216 -0.089207888 20.549739838
-0.090693355 0.056939058 -0.994249940 -42.259098053 -0.015184477 0.998169065 0.058548599 1.321791172 0.995763242 0.020407125 -0.089662790 20.439121246
-0.091683030 0.054456923 -0.994298279 -43.349998474 -0.019864192 0.998204827 0.056502540 1.369689941 0.995590270 0.024931239 -0.090436697 20.327877045
-0.091829181 0.049361147 -0.994550526 -44.450561523 -0.024882251 0.998345017 0.051846910 1.419038534 0.995463789 0.029507723 -0.090449095 20.208648682
-0.091117263 0.048782311 -0.994644821 -45.549423218 -0.026328251 0.998332322 0.051375039 1.463267565 0.995492280 0.030868394 -0.089680910 20.107021332
-0.089753509 0.052787878 -0.994563997 -46.662536621 -0.027349593 0.998087227 0.055443011 1.508833289 0.995588362 0.032177135 -0.088138103 20.005985260
-0.087531328 0.056248244 -0.994572520 -47.771450043 -0.027381688 0.997891486 0.058845785 1.549232960 0.995785415 0.032383915 -0.085806608 19.898437500
-0.085733414 0.055634305 -0.994763792 -48.885688782 -0.025762217 0.997982085 0.058034610 1.609877348 0.995985150 0.030602809 -0.084127069 19.789093018
-0.083355308 0.054765221 -0.995014012 -49.992187500 -0.025648551 0.998040080 0.057080433 1.658475041 0.996189892 0.030278616 -0.081787348 19.692409515
-0.079134226 0.054959983 -0.995347857 -51.113021851 -0.030117217 0.997891426 0.057494871 1.714926958 0.996409059 0.034526914 -0.077312231 19.593910217
-0.073234081 0.055925276 -0.995745659 -52.254486084 -0.034748502 0.997677207 0.058589414 1.765153050 0.996709347 0.038891397 -0.071120620 19.492839813
-0.067467213 0.055487599 -0.996177554 -53.375553131 -0.038987417 0.997543097 0.058204129 1.818096876 0.996959686 0.042765237 -0.065138102 19.405792236
-0.061484575 0.054295871 -0.996630251 -54.519348145 -0.040856358 0.997545481 0.056866262 1.876986265 0.997271597 0.044215072 -0.059115410 19.321975708
-0.055802345 0.053438995 -0.997010767 -55.656429291 -0.039817777 0.997653186 0.055702016 1.927555680 0.997647583 0.042807050 -0.053543568 19.253433228
-0.050405860 0.053171400 -0.997312367 -56.794288635 -0.038563251 0.997733474 0.055142902 1.974653959 0.997983992 0.041239135 -0.048241138 19.191478729
-0.044588208 0.053467311 -0.997573614 -57.963680267 -0.037401263 0.997777343 0.055149943 2.031246662 0.998305082 0.039769545 -0.042489290 19.128215790
-0.038726449 0.055126037 -0.997728169 -59.110607147 -0.036642671 0.997727215 0.056548260 2.082090855 0.998577833 0.038749330 -0.036618471 19.073619843
-0.033377767 0.056545824 -0.997842014 -60.275901794 -0.037457682 0.997626007 0.057786547 2.127204418 0.998740733 0.039305627 -0.031180501 19.036701202
-0.028351784 0.055775009 -0.998040736 -61.432449341 -0.036705546 0.997710645 0.056799278 2.173255920 0.998923838 0.038243994 -0.026239634 19.002109528
-0.023669481 0.051222876 -0.998406827 -62.581520081 -0.036914267 0.997960687 0.052075125 2.221364975 0.999038160 0.038088039 -0.021730304 18.974071503
-0.018867731 0.045564141 -0.998783290 -63.748008728 -0.037144631 0.998239458 0.046241019 2.268933296 0.999131799 0.037971895 -0.017142057 18.944877625
-0.015300870 0.045512129 -0.998846591 -64.936019897 -0.036395706 0.998276174 0.046043668 2.302469969 0.999220312 0.037058238 -0.013618112 18.916603088
-0.011679530 0.047867745 -0.998785436 -66.109024048 -0.035750955 0.998194933 0.048257511 2.342521191 0.999292493 0.036271159 -0.009947181 18.890586853
-0.009412527 0.047685992 -0.998818040 -67.274276733 -0.036337260 0.998186231 0.047998261 2.382479429 0.999295235 0.036746096 -0.007662654 18.873191833
-0.008750081 0.047309995 -0.998842001 -68.468353271 -0.037948459 0.998144925 0.047609415 2.422866583 0.999241471 0.038321096 -0.006938577 18.863372803
-0.007860899 0.048245188 -0.998804629 -69.635345459 -0.039206002 0.998052597 0.048517425 2.462114096 0.999200284 0.039540518 -0.005954027 18.843086243
-0.006337404 0.047950137 -0.998829722 -70.809921265 -0.039868720 0.998043358 0.048165347 2.497943878 0.999184906 0.040127296 -0.004413247 18.822853088
-0.005857706 0.045925703 -0.998927712 -72.013732910 -0.040102467 0.998130441 0.046124209 2.536449432 0.999178410 0.040329646 -0.004005075 18.824829102
-0.005035877 0.044347294 -0.999003530 -73.194686890 -0.038672701 0.998260140 0.044509236 2.579746246 0.999239326 0.038858298 -0.003311992 18.811660767
-0.004505157 0.044642866 -0.998992860 -74.381057739 -0.035086304 0.998380840 0.044773743 2.609776020 0.999374151 0.035252675 -0.002931476 18.806144714
-0.004520416 0.045218073 -0.998967052 -75.571556091 -0.032694224 0.998436391 0.045341995 2.648629665 0.999455333 0.032865401 -0.003034949 18.797157288
-0.004198909 0.048034031 -0.998836994 -76.753089905 -0.032303981 0.998317838 0.048144866 2.685125351 0.999469399 0.032468561 -0.002640247 18.785987854
-0.002739429 0.051333372 -0.998677909 -77.920135498 -0.035361599 0.998052001 0.051398195 2.725924492 0.999370933 0.035455637 -0.000918865 18.751937866
-0.002298474 0.050487977 -0.998722076 -79.135978699 -0.036291488 0.998062551 0.050538156 2.792542696 0.999338627 0.036361266 -0.000461698 18.733589172
-0.001727581 0.047970522 -0.998847306 -80.309219360 -0.037976664 0.998125076 0.048001517 2.836631775 0.999277174 0.038015809 0.000097454 18.721794128
-0.001131058 0.045245301 -0.998975277 -81.490501404 -0.037828945 0.998258948 0.045255683 2.877550602 0.999283612 0.037841365 0.000582457 18.707710266
-0.002269864 0.045506857 -0.998961449 -82.681991577 -0.034888104 0.998352289 0.045558382 2.904648066 0.999388635 0.034955282 -0.000678420 18.717552185
-0.002063513 0.046375874 -0.998922050 -83.855682373 -0.033935595 0.998345435 0.046419207 2.947114944 0.999422014 0.033994790 -0.000486255 18.712921143
-0.001787782 0.049249046 -0.998784959 -85.017280579 -0.032349717 0.998260915 0.049281109 2.982374191 0.999475062 0.032398511 -0.000191450 18.709846497
-0.000865936 0.051939186 -0.998649895 -86.200630188 -0.033151593 0.998099864 0.051939324 3.015200377 0.999449968 0.033151805 0.000857592 18.694190979
-0.000396609 0.052180201 -0.998637617 -87.373039246 -0.034591109 0.998039305 0.052162677 3.055330276 0.999401510 0.034564666 0.001409113 18.680999756
-0.000490189 0.049708020 -0.998763800 -88.542594910 -0.034184273 0.998179257 0.049695704 3.098323345 0.999415576 0.034166362 0.001209974 18.678092957
-0.000181794 0.048867691 -0.998805225 -89.722732544 -0.032921478 0.998263538 0.048847180 3.130573511 0.999457896 0.032891024 0.001427293 18.678131104
-0.000159979 0.049879707 -0.998755276 -90.885002136 -0.031273767 0.998266459 0.049860306 3.170953035 0.999510884 0.031242812 0.001400292 18.674736023
0.000137091 0.052573089 -0.998617113 -92.054565430 -0.028820498 0.998202443 0.052547298 3.215362072 0.999584675 0.028773433 0.001652002 18.675224304
0.000052989 0.054992378 -0.998486757 -93.217864990 -0.027625967 0.998105764 0.054969925 3.256040573 0.999618351 0.027581248 0.001572073 18.676734924
0.000275552 0.056813285 -0.998384774 -94.399414062 -0.028246164 0.997986913 0.056782845 3.302580357 0.999600947 0.028184894 0.001879752 18.672477722
0.000672519 0.058838353 -0.998267412 -95.571762085 -0.030828752 0.997794271 0.058789700 3.347145796 0.999524593 0.030735791 0.002484977 18.663124084
0.001326978 0.058385983 -0.998293221 -96.709259033 -0.032673612 0.997763574 0.058311578 3.383021593 0.999465227 0.032540467 0.003231704 18.657798767
0.001308322 0.054093868 -0.998534977 -97.861770630 -0.035037827 0.997925222 0.054014925 3.433423519 0.999385118 0.034915831 0.003200948 18.646621704
0.002202809 0.052396517 -0.998624086 -99.014244080 -0.036682662 0.997958481 0.052280679 3.478082895 0.999324679 0.036517009 0.004120350 18.633773804
0.001686454 0.051187351 -0.998687625 -100.163421631 -0.036352973 0.998032093 0.051092364 3.508529663 0.999337554 0.036219098 0.003543973 18.641418457
0.001528382 0.051584225 -0.998667598 -101.321029663 -0.034966834 0.998060703 0.051499367 3.551701069 0.999387383 0.034841523 0.003329158 18.646156311
0.001641870 0.053639222 -0.998559177 -102.476440430 -0.035234820 0.997943461 0.053548213 3.594617367 0.999377847 0.035096120 0.003528476 18.643333435
0.001403630 0.055851094 -0.998438239 -103.625152588 -0.033899922 0.997867882 0.055771537 3.631715298 0.999424338 0.033768684 0.003293991 18.644027710
0.000807285 0.054508615 -0.998513043 -104.793663025 -0.037464529 0.997813940 0.054440163 3.683952808 0.999297738 0.037364863 0.002847672 18.634826660
0.001139402 0.056087889 -0.998425186 -105.942230225 -0.041285638 0.997577190 0.055993132 3.726388931 0.999146700 0.041156821 0.003452301 18.622764587
0.000840247 0.055192377 -0.998475432 -107.110153198 -0.044634297 0.997482717 0.055099942 3.777034283 0.999003112 0.044519946 0.003301620 18.609855652
0.000388980 0.051284023 -0.998684168 -108.264602661 -0.045690160 0.997642040 0.051212713 3.823601246 0.998955727 0.045610107 0.002731204 18.606796265
0.000018954 0.047252413 -0.998883009 -109.452865601 -0.045658488 0.997841299 0.047202270 3.873061180 0.998957157 0.045606595 0.002176344 18.596366882
-0.000836372 0.046443950 -0.998920560 -110.644691467 -0.042516168 0.998016000 0.046437494 3.913704157 0.999095440 0.042509116 0.001139879 18.589675903
-0.001305938 0.045883149 -0.998945951 -111.816230774 -0.038261797 0.998213053 0.045899503 3.948458910 0.999266922 0.038281411 0.000451922 18.594528198
-0.001661420 0.047736678 -0.998858690 -113.027320862 -0.037849344 0.998141229 0.047765341 3.993402243 0.999282181 0.037885491 0.000148535 18.581733704
-0.002112031 0.051443435 -0.998673797 -114.257209778 -0.036502566 0.998006403 0.051486254 4.037767410 0.999331415 0.036562882 -0.000229955 18.570037842
-0.003357649 0.051611200 -0.998661637 -115.473205566 -0.034851827 0.998054504 0.051697001 4.086181164 0.999386907 0.034978762 -0.001552343 18.578498840
-0.004220724 0.047441747 -0.998865187 -116.686820984 -0.035249908 0.998246133 0.047561299 4.131996632 0.999369681 0.035410646 -0.002541065 18.568763733
-0.004939675 0.043460418 -0.999042928 -117.936813354 -0.034794863 0.998442709 0.043606345 4.172518730 0.999382257 0.034976963 -0.003419757 18.557472229
-0.005498648 0.042227294 -0.999093056 -119.162162781 -0.034506202 0.998504996 0.042392347 4.211397648 0.999389470 0.034707990 -0.004033327 18.549560547
-0.006621838 0.043611318 -0.999026716 -120.406654358 -0.036667287 0.998366058 0.043825522 4.251491547 0.999305665 0.036921799 -0.005011916 18.537101746
-0.006951094 0.048465665 -0.998800695 -121.670799255 -0.041056469 0.997968733 0.048711028 4.289262295 0.999132693 0.041345824 -0.004947186 18.514762878
-0.006669879 0.051413991 -0.998655081 -122.930145264 -0.046739284 0.997569859 0.051670283 4.337310791 0.998884797 0.047021061 -0.004250646 18.488723755
-0.006847024 0.051187079 -0.998665690 -124.191665649 -0.053965721 0.997214735 0.051482704 4.386605263 0.998519421 0.054246206 -0.004065633 18.463661194
-0.006294847 0.049103424 -0.998774052 -125.448699951 -0.057216581 0.997139692 0.049383685 4.434862137 0.998342097 0.057457276 -0.003467321 18.437339783
-0.006988287 0.047983330 -0.998823702 -126.730880737 -0.059657380 0.997048974 0.048315462 4.477860928 0.998194456 0.059924845 -0.004105091 18.423416138
-0.007571816 0.047089312 -0.998862088 -127.990921021 -0.059886500 0.997076333 0.047459085 4.520235538 0.998176575 0.060177688 -0.004729629 18.404785156
-0.007791042 0.046819586 -0.998872936 -129.252365112 -0.057528157 0.997227907 0.047191188 4.554409981 0.998313427 0.057830989 -0.005075932 18.391754150
-0.008323550 0.047286052 -0.998846769 -130.511184692 -0.057630744 0.997198343 0.047688257 4.596554279 0.998303294 0.057961207 -0.005575061 18.376953125
-0.008884072 0.052290920 -0.998592377 -131.772735596 -0.057520024 0.996951580 0.052716732 4.640505791 0.998304844 0.057907395 -0.005849242 18.359252930
-0.009461880 0.056459304 -0.998360038 -133.036621094 -0.056635857 0.996771812 0.056906249 4.686449528 0.998350024 0.057081420 -0.006233692 18.340637207
-0.009596229 0.055549677 -0.998409986 -134.296524048 -0.057082143 0.996797204 0.056008592 4.730080605 0.998323560 0.057528831 -0.006394625 18.320983887
-0.008554697 0.053721067 -0.998519301 -135.565826416 -0.056610733 0.996928394 0.054120481 4.784150600 0.998359680 0.056989901 -0.005487204 18.304382324
-0.007660627 0.053417642 -0.998543024 -136.816040039 -0.055913612 0.996987045 0.053763364 4.828998566 0.998406351 0.056243997 -0.004650831 18.289581299
-0.006557226 0.052650426 -0.998591483 -138.069747925 -0.056059346 0.997023165 0.052935846 4.870790005 0.998405933 0.056327499 -0.003586173 18.272705078
-0.005642176 0.054691881 -0.998487413 -139.331176758 -0.056082752 0.996914327 0.054922629 4.920223713 0.998410225 0.056307804 -0.002557516 18.262268066
-0.004894137 0.058103181 -0.998298705 -140.585296631 -0.057036001 0.996669173 0.058287956 4.973664761 0.998360217 0.057224222 -0.001563787 18.252182007
-0.003744602 0.058719475 -0.998267591 -141.836944580 -0.058706719 0.996539831 0.058838058 5.031821728 0.998268366 0.058825325 -0.000284433 18.239578247
-0.002236366 0.056385227 -0.998406529 -143.085388184 -0.060747217 0.996557534 0.056416869 5.075600624 0.998150647 0.060776591 0.001196623 18.220031738
-0.002500415 0.053535525 -0.998562813 -144.323699951 -0.059369355 0.996796608 0.053589497 5.121785164 0.998232961 0.059418026 0.000685990 18.217132568
-0.002148628 0.051910866 -0.998649418 -145.569442749 -0.056176450 0.997068405 0.051949549 5.162370682 0.998418570 0.056212198 0.000773907 18.215377808
-0.002200484 0.051034901 -0.998694599 -146.820312500 -0.054884598 0.997185349 0.051078711 5.211554050 0.998490453 0.054925334 0.000606716 18.206039429
-0.002578855 0.051752858 -0.998656750 -148.057495117 -0.052400064 0.997280955 0.051816873 5.247465611 0.998623013 0.052463286 0.000140011 18.207061768
-0.002891183 0.050353158 -0.998727441 -149.286499023 -0.050537869 0.997447848 0.050434943 5.291077614 0.998718083 0.050619360 -0.000339031 18.201049805
-0.002437472 0.050379325 -0.998727143 -150.532043457 -0.049502544 0.997499645 0.050438218 5.336000919 0.998771012 0.049562477 0.000062585 18.186843872
-0.002960920 0.052844919 -0.998598397 -151.769531250 -0.047391880 0.997473240 0.052925892 5.384676933 0.998872042 0.047482155 -0.000448942 18.184219360
-0.002838492 0.054377336 -0.998516381 -153.005340576 -0.044630334 0.997518599 0.054449867 5.425757408 0.998999536 0.044718679 -0.000404596 18.180023193
-0.003061652 0.052894633 -0.998595417 -154.235549927 -0.042629782 0.997685373 0.052977126 5.472569466 0.999086261 0.042732093 -0.000799656 18.172531128
-0.004218936 0.053444359 -0.998561978 -155.457580566 -0.044026349 0.997592628 0.053578489 5.518302441 0.999021530 0.044189073 -0.001855850 18.168350220
-0.003620028 0.058025517 -0.998308599 -156.711685181 -0.044399712 0.997321248 0.058129132 5.565424919 0.999007344 0.044535041 -0.001034021 18.158081055
-0.003265619 0.064500049 -0.997912347 -157.945404053 -0.049019903 0.996707678 0.064582601 5.617324829 0.998792470 0.049128469 -0.000093102 18.146575928
-0.002075434 0.064972945 -0.997884989 -159.168731689 -0.054452479 0.996399164 0.064989455 5.671132088 0.998514295 0.054472178 0.001469970 18.126831055
-0.000390053 0.060923062 -0.998142362 -160.414886475 -0.058038134 0.996458590 0.060842969 5.730486393 0.998314261 0.057954051 0.003147185 18.108016968
0.001061857 0.055905011 -0.998435497 -161.645507812 -0.059561454 0.996667027 0.055742644 5.778101921 0.998224080 0.059409082 0.004388094 18.104095459
0.002070606 0.054316979 -0.998521566 -162.875381470 -0.062022999 0.996608257 0.054084286 5.820485115 0.998072505 0.061819322 0.005432487 18.099594116
0.003317416 0.051100284 -0.998688102 -164.094161987 -0.057081569 0.997074842 0.050828125 5.863949776 0.998364091 0.056838054 0.006224573 18.099365234
0.003975809 0.046706494 -0.998900712 -165.329742432 -0.053799026 0.997471988 0.046425555 5.909020424 0.998543859 0.053555306 0.006478548 18.094573975
0.003170907 0.042975131 -0.999071121 -166.527175903 -0.047016710 0.997977674 0.042778872 5.940215588 0.998889089 0.046837389 0.005185008 18.107986450
0.001681030 0.046056889 -0.998937488 -167.749633789 -0.044324800 0.997960448 0.045937248 5.975463867 0.999015868 0.044200473 0.003719032 18.114776611
0.002752721 0.052484736 -0.998617947 -169.008941650 -0.045287155 0.997603655 0.052306592 6.017679214 0.998970211 0.045080580 0.005123019 18.111968994
0.004158795 0.055796616 -0.998433650 -170.214035034 -0.046939760 0.997352421 0.055540677 6.058959961 0.998889208 0.046635237 0.006766856 18.117263794
0.005823314 0.052147318 -0.998622537 -171.422836304 -0.047803197 0.997512162 0.051810581 6.108905792 0.998839915 0.047435630 0.008301616 18.116531372
0.006505251 0.052509140 -0.998599291 -172.624160767 -0.050170440 0.997379899 0.052118193 6.152029991 0.998719573 0.049761120 0.009122610 18.113677979
0.007840335 0.053710163 -0.998525739 -173.831558228 -0.048954427 0.997379780 0.053264137 6.194175243 0.998770177 0.048464652 0.010449111 18.112274170
0.008369684 0.051296111 -0.998648405 -175.028244019 -0.048777752 0.997515500 0.050829113 6.242067337 0.998774588 0.048286401 0.010850966 18.119644165
0.010234296 0.049859866 -0.998703837 -176.222137451 -0.048917387 0.997585237 0.049302738 6.280817509 0.998750448 0.048349399 0.012648582 18.125122070
0.011744082 0.051776987 -0.998589635 -177.378067017 -0.050174367 0.997430980 0.051126830 6.315643311 0.998671472 0.049503163 0.014311790 18.135437012
0.013169467 0.053826999 -0.998463392 -178.506042480 -0.049980167 0.997337282 0.053107064 6.344554901 0.998663366 0.049203973 0.015824676 18.144500732
0.013612390 0.055247106 -0.998379886 -179.601638794 -0.051077437 0.997207284 0.054485802 6.378468037 0.998601913 0.050253008 0.016396284 18.155868530
0.013838470 0.056748167 -0.998292625 -180.685882568 -0.051330231 0.997112155 0.055969514 6.403336525 0.998585880 0.050468057 0.016711414 18.161209106
0.013643622 0.057682388 -0.998241842 -181.735946655 -0.050636914 0.997093558 0.056923948 6.439891815 0.998624027 0.049771227 0.016524792 18.170944214
0.014263272 0.056797877 -0.998283803 -182.756362915 -0.050936751 0.997130334 0.056004476 6.471127510 0.998600006 0.050050523 0.017115414 18.178634644
0.015672147 0.056863863 -0.998259127 -183.738723755 -0.052075196 0.997072995 0.055978749 6.502171516 0.998520374 0.051107209 0.018587470 18.190261841
0.017094791 0.057608414 -0.998192847 -184.693832397 -0.052465018 0.997015119 0.056641940 6.531906128 0.998476446 0.051401924 0.020066202 18.205474854
0.016435802 0.055963207 -0.998297691 -185.628448486 -0.051079500 0.997175694 0.055059347 6.559780598 0.998559475 0.050087590 0.019247949 18.219787598
0.013089776 0.052917320 -0.998513103 -186.572052002 -0.048740629 0.997445345 0.052221779 6.589197636 0.998725653 0.047984589 0.015635550 18.229232788
0.008263767 0.049240131 -0.998752892 -187.492065430 -0.048802964 0.997616529 0.048780303 6.618473530 0.998774350 0.048338983 0.010647118 18.229980469
0.003346145 0.046245456 -0.998924494 -188.436752319 -0.050129488 0.997681916 0.046020009 6.650807381 0.998737097 0.049921587 0.005656600 18.224456787
-0.000314593 0.045299564 -0.998973548 -189.366302490 -0.052717615 0.997583568 0.045253135 6.685156822 0.998609543 0.052677728 0.002074301 18.215133667
-0.003259897 0.046425004 -0.998916447 -190.289566040 -0.053994693 0.997456372 0.046533354 6.702252388 0.998535931 0.054087877 -0.000744939 18.206008911
-0.005368710 0.048218038 -0.998822391 -191.203979492 -0.052595958 0.997440636 0.048434045 6.729994774 0.998601377 0.052794050 -0.002818942 18.198913574
-0.006860018 0.049704731 -0.998740435 -192.134521484 -0.049965817 0.997499287 0.049986161 6.759702682 0.998727381 0.050245784 -0.004359365 18.192184448
-0.008372545 0.049839213 -0.998722255 -193.056716919 -0.048194401 0.997576416 0.050186060 6.789544582 0.998803020 0.048552997 -0.005950332 18.186141968
-0.009274960 0.048006881 -0.998804092 -193.963775635 -0.048879884 0.997631073 0.048404403 6.830026627 0.998761773 0.049270362 -0.006906509 18.169403076
-0.010118246 0.047553137 -0.998817563 -194.876327515 -0.050756119 0.997556567 0.048007272 6.848621845 0.998659909 0.051181838 -0.007679820 18.153717041
-0.010145545 0.047041606 -0.998841524 -195.784301758 -0.054233138 0.997396708 0.047524422 6.871426582 0.998476863 0.054652460 -0.007568002 18.135589600
-0.009128571 0.045857817 -0.998906434 -196.689788818 -0.056349449 0.997336924 0.046300713 6.891375542 0.998369575 0.056710470 -0.006520152 18.116683960
-0.008221626 0.042902041 -0.999045491 -197.602645874 -0.056073055 0.997487426 0.043296579 6.922207832 0.998392880 0.056375492 -0.005795360 18.104675293
-0.007311583 0.040374670 -0.999157965 -198.519592285 -0.056048505 0.997597277 0.040721755 6.947381973 0.998401403 0.056299042 -0.005031109 18.082855225
-0.006444931 0.040039979 -0.999177456 -199.432388306 -0.055854369 0.997623742 0.040337987 6.974844933 0.998418272 0.056068383 -0.004193187 18.063888550
-0.006066680 0.043097720 -0.999052465 -200.391311646 -0.053562019 0.997622609 0.043361288 6.992621422 0.998546124 0.053774323 -0.003743887 18.069305420
-0.006231308 0.044256590 -0.999000907 -201.328643799 -0.052820988 0.997610927 0.044524480 7.019586563 0.998584747 0.053045649 -0.003878713 18.060546875
-0.005150676 0.040994924 -0.999146223 -202.264175415 -0.047780000 0.998008072 0.041194532 7.041951180 0.998844743 0.047951374 -0.003181696 18.053390503
-0.005242944 0.037525099 -0.999282062 -203.202163696 -0.046613891 0.998200238 0.037729040 7.072368622 0.998899341 0.046778224 -0.003484368 18.050842285
-0.004474282 0.038206596 -0.999259830 -204.150222778 -0.050843205 0.997968733 0.038384881 7.100290298 0.998696625 0.050977316 -0.002522588 18.032730103
-0.002939463 0.042245984 -0.999102890 -205.105697632 -0.052136317 0.997741938 0.042341825 7.126111507 0.998635590 0.052214008 -0.000730276 18.021072388
-0.000952363 0.041740984 -0.999128103 -206.064376831 -0.049822200 0.997885644 0.041736566 7.154263496 0.998757780 0.049818501 0.001129270 18.020217896
0.001500905 0.042433482 -0.999098182 -207.044158936 -0.048924718 0.997905970 0.042309348 7.194736004 0.998801351 0.048817094 0.003573835 18.018783569
0.003026962 0.047158934 -0.998882830 -208.026000977 -0.049955927 0.997647345 0.046949223 7.229080200 0.998746872 0.049758002 0.005375683 18.015747070
0.004905164 0.051325601 -0.998669982 -209.015869141 -0.047405474 0.997571051 0.051036280 7.260872364 0.998863757 0.047092076 0.007326365 18.010284424
0.006294847 0.051491555 -0.998653591 -210.013442993 -0.046551246 0.997605741 0.051144101 7.299540997 0.998896062 0.046166629 0.008676767 18.028991699
0.008981466 0.052339595 -0.998588979 -211.023651123 -0.050086811 0.997399271 0.051826745 7.341221333 0.998704493 0.049550653 0.011579633 18.020431519
0.011257052 0.053966951 -0.998479366 -212.038497925 -0.052859873 0.997178435 0.053300690 7.380533218 0.998538554 0.052179474 0.014077961 18.028594971
0.014743447 0.054818034 -0.998387516 -213.075820923 -0.054498296 0.997055888 0.053940129 7.415445328 0.998405039 0.053615157 0.017687559 18.042175293
0.017686188 0.052078079 -0.998486519 -214.102111816 -0.057365566 0.997050405 0.050987061 7.458881855 0.998196721 0.056376960 0.020621479 18.051025391
