1.0 0.0 0.0 0.0 0.0 1.0 0.0 0.0 0.0 0.0 1.0 0.0
0.999998688348 0.00156993234 0.0003982669 1.146891 -0.00157006766 0.99999870975 0.00033968757 0.008846 -0.0003977331 -0.00034031243 0.999999862998 0.015025
0.999996274694 0.002633943666 0.000716196834 2.344058 -0.002634051066 0.999996519772 0.000149056878 0.010314 -0.000715801734 -0.000150942822 0.999999732422 0.029868
0.999992992092 0.003645979108 0.000850056636 3.534204 -0.003646006308 0.99999335283 3.0450386e-05 0.002219 -0.000849939964 -3.3549486e-05 0.999999638238 0.046371
0.999989504748 0.004501967794 0.000850096494 4.728885 -0.004502005194 0.99998986503 4.2086518e-05 0.0056 -0.000849898406 -4.5913218e-05 0.999999637782 0.053313
0.999986130668 0.005242013854 0.000509694434 5.947703 -0.005241954694 0.99998625399 -0.000117336362 0.011027 -0.000510302506 0.000114662942 0.999999863222 0.072948
0.999982192636 0.005957989506 0.00034176627 7.144143 -0.00595796283 0.999982248076 -7.9018506e-05 -0.002429 -0.000342230994 7.698087e-05 0.999999938476 0.085889
0.999981203142 0.005979813036 0.00135468691 8.35963 -0.005980127164 0.999982092888 0.00022795038 -0.003727 -0.00135329955 -0.0002360473 0.99999905643 0.108095
0.999985444014 0.004976000956 0.002085941896 9.561239 -0.004975959236 0.999987619512 -2.5189888e-05 -0.003141 -0.002086041416 1.4809952e-05 0.999997824102 0.121136
0.999992974508 0.003091101504 0.002120382776 10.742756 -0.003088886136 0.999994680982 -0.001047276402 0.00148 -0.002123608736 0.001040719422 0.99999720359 0.138311
0.999997370304 0.001017281928 0.00205536396 11.928154 -0.00101471604 0.99999870512 -0.0012490432 0.004961 -0.002056631928 0.001246954304 0.99999710768 0.153063
0.99999796823 -0.00021676131 0.00200413272 13.12205 0.000219238254 0.99999921239 -0.001235780328 0.010792 -0.002003863272 0.0012362172 0.999997228144 0.169009
0.99999695459 -0.001133670066 0.002192167908 14.315527 0.001134327666 0.999999312022 -0.000298756836 0.017556 -0.002191827708 0.000301242564 0.999997552568 0.180791
0.99999652519 -0.001494302586 0.002171788668 15.498739 0.001493694426 0.999998844782 0.000281622204 0.024935 -0.002172206988 -0.000278377236 0.999997602008 0.194629
0.9999948419 -0.002013755292 0.002502192856 16.701501 0.00201424068 0.999997953084 -0.000191480292 0.033231 -0.00250180214 0.00019651932 0.99999685118 0.212605
0.999992590398 -0.002589450852 0.002848488994 17.902848 0.002590538788 0.999996572988 -0.000378311076 0.032669 -0.002847499614 0.000385687396 0.999995871486 0.225602
0.99999169606 -0.00319689732 0.00252738288 19.104524 0.003199089888 0.999994509686 -0.00086395919 0.045636 -0.002524607016 0.000872037338 0.99999643295 0.237795
0.99999117703 -0.003803204748 0.001783677804 20.305862 0.003804780036 0.999992374064 -0.000880608868 0.048636 -0.001780315068 0.000887387596 0.99999802151 0.253001
0.999987855288 -0.004467485316 0.002081070548 21.491006 0.004468487876 0.999989902326 -0.000477351834 0.070417 -0.002078916972 0.000486645274 0.999997720638 0.267131
0.99998296371 -0.005425739424 0.002152593678 22.688239 0.005426217168 0.99998525462 -0.000216160736 0.075152 -0.002151389106 0.000227837488 0.999997659806 0.282997
0.99997966974 -0.006134026816 0.001741788868 23.882364 0.006133911844 0.999981184844 7.1342384e-05 0.092706 -0.001742193712 -6.0656956e-05 0.99999848054 0.29768
0.99997160543 -0.007134525498 0.002426292246 25.092412 0.007133374626 0.999974440684 0.000482657358 0.098977 -0.002429673762 -0.000465336006 0.99999694007 0.318746
0.999961978488 -0.00786815444 0.003759474584 26.298664 0.0078676882 0.9999690396 0.0001387906 0.122584 -0.003760450216 -0.00010920692 0.999992923512 0.328161
0.999953609022 -0.008582114032 0.004373449832 27.499205 0.008585679952 0.999962824544 -0.000797234168 0.129392 -0.004366445288 0.000834746248 0.999990118622 0.345341
0.999948385632 -0.00939690868 0.003863187872 28.685898 0.00940284692 0.9999546342 -0.00152185678 0.14764 -0.003848711872 0.00155810318 0.999991379832 0.356279
0.9999418715 -0.01032686629 0.00309991177 29.886532 0.01033282381 0.999944786958 -0.00191201123 0.16309 -0.00307999553 0.00194393093 0.999993367358 0.370654
0.999934112984 -0.011073377796 0.00302488706 31.076979 0.01107824562 0.999937358614 -0.001597269954 0.172224 -0.003007010396 0.00163067517 0.999994149374 0.378585
0.999925567254 -0.011713069626 0.003415249506 32.287452 0.011718485166 0.999930103622 -0.001570017442 0.193735 -0.003396621066 0.001609922138 0.999992935532 0.394853
0.99991682223 -0.012330044426 0.003784008108 33.479197 0.012337437546 0.999922015422 -0.001936696916 0.211546 -0.003759833468 0.001983220764 0.999990965208 0.405363
0.999908805222 -0.012934532196 0.003883169176 34.675846 0.012944846684 0.999912719088 -0.002642922948 0.227826 -0.003848645256 0.002692948988 0.99998896791 0.41721
0.99989966835 -0.013576902572 0.004039908554 35.880266 0.013586391164 0.999904984556 -0.002330611708 0.253819 -0.004007882198 0.002385265676 0.99998912363 0.436474
0.999894961886 -0.013736186918 0.004624104886 37.071593 0.013747071014 0.999902789196 -0.002330274658 0.270716 -0.004591646282 0.002393597794 0.999986593646 0.450766
0.999892316748 -0.013494284944 0.005767067552 38.281236 0.013508958944 0.999905591646 -0.002513110294 0.297657 -0.005732610448 0.002590746794 0.999980212398 0.456104
0.999884152446 -0.013572514628 0.006889735662 39.473935 0.013590670452 0.999904274556 -0.002595252988 0.306459 -0.006853852018 0.002688588492 0.999972897726 0.469248
0.99988791687 -0.013267855434 0.006936681658 40.655506 0.013283374558 0.99990936063 -0.002195986746 0.331177 -0.006906916866 0.002287883218 0.999973529676 0.480257
0.999890399532 -0.013086930668 0.0069225077 41.869763 0.013100336068 0.999912391782 -0.00189470591 0.347935 -0.00689710534 0.00198518545 0.99997424415 0.48444
0.999883229694 -0.012736458364 0.008444506938 43.082432 0.012734802948 0.999918877944 0.000249778444 0.390765 -0.008447003194 -0.000142210188 0.999964313334 0.49036
0.999872579612 -0.011253672056 0.011321632568 44.267783 0.011245607944 0.999936465278 0.000775685966 0.418229 -0.011329642568 -0.000648268466 0.99993560739 0.488039
0.999855869238 -0.009542376998 0.014042221284 45.482695 0.009520936698 0.99995340615 0.001592907364 0.425096 -0.014056767116 -0.001458982764 0.999900134412 0.491352
0.999814743774 -0.008192693208 0.017417168498 46.686042 0.008158538248 0.999964655712 0.002031145368 0.440804 -0.017433193458 -0.001888670392 0.999846246462 0.489244
0.999793545942 -0.006812651808 0.019142969352 47.894659 0.006778641408 0.999975330104 0.001840979348 0.46256 -0.019155039048 -0.001710835948 0.999815061662 0.489085
0.99981613259 -0.005322000504 0.018422198932 49.097433 0.005301510792 0.999985273056 0.001160888304 0.459921 -0.018428105876 -0.001063009392 0.99982962299 0.487056
0.9998422814 -0.004244316576 0.017245225968 50.298475 0.004227344544 0.999990544024 0.001020491904 0.484783 -0.017249394192 -0.000947429376 0.99985076912 0.489904
0.99985858955 -0.0034079513 0.01646775755 51.503722 0.0033918107 0.9999937398 0.0010079647 0.503621 -0.01647108955 -0.0009519667 0.99986388935 0.471173
0.999863257564 -0.003298393272 0.016204533264 52.72118 0.003289382736 0.999994420214 0.000582672378 0.499936 -0.016206364728 -0.000529289814 0.999868528214 0.469228
0.999872891868 -0.003972606194 0.015440803166 53.918834 0.003967139726 0.999992056892 0.000384641042 0.509564 -0.015442208546 -0.000323336302 0.99988070966 0.470831
0.99986234183 -0.005687942232 0.015586691026 55.142188 0.00568367112 0.999983797164 0.000318307368 0.543522 -0.01558824899 -0.000229674 0.99987846959 0.4592
0.999835859118 -0.007190923518 0.016629656194 56.341398 0.007192486738 0.99997413315 -3.4194666e-05 0.554711 -0.016628980146 0.000153797626 0.999861717132 0.460585
0.999816957702 -0.008231735394 0.01727105868 57.557637 0.008239506894 0.999965982902 -0.00037886144 0.558271 -0.01726735248 0.00052109716 0.9998507723 0.455144
0.999810646508 -0.009120832096 0.017189584316 58.796647 0.009122310436 0.99995839086 -7.592368e-06 0.562873 -0.017188799824 0.000164399548 0.999852248252 0.452927
0.999805519862 -0.009828322926 0.017097550636 59.98895 0.009822714126 0.99995167107 0.000411996228 0.585453 -0.017100773564 -0.000243971628 0.999853741208 0.44675
0.99981434622 -0.009685521128 0.016657253104 61.179329 0.00968558776 0.999953090694 7.6674878e-05 0.592656 -0.01665721436 8.467451e-05 0.99986125551 0.438591
0.999819121622 -0.00968187811 0.016370260802 62.380326 0.00968525033 0.999953088854 -0.00012672719 0.613595 -0.016368265898 0.00028525427 0.999865990332 0.448124
0.99980432715 -0.010382918692 0.016837527994 63.586624 0.010384063676 0.99994608396 1.9426228e-05 0.625157 -0.016836821882 0.000155419564 0.999858238566 0.447979
0.999775389566 -0.010480966372 0.018420639392 64.787417 0.010493858972 0.999944755928 -0.000603376808 0.632853 -0.018413297792 0.000796544792 0.999830143638 0.4379
0.999779204332 -0.01078781703 0.01803235449 65.975246 0.01079899563 0.999941552582 -0.00052265799 0.656837 -0.01802566221 0.00071727381 0.99983726735 0.444076
0.99979443423 -0.010948087294 0.017065432902 67.187934 0.010942796214 0.999940044492 0.000403397354 0.669638 -0.017068826162 -0.000216571026 0.999854293638 0.441311
0.999797882262 -0.010890258484 0.016899610214 68.370154 0.010860632164 0.99993932156 0.001843867228 0.692279 -0.016918664966 -0.001659954068 0.999855491198 0.431704
0.999793692678 -0.010860320184 0.017164670424 69.559036 0.010814552664 0.99993772043 0.002756959892 0.723745 -0.017193542856 -0.002570763052 0.999848875352 0.430291
0.999790740014 -0.010741260494 0.017409802746 70.755082 0.010665562066 0.99993328571 0.004435067958 0.739041 -0.017456279514 -0.004248454422 0.99983860134 0.422818
0.999781473926 -0.010177888498 0.018259664036 71.94104 0.010064917106 0.99992970107 0.006268211428 0.749417 -0.018322177508 -0.006083059804 0.99981362988 0.430962
0.999784269552 -0.00823207916 0.01906954524 73.142253 0.00809494116 0.999940898352 0.0072575354 0.780366 -0.01912816276 -0.007101603 0.9997918188 0.417905
0.999818932294 -0.005661478536 0.018167292396 74.318146 0.005545961064 0.99996412364 0.006402639572 0.794435 -0.018202889004 -0.006300725228 0.99981446075 0.405486
0.999899938662 -0.003548677724 0.013693783588 75.485431 0.003503138924 0.999988259174 0.003348066676 0.803724 -0.013705504012 -0.003299760476 0.999900630512 0.422493
0.999919349852 -0.000541715828 0.01268858504 76.659418 0.000486260528 0.999990319452 0.00437316082 0.810553 -0.01269083122 -0.00436663816 0.9999099335 0.416521
0.99988282086 0.001933857522 0.015185668334 77.855836 -0.001998016654 0.999989137884 0.004210940862 0.797983 -0.015177360018 -0.004240788674 0.9998758239 0.409652
0.999833734134 0.005279401504 0.017453701044 79.027586 -0.005348130864 0.999978118902 0.003893477932 0.804328 -0.017432763884 -0.003986175348 0.999840091632 0.421168
0.99982611683 0.009023086292 0.016319324074 80.179258 -0.009088098668 0.99995104236 0.003914005084 0.803861 -0.016283208746 -0.004061635996 0.999859170326 0.405286
0.999824320742 0.01278006868 0.013711227574 81.365698 -0.01282677896 0.99991220792 0.00332420308 0.788837 -0.013667540326 -0.00349948984 0.999900471078 0.413434
0.999818169902 0.016024657536 0.010336238196 82.504733 -0.016053866784 0.999867349088 0.002749151448 0.780904 -0.010290812916 -0.002914588008 0.99994280059 0.416507
0.99976811286 0.019381677526 0.009384604078 83.667773 -0.019404033982 0.99980908511 0.002297075794 0.768134 -0.009338291206 -0.002478642422 0.999953325206 0.425137
0.999675591198 0.023182779444 0.010548506028 84.827596 -0.023209416084 0.999727720886 0.002409770896 0.739374 -0.010489768692 -0.002653813856 0.999941459288 0.433912
0.9995827996 0.026608264512 0.011235112584 85.990836 -0.026642143608 0.99964089647 0.002876618726 0.706622 -0.011154536256 -0.003174745814 0.999932746454 0.43934
0.99949225631 0.030264433372 0.009964639784 87.151098 -0.030295813924 0.999536434224 0.003013416652 0.682804 -0.009868821208 -0.003313773364 0.99994581119 0.444216
0.999405823398 0.033532295848 0.00797410823 88.31025 -0.033553706848 0.999433620848 0.00256657988 0.64514 -0.00788352863 -0.00283261552 0.99996491255 0.44699
0.99928195302 0.037097586162 0.007703793454 89.43327 -0.037117052798 0.99930804462 0.002399432934 0.627893 -0.007609449666 -0.002683651946 0.999967446636 0.445907
0.999183832688 0.0395143383 0.008383593972 90.611279 -0.03953345358 0.999215983856 0.0021266817 0.555944 -0.008292986628 -0.00245637858 0.999962595568 0.459011
0.999052318812 0.042453701936 0.009599378932 91.765172 -0.042466167284 0.999097301948 0.001098387536 0.529781 -0.009544082992 -0.001504995316 0.99995332166 0.465339
0.998914946718 0.045156539986 0.011393745958 92.904464 -0.045158977874 0.998979812652 -4.3346314e-05 0.480429 -0.011384079578 -0.000471230326 0.99993508827 0.468126
0.998780090076 0.047773147216 0.012492345636 94.078187 -0.047761705764 0.99885802254 -0.001212788768 0.427543 -0.012536018384 0.000614653692 0.99992123214 0.472315
0.998683129518 0.05000338479 0.011474636852 95.215846 -0.04997960993 0.998747474046 -0.00234961566 0.364387 -0.011577753348 0.00177302342 0.999931403628 0.485185
0.998608267494 0.052149770704 0.007869369406 96.372671 -0.052121721496 0.9986337779 -0.003728444528 0.308905 -0.008053055794 0.003313090072 0.99996208511 0.491358
0.998517756672 0.054149384368 0.005489471632 97.532251 -0.054130320592 0.998527519502 -0.003563944712 0.256654 -0.005674373872 0.003261515272 0.999978581774 0.494979
0.9984131399 0.056139301932 0.004425187676 98.713538 -0.056123999484 0.998417638414 -0.003509617362 0.194917 -0.004615212812 0.003255688974 0.99998405003 0.491801
0.998382424294 0.056660113428 0.0047078331 99.887026 -0.05664586566 0.99838949912 -0.00310664574 0.136427 -0.004876274172 0.002834940996 0.99998409239 0.499394
0.998410015932 0.056037001378 0.006106780994 101.076229 -0.056018270722 0.998424626462 -0.003196380274 0.088774 -0.006276276194 0.002849206574 0.999976244894 0.502523
0.998470825662 0.054752284058 0.007628681736 102.277176 -0.054725660262 0.998494733742 -0.003656214616 0.025396 -0.007817384696 0.003233138856 0.999964217004 0.511073
0.998562030872 0.0529152679 0.008593282476 103.469451 -0.05288652386 0.99859425875 -0.00353858373 -0.042185 -0.008768447676 0.00307902645 0.999956816022 0.517177
0.99868735855 0.050380833132 0.009237389724 104.671237 -0.050349914748 0.99872532911 -0.003549786604 -0.105384 -0.009404456436 0.003080024836 0.999951033584 0.519338
0.99883638003 0.047264402052 0.009589700616 105.858495 -0.047235995772 0.998878735352 -0.003167473904 -0.154541 -0.009728656776 0.002710809136 0.999949001078 0.522921
0.99901361774 0.043397973168 0.009402581724 107.088279 -0.04337658822 0.999055748476 -0.002466583632 -0.199569 -0.009500748 0.00205629894 0.99995275262 0.525362
0.999169133126 0.039629401398 0.009516027284 108.284045 -0.039610113354 0.999212774646 -0.002206962468 -0.24338 -0.009595996588 0.001828198044 0.999952286156 0.521946
0.999311039758 0.035623677834 0.010411441758 109.501093 -0.035607996954 0.999364408556 -0.001687686994 -0.290276 -0.010464946002 0.001315793314 0.999944375198 0.522602
0.99944703134 0.031284285394 0.011266142562 110.719619 -0.031271080774 0.999510033788 -0.001346362866 -0.329214 -0.011302742502 0.000993314214 0.999935628652 0.530086
0.99956600079 0.026869492458 0.012076416126 111.941697 -0.026856650754 0.9996385451 -0.001224316078 -0.349603 -0.012104947818 0.000899452406 0.999926327846 0.528097
0.999679654232 0.02204701344 0.012430539904 113.167949 -0.02203745952 0.99975673612 -0.00090505224 -0.3704 -0.012447469696 0.00063082488 0.999922328288 0.531676
0.99977825591 0.016955291106 0.012488295128 114.384589 -0.016950843954 0.999856217574 -0.000461875104 -0.387435 -0.012494330752 0.000250085736 0.9999219116 0.529477
0.99985076622 0.01198482244 0.01244224682 115.607996 -0.011986290596 0.99992816094 4.3430728e-05 -0.390664 -0.012440832472 -0.00019256054 0.999922591356 0.530556
0.999897180956 0.007336216736 0.012321013 116.845439 -0.00734740148 0.999972635286 0.000862757014 -0.386596 -0.012314346464 -0.00095319577 0.999923721206 0.537845
0.99991998275 0.003666560784 0.012107211562 118.048267 -0.003689292096 0.999991472716 0.001855703184 -0.399565 -0.012100304278 -0.001900221696 0.99992498315 0.535315
0.999924578222 0.00123998178 0.012218849098 119.277887 -0.00129996234 0.9999871395 0.00490213482 -0.393843 -0.012212613398 -0.00491764914 0.999913330622 0.531905
0.99992388659 -1.3286012e-05 0.012337776416 120.530814 -6.128486e-05 0.999981734744 0.006043706888 -0.389452 -0.01233763136 -0.006044003 0.99990562191 0.53709
0.9999220923 -0.00105394919 0.01243778493 121.771832 0.000957996486 0.99996975651 0.007718050102 -0.381576 -0.012445543202 -0.00770553345 0.999892860846 0.540086
0.99991181251 -0.002028640404 0.013124470482 123.01178 0.001907229708 0.99995533772 0.009256618804 -0.371094 -0.013142662674 -0.009230771092 0.999871023254 0.53665
0.999903314784 -0.002890385264 0.013601720232 124.25053 0.002757411408 0.999948325134 0.009784874216 -0.373483 -0.013629299416 -0.009746422632 0.999859614894 0.541566
0.999871821998 -0.003748549236 0.015565600354 125.507314 0.003547064076 0.99990983116 0.012951751188 -0.346675 -0.015612747106 -0.012894878868 0.999794961062 0.546686
0.999818400492 -0.004591463938 0.018495527366 126.7536 0.004315885778 0.99987949275 0.014912180654 -0.340616 -0.018561767254 -0.014829648034 0.999717731358 0.515103
0.999805096124 -0.005470571224 0.018969524976 128.016159 0.005220680336 0.99989927519 0.013197882678 -0.327961 -0.019039814184 -0.013096276602 0.99973295103 0.52005
0.999822330174 -0.005860268034 0.017915496268 129.270757 0.005626973758 0.999899081214 0.013044706284 -0.314008 -0.017990133804 -0.012941578508 0.999754404924 0.519446
0.999813657214 -0.006697622274 0.018105046932 130.530581 0.006489546882 0.99991250207 0.011527098284 -0.310353 -0.018180666924 -0.011407456748 0.99976964012 0.495808
0.99977074815 -0.00757367742 0.020027248 131.787215 0.0074053339 0.999936737118 0.008466570828 -0.301868 -0.02009010408 -0.008316321428 0.999763585368 0.499042
0.999729441464 -0.007664743904 0.0219612172 133.051574 0.00754216112 0.999955543704 0.005659181696 -0.287642 -0.022003617104 -0.00549201536 0.999742805984 0.480923
0.99969354936 -0.008200945384 0.023357049272 134.295508 0.008125781032 0.999961503224 0.003311153656 -0.280605 -0.023383304696 -0.003120344648 0.99972170348 0.469708
0.999720723132 -0.007802672276 0.02230681282 135.545322 0.007816234324 0.999969317118 -0.00052085251 -0.265747 -0.02230206434 0.00069506237 0.99975103635 0.466898
0.99974414108 -0.007785008552 0.021237843956 136.829567 0.007845975368 0.99996533088 -0.002788854296 -0.259848 -0.021215396404 0.002954772344 0.999770561816 0.452002
0.99974680823 -0.007434886454 0.021237745192 138.09248 0.007532125658 0.99996149751 -0.004502284864 -0.238869 -0.021203453504 0.004661110312 0.999764315996 0.451963
0.999741638958 -0.007272702066 0.021535164456 139.375729 0.007370316786 0.99996290651 -0.004456911368 -0.232886 -0.021501951864 0.004614480808 0.999758157152 0.437884
0.999712567862 -0.00680883469 0.022987426224 140.675859 0.00691015003 0.99996674615 -0.00433087284 -0.217162 -0.022957173624 0.00448847448 0.999726373612 0.425243
0.999667228728 -0.006286378244 0.025018260352 141.933571 0.006352559996 0.999976528142 -0.002566739816 -0.192126 -0.025001537632 0.002724815656 0.99968369927 0.410863
0.999696091148 -0.005564002974 0.024015977234 143.192884 0.005631134934 0.99998042239 -0.002728580718 -0.188748 -0.024000325226 0.002862988698 0.999707851142 0.405421
0.999729686492 -0.005225534078 0.022654980014 144.461785 0.005281751378 0.99998311758 -0.002422329674 -0.169443 -0.022641939586 0.002541332774 0.999740408588 0.383182
0.999784911062 -0.00504911529 0.020115609498 145.777979 0.00510232635 0.999983616454 -0.00259481529 -0.159688 -0.020102178402 0.00269689365 0.999794293292 0.380012
0.99985188502 -0.004596575994 0.016585513722 147.045582 0.004655063178 0.99998307667 -0.003489517494 -0.141098 -0.016569193194 0.003566207322 0.999856361566 0.379455
0.999905239406 -0.003859264438 0.013214323548 148.302063 0.003904541462 0.999986589446 -0.003402277572 -0.134884 -0.013201016052 0.003453551028 0.999906898776 0.374728
0.9999191166 -0.00396037908 0.0120861699 149.580551 0.0039994458 0.999986850422 -0.003209889652 -0.130133 -0.01207329858 0.003257968052 0.999921807422 0.371613
0.99991682991 -0.003832437752 0.012314454454 150.839928 0.003875392672 0.999986483292 -0.003466205704 -0.115303 -0.012301003994 0.003513640736 0.999918166518 0.375669
0.99991199132 -0.003845253888 0.012697388164 152.109862 0.003882568368 0.999988212952 -0.002915411436 -0.110991 -0.012686028004 0.002964453324 0.999915134768 0.375858
0.999893411996 -0.004200763064 0.013982789644 153.370848 0.004235009164 0.999988102988 -0.002420454248 -0.098678 -0.013972455544 0.002479413452 0.999899306508 0.384837
0.999884628588 -0.004968782672 0.014354122452 154.659242 0.004994928372 0.999985929996 -0.001786201312 -0.097224 -0.014345045248 0.001857693012 0.999895378908 0.381145
0.999882623886 -0.005116194694 0.014441705156 155.926833 0.005139497626 0.99998554931 -0.001576932548 -0.08012 -0.014433428564 0.001650970612 0.99989446958 0.380861
0.99987532119 -0.005722272922 0.014717263934 157.198622 0.005741371694 0.999982729686 -0.001255789438 -0.063161 -0.014709823798 0.001340130086 0.9998909067 0.379878
0.99984541262 -0.01141039945 0.01337734913 167.324596 0.011400710882 0.999934689494 0.00080028931 0.04922 -0.013385607074 -0.000647654218 0.99991019895 0.36433
0.999855982782 -0.006482257096 0.015684202116 158.459559 0.006505275336 0.99997783647 -0.001417034192 -0.063077 -0.015674668924 0.001518860112 0.999875991288 0.378184
0.99984071558 -0.007177102434 0.016341133502 159.733029 0.007194322686 0.999973625244 -0.000995255406 -0.053045 -0.016333559458 0.001112660274 0.99986597942 0.378927
0.99984485843 -0.007855276396 0.015765584658 160.995679 0.007872110212 0.99996850844 -0.001005982164 -0.041255 -0.015757185906 0.001129934532 0.999875209366 0.374845
0.99985476822 -0.008301906074 0.014883582278 162.237226 0.008309495894 0.999965375132 -0.000448176694 -0.017765 -0.014879346218 0.000571786586 0.999889132988 0.372656
0.999852021756 -0.00903769487 0.014637440318 163.52372 0.009037636318 0.99995915727 7.0148974e-05 0.000532 -0.01463747647 6.214927e-05 0.99989286447 0.366794
0.9998501628 -0.0098841175 0.0142111381 164.786518 0.009883151084 0.99995115096 0.000138233188 0.007434 -0.014211810212 2.23822e-06 0.999899007216 0.359333
0.999850744998 -0.010972143578 0.013345410854 166.054026 0.010967044642 0.999939756588 0.000455199646 0.022579 -0.013349601394 -0.000308772086 0.999910842486 0.370787
0.999818805368 -0.01219724088 0.014614514068 168.586789 0.01218566184 0.999925363936 0.00088108788 0.064536 -0.014624170132 -0.00070284084 0.999892814168 0.366296
0.999796927132 -0.013116708882 0.015298900374 169.847468 0.013101953898 0.999913599302 0.001064281666 0.076506 -0.015311538414 -0.000863620006 0.999882398534 0.369798
0.99978032438 -0.013867789956 0.015715836352 171.111709 0.013846685664 0.999903077436 0.001450891644 0.103856 -0.015734433788 -0.001232960736 0.99987544598 0.366451
0.999763750478 -0.014548486578 0.016148840884 172.376247 0.014525797938 0.99989333767 0.001521384204 0.129116 -0.016169252236 -0.001286450124 0.999868441592 0.36242
0.999762031756 -0.01499687979 0.01584214143 173.638228 0.01496532237 0.999885789788 0.002108672878 0.165285 -0.01587195561 -0.001871088322 0.999872281868 0.36237
0.999761999022 -0.01535477692 0.015497631868 174.917166 0.015311383 0.999878525414 0.00291482408 0.175685 -0.015540505732 -0.0026768404 0.999875655992 0.361628
0.99975152523 -0.015835079078 0.015688791474 176.161266 0.015790928358 0.999871010652 0.002934057754 0.207947 -0.015733228814 -0.002685588186 0.999872618478 0.353068
0.999757697406 -0.016162583052 0.01494379522 177.450362 0.01611941534 0.99986555919 0.00300462792 0.224596 -0.014990348748 -0.002763014464 0.99988382076 0.347113
0.999770188262 -0.01631430357 0.013907343792 178.725039 0.01628380563 0.99986475695 0.00230336988 0.242149 -0.013943040792 -0.00207637608 0.999900635212 0.344223
0.999770239064 -0.016479744044 0.013707208 179.974851 0.01648637678 0.999864021744 -0.000371024044 0.270534 -0.013699229744 0.00059692078 0.999905983064 0.366739
0.99971003675 -0.017238120538 0.016813358916 181.266228 0.017235362714 0.99985141223 0.000308925132 0.283345 -0.016816185948 -1.9050924e-05 0.999858597624 0.36401
0.999623659052 -0.017132926992 0.021424369384 182.522187 0.017163848808 0.999851896182 -0.001260239214 0.315618 -0.021399604784 0.001627489314 0.999769677734 0.355835
0.999613852352 -0.017317072728 0.021731657944 183.77393 0.017351564088 0.99984847068 -0.001399577004 0.347223 -0.021704128376 0.001776114924 0.999762859928 0.346725
0.9996681347 -0.017313167434 0.019075499462 185.046013 0.017319957778 0.99984998007 -0.000190808686 0.364367 -0.019069334254 0.000521132218 0.999818027894 0.340461
0.99970018046 -0.017530448924 0.017094811088 186.284047 0.017518922176 0.999846192524 0.000823814276 0.396431 -0.017106623612 -0.000524084624 0.99985353366 0.338906
0.999693863864 -0.017809554244 0.01717550182 187.530462 0.01779570394 0.999841183974 0.000958909906 0.412193 -0.017189851844 -0.00065296597 0.999852030254 0.331817
0.99968105022 -0.017660571084 0.018052751972 188.772463 0.017644604276 0.999843777414 0.001043362554 0.443474 -0.018068358108 -0.000724496006 0.99983649135 0.330086
0.99964176563 -0.017596529442 0.020166853964 190.035272 0.017584303998 0.99984507715 0.000783395964 0.477387 -0.020177514716 -0.000428494956 0.999796321244 0.327903
0.999635399686 -0.016840805106 0.0211058097 191.280686 0.01684012965 0.999858173006 0.000209747556 0.499281 -0.021106348644 0.00014575338 0.999777225656 0.320801
0.999654709006 -0.015700628556 0.02107020351 192.50525 0.0157006707 0.999876723596 0.000163436444 0.526002 -0.021070172106 0.0001674361 0.999777985406 0.309362
0.999699205232 -0.014248713028 0.01996180442 193.737144 0.014269147972 0.999897801912 -0.00088163692 0.54656 -0.01994720218 0.00116620948 0.999800354744 0.307013
0.999739162364 -0.012776292616 0.018930766444 194.946528 0.012794045204 0.99991781918 -0.000816945112 0.569462 -0.018918773176 0.001058932948 0.99982046334 0.297385
0.999767930406 -0.011359410128 0.01830435326 196.162457 0.01138327072 0.9999344886 -0.00119988194 0.592675 -0.018289524172 0.001407966796 0.99983174139 0.302442
0.999769987302 -0.010203958728 0.018864023334 197.391822 0.010222856448 0.9999473351 -0.000905623864 0.605663 -0.018853788906 0.001098259904 0.999821648198 0.30147
0.99975034875 -0.00894901629 0.02047327103 198.619069 0.00896985475 0.999959341038 -0.000926230266 0.619128 -0.02046414975 0.001109641466 0.999789971388 0.295328
0.999739510368 -0.00794910748 0.02139447012 199.813907 0.00796985772 0.99996784875 -0.00088479679 0.630044 -0.02138674892 0.00105507711 0.999770720718 0.296644
0.999750852014 -0.006654210372 0.021306238796 201.013775 0.006676963044 0.99997721191 -0.000996927552 0.655789 -0.021299119508 0.001138940016 0.99977249948 0.280827
0.999745146188 -0.005674469552 0.021850465296 202.225128 0.005688803152 0.99998364227 -0.000593882166 0.671724 -0.021846737904 0.000718033866 0.999761073582 0.286312
0.99974364204 -0.00466290506 0.0221564368 203.405354 0.004680496924 0.99998877099 -0.000742192768 0.676358 -0.022152727232 0.0008457056 0.999754240614 0.274348
0.999747138294 -0.003609288726 0.02219533168 204.578039 0.00361825591 0.999993387894 -0.000363866376 0.683628 -0.022193871624 0.00044408272 0.999753587184 0.2668
0.999748202886 -0.002823436222 0.02226115461 205.761423 0.00283220745 0.99999592359 -0.00036249671 0.70517 -0.022260040378 0.000425453646 0.99975212406 0.259078
0.999741885182 -0.002270063402 0.02260551785 206.922264 0.002289640198 0.999997025822 -0.00084017287 0.703006 -0.02260354337 0.00089171455 0.999744109404 0.261156
0.999729879708 -0.002063899246 0.023149678834 208.074771 0.002091818146 0.99999711374 -0.001181865142 0.703376 -0.023147172766 0.001229970842 0.999731311532 0.249995
0.999703314992 -0.00217320072 0.024260229368 209.198413 0.00221846988 0.999995847814 -0.00183922257 0.721513 -0.024256131632 0.00189249753 0.999703985222 0.245163
0.999695909084 -0.003009610544 0.02447511006 210.295592 0.00305792222 0.999993449084 -0.001936720944 0.723171 -0.024469120944 0.00201097506 0.999698563324 0.23386
0.999704660598 -0.003466315092 0.024053619412 211.399939 0.003513168388 0.999992012598 -0.001905885108 0.726711 -0.024046820892 0.001989826588 0.999708853296 0.228229
0.999717623288 -0.004010495208 0.023421990172 212.483495 0.004052932248 0.999990229816 -0.001764656628 0.736216 -0.023414684188 0.001859086068 0.999724110128 0.217933
0.999721016604 -0.004491031298 0.023188787158 213.559165 0.004536336742 0.999987902844 -0.001901532418 0.742596 -0.023179966802 0.002006194022 0.999729295644 0.209889
0.99971270988 -0.005862318532 0.023240727264 214.623923 0.005912833596 0.99998030259 -0.002105436688 0.747556 -0.023227926752 0.002242250256 0.999727681014 0.20983
0.999688746044 -0.007286450634 0.023860411522 215.682509 0.007340408382 0.99997069438 -0.002174589486 0.767518 -0.023843867254 0.002349057642 0.99971293502 0.205554
0.999642713894 -0.008731290184 0.025262804836 216.714375 0.008795132296 0.99995840076 -0.002417109452 0.777901 -0.025240649444 0.002638435508 0.99967792235 0.21193
0.9995688815 -0.01128886146 0.02710373628 217.75658 0.0113686686 0.999931476092 -0.002792214036 0.793188 -0.0270703581 0.003099143736 0.999628726492 0.202032
0.999528357168 -0.01361532444 0.027526104448 218.756241 0.01370142448 0.99990180375 -0.00294174789 0.810194 -0.027483348648 0.00331750717 0.999616756518 0.194812
0.99950175039 -0.01586381509 0.02728717416 219.744358 0.015948176094 0.99986868135 -0.002876736392 0.84214 -0.027237954808 0.00331048392 0.999623496204 0.181892
0.99944610528 -0.018831789456 0.027438062688 220.703222 0.018906964128 0.999818164526 -0.002482921486 0.855538 -0.027386315664 0.003000316238 0.99962042219 0.174549
0.99937441836 -0.021635476612 0.027976397264 221.645028 0.021709717124 0.999761548344 -0.002352639232 0.878342 -0.027918825808 0.002958526784 0.99960581568 0.165107
0.99930104079 -0.024777139012 0.027991465826 222.581066 0.024850125052 0.999688627388 -0.002262535364 0.903805 -0.027926690846 0.002956545916 0.999605601302 0.15688
0.999230492364 -0.027704674024 0.0277646339 223.486334 0.02777661602 0.999611715324 -0.002208745576 0.934973 -0.027692660776 0.00297825314 0.999612048204 0.149022
0.999145578414 -0.031017419378 0.027313582722 224.370544 0.031097223102 0.999513233214 -0.002501751142 0.977751 -0.027222689458 0.003348990678 0.999623783724 0.143065
0.99904473351 -0.034242643152 0.027148847896 225.213224 0.034304901488 0.99940973643 -0.001830653604 1.000338 -0.027070136424 0.002760244316 0.999629725464 0.133454
0.998953859808 -0.037085390792 0.026755555984 226.048168 0.037135158328 0.999309319278 -0.001365440476 1.044823 -0.026686438544 0.002357583836 0.999641073486 0.134376
0.998859688038 -0.03976075463 0.02642738855 226.876337 0.03978056963 0.999208414988 -0.00022426603 1.073359 -0.02639755205 0.00127530647 0.99965071055 0.125827
0.998818359382 -0.040520674362 0.02683210908 227.673096 0.040515412938 0.999178640342 0.00073993584 1.117084 -0.02684005296 0.00034805148 0.999639680624 0.116192
0.99880442151 -0.040341461148 0.027609670226 228.429739 0.040330410748 0.999185939448 0.000957207324 1.149324 -0.027625809426 0.000157446524 0.999618322062 0.113169
0.9987914543 -0.040019336176 0.028532169432 229.196173 0.040000490536 0.999198901958 0.001231194774 1.186658 -0.028558583952 -8.8406586e-05 0.999592116742 0.110155
0.9988036967 -0.039750557422 0.028479278046 229.929793 0.039741667294 0.999209602046 0.000878338938 1.22064 -0.028491682542 0.000254525514 0.99959399731 0.103964
0.998860396908 -0.039246070276 0.02715977452 230.647476 0.039231557224 0.999229576172 0.00106721606 1.248047 -0.02718073402 -4.7956e-07 0.99963053558 0.09841
0.998951448288 -0.038369472584 0.024975762352 231.382168 0.038346422584 0.999263523246 0.001401358436 1.265441 -0.025011137648 -0.000442158436 0.999687074958 0.090427
0.999034852942 -0.03696542685 0.023725890732 232.101972 0.03693668451 0.99931624715 0.0016486811 1.307797 -0.023770612332 -0.00077073326 0.999717141692 0.092842
0.99908687495 -0.03586232893 0.02322301791 232.836541 0.03582125177 0.999355829372 0.002182531086 1.338998 -0.02328632901 -0.001348660086 0.999727926822 0.081755
0.999148230044 -0.034157159772 0.023153915312 233.553661 0.034120294032 0.999415761292 0.001985515908 1.364639 -0.023208207452 -0.001193806752 0.999729940652 0.077142
0.999206230038 -0.032391225278 0.023188738438 234.250693 0.032355887482 0.999474609558 0.001897596542 1.388033 -0.023238020798 -0.001145797702 0.999729303996 0.074939
0.999271282326 -0.030341895606 0.023157610096 234.947394 0.030311063546 0.999539100438 0.001681336152 1.412959 -0.023197951656 -0.000978179728 0.999730412988 0.065961
0.999338949558 -0.028190446846 0.02295569437 235.649327 0.028160253754 0.999602080502 0.00163754321 1.424076 -0.02299272289 -0.00099002317 0.99973514246 0.062441
0.999409480412 -0.025338466292 0.023208884412 236.35584 0.025306037212 0.999678322454 0.001689954882 1.461796 -0.023244239508 -0.001101631902 0.999729209142 0.056635
0.99946838411 -0.022542810546 0.023553575922 237.052031 0.02251919541 0.99974560742 0.00126740739 1.481064 -0.02357615499 -0.000736326078 0.999721772686 0.049049
0.999517574124 -0.019363000992 0.024283584276 237.760762 0.019364312436 0.999812477564 0.000181167872 1.495286 -0.024282538512 0.000289154804 0.999705093644 0.051332
0.999558938454 -0.01674639392 0.02452523955 238.465377 0.0167579202 0.999859541292 -0.000264510752 1.500277 -0.02451736517 0.000675385848 0.999699176262 0.045065
0.999611146288 -0.013365391548 0.024472905324 239.151544 0.013392012732 0.999909895928 -0.000924203544 1.516097 -0.024458347884 0.001251585384 0.999700066616 0.039532
0.999646072284 -0.010647257706 0.024379616894 239.835466 0.010682843746 0.999942052422 -0.001329883518 1.514126 -0.024364044534 0.001589856602 0.999701888262 0.024964
0.9996843398 -0.007702740988 0.023914192716 240.53624 0.007728039884 0.99996967199 -0.000965663922 1.525874 -0.023906029188 0.001150168914 0.999713548446 0.020611
0.999714773084 -0.004540734474 0.023446849142 241.226426 0.004566618858 0.999989021134 -0.001050535074 1.538219 -0.023441821526 0.001157308158 0.999724533134 0.007484
0.999711115254 -0.00183842695 0.023964693036 241.921044 0.001849307514 0.999998196774 -0.00043187066 1.541629 -0.02396385586 0.000476063964 0.999712712364 0.006219
0.999699513216 0.000369222512 0.024510142832 242.626187 -0.000366722288 0.999999927086 -0.000106502558 1.528861 -0.024510180368 9.7482142e-05 0.999699575726 -0.004755
0.999695085176 0.002696804828 0.024545147856 243.339906 -0.002678786596 0.99999611795 -0.000766936728 1.537388 -0.024547120848 0.000700951704 0.99969842847 -0.01455
0.99970979094 0.004641676356 0.023638703208 244.055367 -0.00462564708 0.99998903318 -0.00073272902 1.526266 -0.02364184506 0.000623171992 0.999720298076 -0.018858
0.999745766366 0.006796833302 0.021498959832 244.769653 -0.006786297322 0.999976814318 -0.000562989432 1.547165 -0.021502287912 0.000416947848 0.999768711948 -0.023977
0.999778174166 0.007719133532 0.019596354568 245.472332 -0.007696003172 0.999969597168 -0.001255480028 1.547818 -0.019605450008 0.001104387812 0.999807184598 -0.032597
0.999780586236 0.008111271344 0.019312862204 246.203887 -0.008091837436 0.99996667278 -0.001084201888 1.53782 -0.019321012816 0.000927687452 0.99981290142 -0.045454
0.99979093838 0.00819870148 0.0187312685 246.929862 -0.008172430804 0.9999655119 -0.001478620328 1.527382 -0.018742745272 0.00132523106 0.999823460876 -0.045764
0.999789236448 0.008369270456 0.018746675664 247.662312 -0.008349843384 0.999964518552 -0.001114328452 1.529142 -0.018755336624 0.000957561732 0.9998236446 -0.049468
0.999791808796 0.008748736236 0.018433631844 248.387749 -0.008734354596 0.999961484518 -0.000860551938 1.520704 -0.018440450604 0.000699366942 0.999829715878 -0.066884
0.999824613134 0.008800045568 0.01653185155 249.13467 -0.00878718056 0.99996103014 -0.00085067456 1.522693 -0.016538693282 0.000705256976 0.99986297771 -0.068743
0.999859732444 0.009334426794 0.013906258542 249.887979 -0.009276884562 0.99994816247 -0.004196644794 1.502063 -0.013944710934 0.004067049438 0.99989449655 -0.065164
0.999859779032 0.010081101484 0.013371374288 250.64284 -0.010006115084 0.999933901424 -0.005663076556 1.511669 -0.013427580512 0.005528486956 0.999894562392 -0.056247
0.999808074492 0.010495190106 0.016542831758 251.431971 -0.010411743586 0.999932676294 -0.005122354554 1.504279 -0.016595478102 0.004949131774 0.999850036902 -0.055791
0.999689107056 0.010735124312 0.022504355544 252.199194 -0.010727201496 0.999942350136 -0.000472750472 1.506561 -0.022508133208 0.000231194616 0.999746633016 -0.077319
0.999581220396 0.011599720598 0.026510945642 252.986832 -0.011561847182 0.999931909046 -0.001581438962 1.492475 -0.026527484738 0.001274261158 0.999647272166 -0.085409
0.999582254934 0.013135204746 0.025744537738 253.773453 -0.013029995278 0.99990607311 -0.004250176734 1.464154 -0.025797946626 0.003912949718 0.9996595191 -0.097679
0.999651506972 0.017064732668 0.020141004708 254.566935 -0.017000269348 0.999849814214 -0.003367506642 1.451403 -0.020195445372 0.003023930862 0.999791478342 -0.095526
0.999661367628 0.020651586568 0.01583229662 255.380656 -0.020644902932 0.999786699708 -0.00058549148 1.440448 -0.01584101092 0.00025843678 0.999874489836 -0.116738
0.999590406366 0.024136780562 0.015376440134 256.207545 -0.024162244126 0.999706965966 0.001472366018 1.432143 -0.015336396118 -0.001843292434 0.999880691436 -0.125204
0.99947758431 0.027301136458 0.017297573406 257.025467 -0.02732370675 0.999626065254 0.001069791358 1.417372 -0.01726189871 -0.00154186647 0.99984981342 -0.141431
0.99932865144 0.030401671308 0.020444694236 257.828521 -0.030364118324 0.99953660295 -0.002144804232 1.389914 -0.020500425828 0.001522579544 0.999788684934 -0.149839
0.99920823383 0.032956336036 0.022288680778 258.716971 -0.032846434948 0.999446467896 -0.005279154484 1.362468 -0.022450324874 0.004542870892 0.99973763819 -0.150803
0.999078206478 0.036019612662 0.02335216647 259.547083 -0.035883486138 0.999336607598 -0.00622248329 1.329269 -0.02356080639 0.00537878977 0.999707935676 -0.155281
0.99900769895 0.03875083776 0.02195428418 260.378946 -0.03866180424 0.999242374872 -0.004465601604 1.307204 -0.02211069682 0.003612378396 0.999749002478 -0.167445
0.998967991788 0.040867970402 0.019818189962 261.181881 -0.040810869298 0.999161514558 -0.003277346002 1.283564 -0.019935511162 0.002465166302 0.999798228846 -0.163227
0.998887097558 0.043067341372 0.019229389198 262.039994 -0.043028631148 0.999070902168 -0.002422495108 1.227959 -0.019315853678 0.001592384428 0.999812163326 -0.179596
0.99870545016 0.046321727484 0.021017153132 262.894779 -0.046296254564 0.998926311462 -0.001697214384 1.209614 -0.021073205172 0.000722001536 0.999777674598 -0.188845
0.99851213948 0.049371677044 0.023150490792 263.726144 -0.04935958126 0.99878047403 -0.00109396884 1.159154 -0.02317626924 -5.0357208e-05 0.999731392966 -0.200417
0.998357475356 0.052317587096 0.023349938332 264.566383 -0.052315391068 0.99863036246 -0.000705321544 1.14114 -0.023354858104 -0.000517398812 0.99972710406 -0.211766
0.99822552438 0.054862464448 0.023149740176 265.398049 -0.054860796784 0.99849376091 -0.000707602798 1.090488 -0.023153691968 -0.000563666734 0.999731758286 -0.221726
0.998094056472 0.057398600568 0.02266390906 266.250395 -0.057378624568 0.998351314272 -0.00153125184 1.043053 -0.02271443514 0.00022790864 0.9997419678 -0.227274
0.9979588838 0.059596377512 0.022941979184 267.109479 -0.05952660028 0.998219812376 -0.003713068688 0.985968 -0.02312242376 0.00233983064 0.99972990264 -0.233496
