1.0 0.0 0.0 0.0 0.0 1.0 0.0 0.0 0.0 0.0 1.0 0.0
0.999999120542 -0.001229999504 -0.00049600123 0.574248 0.001230000496 0.999999243548 1.69496e-06 -0.034014 0.00049599877 -2.30504e-06 0.99999987699 0.022182
0.99999601758 -0.00261787301 -0.00105430787 1.11844 0.002618121754 0.99999654519 0.000234620078 -0.034188 0.001053690022 -0.00023737945 0.999999416694 0.033036
0.99998780216 -0.004436531864 -0.002170880048 1.678902 0.00443544152 0.99999003495 -0.00050681599 -0.030289 0.00217310692 0.000497180998 0.999997515206 0.049649
0.99997476387 -0.005856608366 -0.004021408038 2.2249 0.00583928637 0.99997368123 -0.00430575677 -0.031852 0.00404651935 0.004282165938 0.999982644204 0.050233
0.99996142523 -0.007275443062 -0.004920979304 2.791174 0.007252382602 0.999962712702 -0.004687878776 -0.03729 0.004954902184 0.004652009144 0.999976903628 0.063101
0.99995504156 -0.00841426064 -0.00437207986 3.357658 0.008393504048 0.999953518854 -0.00474438902 -0.035624 0.004411797164 0.004707478652 0.99997918763 0.075929
0.99994258972 -0.009718807548 -0.004512439236 3.939052 0.00969686238 0.999941174246 -0.004859935498 -0.029096 0.00455940654 0.00481590001 0.99997800923 0.084918
0.999918062796 -0.01099669263 -0.006552897602 4.552143 0.010966802198 0.99992937387 -0.004580015286 -0.014047 0.00660279981 0.00450777569 0.99996804099 0.099599
0.99987501527 -0.012350005778 -0.009870723646 5.159326 0.01231318031 0.999917034246 -0.003782883578 -0.008872 0.00991662335 0.00366087077 0.99994412774 0.114764
0.99980998607 -0.013488283752 -0.014073295946 5.763863 0.013446396384 0.999904890096 -0.003066763368 0.015591 0.014113322842 0.002876945376 0.99989626319 0.114233
0.99979008627 -0.014953889684 -0.014005869718 6.377371 0.014932526252 0.999887177144 -0.001628661724 0.033996 0.014028644374 0.001419176732 0.99990058655 0.131225
0.9998363495 -0.01606484542 -0.00831835316 7.007952 0.01607383684 0.999870292188 0.001015184788 0.039398 0.00830096542 -0.001148726488 0.999964886588 0.118791
0.999856875 -0.016911841772 0.000468237504 7.674576 0.016910940564 0.999855258606 0.001866025672 0.054689 -0.000499727648 -0.001857840264 0.99999814935 0.109851
0.999809560536 -0.017741779072 0.008128486176 8.366006 0.017720518656 0.999839387256 0.002680150448 0.065695 -0.008174731232 -0.002535599184 0.999963371616 0.128704
0.99978698127 -0.018815885922 0.008482590516 9.021833 0.018786045858 0.99981710339 0.003583866196 0.079223 -0.008548472724 -0.003423748364 0.999957599864 0.15114
0.9997985391 -0.01997568827 0.00196292691 9.714694 0.01996207509 0.999778114332 0.006725894014 0.105892 -0.00209684573 -0.006685354914 0.999975454332 0.157113
0.99977060784 -0.021041463608 -0.003998563864 10.423305 0.021067883336 0.999755702894 0.006684222278 0.126526 0.003856941208 -0.006766930246 0.99996966587 0.147078
0.999743429564 -0.022340781364 -0.003736944536 11.168386 0.022364133784 0.999729860892 0.006328585588 0.148145 0.003594549556 -0.006410535352 0.999972991772 0.153358
0.99972415046 -0.023006359124 0.004725526232 11.9162 0.02298637516 0.9997267847 0.00424059902 0.17745 -0.00482179586 -0.004130806568 0.999979843164 0.14958
0.999644627468 -0.023678325532 0.012245611128 12.695719 0.023633368712 0.999713459036 0.003803045532 0.195297 -0.012332152092 -0.003512288712 0.999917787468 0.144809
0.999591200558 -0.024028846914 0.015493434886 13.480812 0.023986207026 0.999707989692 0.002932130802 0.215789 -0.015559366346 -0.002559303522 0.99987567035 0.148597
0.99958098542 -0.02438427775 0.01559680295 14.278 0.02437460203 0.999702566838 0.000810187646 0.240349 -0.01561191979 -0.000429682154 0.999878034182 0.148028
0.999620029414 -0.023962827126 0.013622764446 15.090954 0.023960619714 0.99971285023 0.000325251342 0.255183 -0.013626646614 1.282122e-06 0.99990715294 0.158125
0.9996673932 -0.023716357492 0.010130988444 15.92171 0.023695659564 0.999716888646 0.002158218032 0.281883 -0.010179305348 -0.001917439584 0.99994635111 0.138511
0.999733441118 -0.022606124134 0.004691426586 16.774911 0.022606846394 0.99974442731 -0.000100973922 0.299482 -0.004687944954 0.000207005442 0.999988990092 0.128779
0.99976268339 -0.021762039816 -0.000995343292 17.62418 0.021759348744 0.999759754486 -0.002638984464 0.316158 0.001052533828 0.002616700176 0.99999602252 0.140297
0.99976746939 -0.02081340523 -0.00563999862 18.497513 0.020796139662 0.999778922214 -0.00310282622 0.344915 0.005703332084 0.002984814588 0.99997928124 0.155174
0.999770281646 -0.020258789418 -0.006997558484 19.385344 0.020262900714 0.999794552806 0.000517130532 0.35767 0.006985644428 -0.000658802436 0.999975383096 0.15963
0.99976900878 -0.020470156456 -0.006549933008 20.318026 0.02047546856 0.99979007799 0.00074498245 0.380625 0.00653330812 -0.000878923358 0.999978271446 0.17264
0.999763938492 -0.020541146736 -0.00708016406 21.239469 0.020548428836 0.999788400492 0.00095730912 0.40715 0.00705900168 -0.00110256934 0.9999744771 0.19009
0.999743415148 -0.020592449496 -0.009436869888 22.194843 0.020624829984 0.999781683382 0.003346885086 0.440958 0.009365889048 -0.003540660306 0.99994987063 0.20133
0.999731672 -0.02072022216 -0.01035646648 23.144574 0.02079670536 0.9997568344 0.00733274304 0.466717 0.01020201208 -0.00754615584 0.999919484 0.217751
0.999720641388 -0.021130635088 -0.010589404716 24.14424 0.021229933428 0.99973085886 0.009354133664 0.489608 0.010388895904 -0.009576332844 0.999900177372 0.235427
0.999722830382 -0.021066123694 -0.010510979028 25.093759 0.021170412626 0.999726752558 0.009911290836 0.513947 0.010299314388 -0.010131065556 0.99989563734 0.250501
0.999720942252 -0.021292851556 -0.01022994616 26.072426 0.021403518944 0.999712225068 0.01083310298 0.54273 0.00999633446 -0.01104903688 0.99988898982 0.274156
0.999724905176 -0.021374528096 -0.0096562574 27.049278 0.0214857856 0.999702216896 0.011568851296 0.576166 0.009406103096 -0.01177314112 0.999886452696 0.29857
0.999735943904 -0.021645723504 -0.007713985904 28.078625 0.021742544784 0.999682977592 0.012696716472 0.598952 0.007436711024 -0.012861085368 0.999889637912 0.318378
0.99973430375 -0.022170697646 -0.006307287178 29.088803 0.022249437466 0.999671777078 0.012700409414 0.629385 0.006023639938 -0.012837368606 0.999899453772 0.330437
0.9997370366 -0.021907867352 -0.006775175736 30.08468 0.021992356904 0.999678002936 0.012658068312 0.649642 0.006495682872 -0.012803741784 0.99989692984 0.351639
0.999729464304 -0.022106196044 -0.007232893284 31.097961 0.022201815876 0.99966345783 0.013418308628 0.687091 0.006933831596 -0.013575261732 0.99988381047 0.368037
0.999720567452 -0.02256303602 -0.00704956564 32.118937 0.02266066732 0.999643909052 0.01409074862 0.708088 0.00672912526 -0.01424655908 0.9998758695 0.378894
0.99972368574 -0.023021435738 -0.004750337386 33.141859 0.023082368434 0.99964644879 0.013197792922 0.73782 0.004444825778 -0.013303795214 0.999901621446 0.401289
0.999721999758 -0.023573593836 -0.000456430312 34.194846 0.023577784876 0.999610018446 0.014963232216 0.746217 0.000103514808 -0.014969834056 0.999887940288 0.406816
0.999707673302 -0.024123787276 0.001615878034 35.24922 0.024099582836 0.9996168047 0.013618156052 0.783747 -0.001943780206 -0.013575233132 0.999905962998 0.419498
0.999695794668 -0.024555718886 0.002309795654 36.31983 0.024523519966 0.99961387647 0.013065044878 0.808731 -0.002629725166 -0.013004426138 0.999911980902 0.430947
0.99968650124 -0.024984865028 0.001629801624 37.385894 0.024962239676 0.999608037854 0.012675088452 0.832885 -0.001945847928 -0.012630431364 0.99991833967 0.447839
0.9996713715 -0.025604777672 0.001242960696 38.472662 0.025585897944 0.999583233246 0.013368709178 0.868201 -0.001584745192 -0.013332513606 0.99990986235 0.451914
0.999651537464 -0.026327251144 0.001918162756 39.551417 0.026298959336 0.99956263607 0.013524094388 0.912929 -0.002273376124 -0.013468936052 0.99990670539 0.459065
0.999625422926 -0.027100818062 0.003815642232 40.608433 0.027048953998 0.999548994926 0.013044553608 0.945675 -0.004167439608 -0.012936458232 0.999907635936 0.47235
0.99959131283 -0.027909131938 0.006187762324 41.678962 0.027828067294 0.99953049843 0.012821163028 0.994357 -0.006542684372 -0.012643729876 0.999898659644 0.478664
0.999569479772 -0.028603056574 0.006536073146 42.767521 0.028521744794 0.99951856886 0.012212312062 1.036422 -0.006882235934 -0.012020634202 0.999904064988 0.495934
0.999587198444 -0.028408968606 0.004285188858 43.84615 0.028356161982 0.999526835134 0.011917781046 1.058787 -0.004621733274 -0.011791349802 0.999919798574 0.500829
0.999592923628 -0.028529500446 0.000232613526 44.910593 0.028523195874 0.999489425932 0.014398405638 1.096458 -0.000643274346 -0.014385909498 0.99989631046 0.521363
0.999597965432 -0.028351247288 -0.000337376052 46.01066 0.028352699608 0.999433184774 0.018150287892 1.141411 -0.000177398772 -0.018152556372 0.999835212942 0.528411
0.999583605996 -0.028813897864 0.00154071204 47.064767 0.02878180716 0.999425946846 0.017871322886 1.177079 -0.002054770136 -0.01781953689 0.999839108046 0.537836
0.999587300694 -0.028497971654 0.003618439058 48.125558 0.028425659342 0.99942152846 0.018670544126 1.194511 -0.004148419046 -0.018559982182 0.99981914231 0.54173
0.99958647299 -0.028338898942 0.004877517604 49.206369 0.028257459518 0.99947220143 0.016026072644 1.25006 -0.005329104316 -0.015881619236 0.999859677624 0.549965
0.999588541004 -0.028299908642 0.004675960186 50.288953 0.028224629134 0.99948221366 0.015449136478 1.276753 -0.005110747798 -0.015310802674 0.99986972142 0.561957
0.99960609659 -0.027810370226 0.003772926578 51.36459 0.027754794418 0.999515885084 0.014059404686 1.318159 -0.004162097294 -0.013949149838 0.99989404347 0.574717
0.999631485464 -0.027106177772 0.00146596644 52.452965 0.02707910242 0.99950365235 0.01609882116 1.334638 -0.001901615928 -0.016053191496 0.99986933103 0.589638
0.999624517848 -0.027393653424 -0.000640677864 53.531832 0.027399880176 0.999529730912 0.013768182032 1.379453 0.000263215464 -0.013780566832 0.99990500876 0.597339
0.999619385694 -0.027323761302 -0.0038073312 54.624934 0.02736227727 0.99957084707 0.01046075632 1.413495 0.003519870048 -0.010560952064 0.99993803648 0.614073
0.999606089712 -0.027487598192 -0.005665408792 55.682263 0.027553961192 0.999548420534 0.011988897278 1.437415 0.005333304208 -0.012140279278 0.999912080822 0.644753
0.999633854494 -0.026738757324 -0.004146807594 56.75228 0.026787354156 0.99956739502 0.012143340348 1.485372 0.003820315926 -0.012249976092 0.99991766827 0.656825
0.99964938108 -0.02645953398 0.00100425328 57.830884 0.026447068996 0.99959109195 0.010872078228 1.502937 -0.001291512528 -0.01084170674 0.999940392966 0.654757
0.99961844139 -0.026562065538 0.007578132866 58.9273 0.02648825747 0.999602263566 0.009679187538 1.534873 -0.00783221805 -0.00947476277 0.99992443974 0.677589
0.999607870278 -0.02656829939 0.008844843948 59.985184 0.02650618029 0.99962366295 0.00706788446 1.55629 -0.009029296948 -0.00683066994 0.999935904828 0.690098
0.9996335351 -0.026124469014 0.007092827498 61.07437 0.026106725274 0.999655824988 0.002582829354 1.59445 -0.007157861318 -0.002396712486 0.999971510012 0.703821
0.99966228375 -0.02566585301 0.00407207918 62.158757 0.02566978309 0.999670057038 -0.00091580762 1.62376 -0.00404723062 0.00102002782 0.999991289688 0.714456
0.99967149587 -0.025630009408 5.6672006e-05 63.259762 0.02562973568 0.999667260416 0.002912963008 1.658738 -0.00013131239 -0.0029105536 0.99999575571 0.723047
0.999653510294 -0.026086587056 -0.00351410448 64.351475 0.0260968204 0.999655218014 0.002898389556 1.705783 0.003437283744 -0.0029890923 0.999989625144 0.743785
0.999671313304 -0.025207723368 -0.004672886484 65.416393 0.025235887656 0.99966309872 0.006069502112 1.74333 0.004518313812 -0.006185431616 0.9999706622 0.754839
0.99970621943 -0.024175194236 -0.001742051382 66.517934 0.024192549028 0.999649565324 0.010745558676 1.790849 0.001481664906 -0.010784546508 0.99994074735 0.766324
0.99962897015 -0.02632718063 0.00698577873 74.124185 0.02628771523 0.9996382679 0.00568233207 1.978064 -0.00713285163 -0.00549658347 0.99995945415 0.849005
0.9997053299 -0.024264635196 0.000693034672 67.615907 0.02425494912 0.99963823518 0.01162306038 1.810065 -0.00097481354 -0.011602825872 0.999932209724 0.777499
0.99969680591 -0.024578837494 0.001475339148 68.693378 0.024560641258 0.99963455687 0.011292792396 1.838216 -0.001752363876 -0.011253133188 0.999935145964 0.790123
0.999695922396 -0.024548445322 0.002331704994 69.771371 0.024523186914 0.99964614519 0.010305242638 1.864368 -0.002583857482 -0.010244928234 0.99994418103 0.803893
0.999691216092 -0.024569392138 0.003717131978 70.876543 0.024534286358 0.999656542764 0.009212214302 1.894382 -0.003942193942 -0.009118172482 0.999950657772 0.824236
0.99967659315 -0.02477979454 0.0057158464 71.949274 0.0247358477 0.999664864152 0.007635262168 1.930167 -0.00590313104 -0.007491406568 0.999954514902 0.826725
0.99963690407 -0.025929675058 0.007328854084 73.057961 0.025881350606 0.999643145606 0.006613415228 1.953232 -0.007497722428 -0.006421333316 0.99995127414 0.836842
0.99963473859 -0.026759976126 0.003780627662 75.23514 0.026738940994 0.999627270366 0.005509032594 2.010301 -0.003926640078 -0.005405930386 0.99997767846 0.874815
0.99962272271 -0.027382647708 0.002145346866 76.280283 0.027367876692 0.99960340294 0.006635948004 2.042846 -0.002326205934 -0.006574730796 0.999975680534 0.880634
0.999606962702 -0.027873632586 0.002996904732 77.336677 0.027848460246 0.999579042334 0.008136470556 2.071884 -0.003222435948 -0.008049813516 0.999962407532 0.890813
0.99957538272 -0.028345586592 0.006751383984 78.442172 0.028271561904 0.999541734686 0.010818435662 2.117313 -0.007054945248 -0.010622969614 0.99991868675 0.901326
0.999505962558 -0.029336216116 0.011279090404 79.523927 0.029211703156 0.99951216863 0.011049968168 2.157805 -0.011597752156 -0.010715027848 0.999875332472 0.910441
0.99949165822 -0.029397923676 0.012336413652 80.591987 0.029261745468 0.999510396814 0.011077760934 2.185801 -0.012656036916 -0.010711144602 0.99986253859 0.914492
0.99948598716 -0.030108812932 0.011010077496 81.661431 0.029986592196 0.9994886406 0.011102366728 2.214162 -0.011338726168 -0.010766505576 0.999877750464 0.921668
0.999478902 -0.030680711528 0.010030870904 82.723206 0.030566345096 0.999468153176 0.011362627688 2.243073 -0.010374149528 -0.011050099576 0.99988512956 0.929862
0.999458962544 -0.03137220434 0.009877613908 83.752528 0.031266461108 0.99945398412 0.010683740456 2.291328 -0.01020739298 -0.0103691222 0.99989413964 0.924111
0.999451747326 -0.031478719044 0.01026136223 84.769639 0.03137591422 0.999457325976 0.010030258956 2.316586 -0.010571533206 -0.00970280038 0.999897043926 0.943115
0.99941156958 -0.032310610582 0.011512595766 85.772061 0.032195131374 0.999430784886 0.010078717118 2.363592 -0.011831691902 -0.009702137226 0.99988293303 0.945983
0.99934964875 -0.0330554961 0.01440884595 86.770323 0.0329332179 0.999420186392 0.008642637916 2.401149 -0.01468617795 -0.008162487916 0.999858835142 0.952352
0.999300834734 -0.033991202696 0.01557051962 87.717411 0.0338684446 0.999393629024 0.008081076896 2.430036 -0.015835763396 -0.00754807808 0.999846115854 0.963129
0.99922178667 -0.036062931724 0.015977693808 88.719728 0.035954661876 0.999328817784 0.007012620016 2.475171 -0.016219865392 -0.006432690384 0.99984775671 0.968203
0.999129933408 -0.038710084576 0.015521130672 89.668057 0.038616745056 0.999234429696 0.006269090144 2.508285 -0.015751925168 -0.005664260064 0.999859886688 0.978441
0.99898095435 -0.042545304228 0.015064854196 90.55559 0.042468756484 0.99908338887 0.005365325232 2.585508 -0.015279314988 -0.004720072064 0.999872123544 0.975908
0.998838159032 -0.045784163752 0.015037967816 91.424497 0.045708929368 0.998940690552 0.005309309864 2.618938 -0.015265120456 -0.004615771304 0.999872827184 0.978583
0.998673895008 -0.048911590464 0.01606565812 92.291978 0.048799372064 0.998781889758 0.00730450506 2.65756 -0.01640336364 -0.00651082378 0.99984425715 0.989574
0.998504622384 -0.052008167848 0.016842485344 93.158046 0.051880235584 0.998621701334 0.007945977422 2.707042 -0.017232527128 -0.007060303006 0.999826581014 0.993213
0.99834333798 -0.054520744976 0.018386618412 93.961509 0.054365176788 0.998481832764 0.008857599184 2.74179 -0.018841627376 -0.007843333332 0.9997917159 0.994543
0.998164078614 -0.057394901678 0.01934677126 94.738694 0.05720309723 0.99830915795 0.01032622594 2.802531 -0.019906731628 -0.009200572604 0.99975950684 0.999179
0.9979911599 -0.0601379494 0.0199267496 95.491949 0.059907834656 0.99813236999 0.011951009242 2.853454 -0.020608242392 -0.01073323423 0.999730012806 1.006978
0.997843755318 -0.062771510748 0.019172382 96.231374 0.062542775748 0.997966411568 0.0123063091 2.905535 -0.0199058784 -0.0110806805 0.99974045375 1.008854
0.997740488316 -0.065311932306 0.015756672866 96.955847 0.065095473586 0.997782495918 0.013880683122 2.968991 -0.016628305986 -0.012823632238 0.999779502798 1.01038
0.997627306286 -0.067792001738 0.012000034954 97.588673 0.067599596714 0.997587847596 0.015772742798 3.016295 -0.013040355158 -0.014924121134 0.999803590526 1.015237
0.997511857496 -0.069895087352 0.009206855508 98.22185 0.069716149192 0.997395274598 0.018501886368 3.075638 -0.010476066348 -0.017813983872 0.999786433998 1.026186
0.997471018956 -0.070599961734 0.008198064802 98.803116 0.070419514922 0.99730607694 0.020534778066 3.124448 -0.009625735374 -0.019905541822 0.99975552726 1.026195
0.997492287134 -0.070275757172 0.008393559118 99.405914 0.070075755052 0.997296238712 0.022126846252 3.171351 -0.009925846798 -0.021483173068 0.999719936022 1.035797
0.997673527374 -0.067551567532 0.009182465754 99.981802 0.067290567756 0.997387883244 0.026256216868 3.236654 -0.010932128998 -0.025577239044 0.999613071774 1.04218
0.998001295448 -0.062306296936 0.010551809944 100.527187 0.061978838344 0.997657729392 0.028942698712 3.251175 -0.012330406664 -0.028230862072 0.99952537724 1.042619
0.9983761475 -0.05544130019 0.01308936333 101.030518 0.05504243495 0.998060309222 0.029085233706 3.27823 -0.01467649665 -0.028317533406 0.999491229622 1.046346
0.998816594822 -0.046095559752 0.01551156887 101.490649 0.045636008352 0.998543481072 0.0287796894 3.289261 -0.01681559215 -0.02803774512 0.99946541735 1.041118
0.999274526108 -0.034007763438 0.01714330651 101.957337 0.033513325362 0.999036167868 0.02834769123 3.314889 -0.01809082517 -0.02775259629 0.999451106876 1.046173
0.999629151062 -0.020374454164 0.018067693706 102.403396 0.019865938964 0.99941353484 0.027891400132 3.327584 -0.018625369994 -0.027522124732 0.999447661278 1.049484
0.99982433091 -0.005973244138 0.017765903484 102.828291 0.00547714113 0.999597297654 0.027843179588 3.288555 -0.01792506338 -0.02774098194 0.99945441564 1.053469
0.999795117606 0.01230126103 0.016074868372 103.241177 -0.012731158822 0.99955650155 0.026920567396 3.299525 -0.01573658194 -0.02711970374 0.99950831948 1.065177
0.9993865695 0.032851284676 0.012135789968 103.639775 -0.033160802576 0.999105236652 0.026250460636 3.242448 -0.011262569668 -0.026636790464 0.999581730348 1.063694
0.9983877363 0.056195804734 0.007997513638 104.051676 -0.056378021198 0.99810266619 0.024750500606 3.22336 -0.006591465686 -0.025161480178 0.999661669086 1.061356
0.996451226844 0.083952623148 0.00607565512 104.434234 -0.08407408456 0.99617758566 0.02370169698 3.197444 -0.004062612948 -0.024128389936 0.99970061334 1.071632
0.993504331164 0.113670710752 0.005302946536 104.801954 -0.113758109464 0.99328484303 0.021078927082 3.132339 -0.002871281248 -0.021545258246 0.99976375103 1.071265
0.98922395675 0.146346515658 0.004318444256 105.17559 -0.146401151862 0.98906055507 0.018052954704 3.06893 -0.001629214384 -0.018490640736 0.999827705996 1.080436
0.983399487084 0.181429624002 0.002957183682 105.550437 -0.181453667658 0.983255918774 0.016803848578 2.98465 0.000141047142 -0.017061487862 0.999854432294 1.088869
0.975611051544 0.219493979016 0.002337101812 105.906903 -0.219504584168 0.97550403168 0.014478067464 2.867335 0.000897996876 -0.014637967208 0.99989245596 1.099247
0.96584599635 0.259110469444 0.001803219458 106.246366 -0.259111218388 0.96575656598 0.013251692324 2.744377 0.001692182434 -0.013266328372 0.999910566494 1.114416
0.953834411862 0.300329519836 0.00145095334 106.556231 -0.300322696564 0.953750413808 0.01290105082 2.661914 0.00249071858 -0.01274122046 0.99991572527 1.130444
0.93890449926 0.344172285182 0.001917758734 106.874366 -0.344166142562 0.938813071868 0.013400771186 2.523963 0.002811761006 -0.013242071854 0.999908366492 1.127959
0.921625154672 0.388068153276 0.00317676722 107.205687 -0.388074487476 0.921530454022 0.01340610054 2.374566 0.0022749961 -0.0135882219 0.99990508775 1.133488
0.901851399766 0.432022742478 0.004494303702 107.511653 -0.432042964938 0.901756274198 0.013202054322 2.222808 0.001650827538 -0.013848024138 0.999902748668 1.132828
0.87944639087 0.475980277168 0.004121483094 107.784835 -0.475991470072 0.8793553655 0.012900658896 2.015092 0.002516206374 -0.013307228424 0.999908289046 1.140374
0.85459995915 0.51928038478 0.00263714336 108.072214 -0.519267969292 0.854513917166 0.01291914296 1.85318 0.004455177856 -0.012410083408 0.99991306688 1.144619
0.827674079628 0.561208488302 0.000795597634 108.328703 -0.561167170522 0.8275941615 0.013390032754 1.636947 0.006856168474 -0.011529046214 0.999910032972 1.148451
0.798033502326 0.602612656746 -0.000923227702 108.605012 -0.602498477842 0.797910337836 0.018303399486 1.403063 0.011766504066 -0.014050486262 0.999832052646 1.165473
0.76510633287 0.643903884682 -0.000711571174 108.85756 -0.64371042565 0.764902639244 0.023690934782 1.17484 0.01579895413 -0.01766804383 0.99971907743 1.191261
0.729092967728 0.684414697192 0.00042168444 109.0765 -0.684149567992 0.728793102128 0.02828770548 0.940247 0.01905319308 -0.02091286524 0.999599734 1.185422
0.69080237772 0.723043438068 0.000315754876 109.299838 -0.72275102542 0.690510452334 0.028742101818 0.632695 0.02056376154 -0.02008332217 0.99958681047 1.177582
0.650373072894 0.759614784738 0.000178515364 109.517281 -0.759363156994 0.650151547734 0.025891072788 0.353609 0.019551185652 -0.016974411844 0.999664753944 1.18691
0.607396989912 0.794395557948 0.00208550462 109.716412 -0.794202254348 0.607186684662 0.02380891005 0.063407 0.0176474079 -0.01611777037 0.99971435235 1.203171
0.562008358064 0.827116798392 0.004953306912 109.913704 -0.827003457792 0.561805771862 0.020968631982 -0.225414 0.014560708488 -0.015880949118 0.999767863702 1.221088
0.515027790998 0.857147044736 0.006735408548 110.077876 -0.857082407056 0.514842597656 0.018625109404 -0.564125 0.012496781308 -0.015365249284 0.999803850558 1.204672
0.46528136252 0.885124976524 0.008185037332 110.236655 -0.88512350618 0.46515365459 0.01372667593 -0.885394 0.00834252422 -0.013631535418 0.999872283606 1.243547
0.414700373432 0.909888777524 0.011257152172 110.390864 -0.909927810836 0.414553238598 0.013330501774 -1.269627 0.007462573708 -0.015771358414 0.99984777563 1.260538
0.364005230358 0.931286242928 0.014307084876 110.51842 -0.931343369088 0.36377815887 0.016234104404 -1.627225 0.009914020396 -0.019234110924 0.999765852912 1.279038
0.31453387356 0.949130085344 0.014882354692 110.651166 -0.94911390056 0.31418890175 0.02165869958 -2.027288 0.01588103114 -0.020937444892 0.999654648734 1.265567
0.267400556478 0.96347802911 0.014384631228 110.786705 -0.96339132879 0.26701730895 0.02405809786 -2.461728 0.019338505772 -0.02029117746 0.999607067928 1.259502
0.225724382156 0.974151014944 0.00876330262 110.885641 -0.97395638246 0.225463850636 0.023948041744 -2.901294 0.021353230544 -0.0139407217 0.999674794716 1.257011
0.1893469779 0.981909200056 0.001907554292 110.969645 -0.981649356532 0.18925130702 0.023453736536 -3.323273 0.022668408376 -0.006313460428 0.999723103676 1.274015
0.157677154688 0.98748960376 -0.00099622528 111.067569 -0.98721289144 0.1576567134 0.02353428934 -3.79021 0.02339694368 -0.00272731846 0.999722533688 1.301679
0.12909711326 0.991629479614 0.002461854082 111.145774 -0.991399171066 0.129012477324 0.022013964506 -4.237711 0.021512070442 -0.005282630414 0.99975463238 1.324306
0.102922174646 0.994642543458 0.009635678744 111.228809 -0.994545474894 0.102737793286 0.017995936032 -4.714332 0.016909580992 -0.011435300136 0.999791628236 1.337359
0.078673966646 0.996771728532 0.016052039082 111.312023 -0.996811030812 0.078440380268 0.014697471588 -5.192744 0.013390877898 -0.017157156492 0.999763130278 1.333591
0.05588303535 0.99836315669 0.01211235207 111.314392 -0.99837690153 0.055742889228 0.011614987514 -5.719029 0.01092081499 -0.012741774114 0.999859181478 1.333923
0.035213899384 0.999363702216 0.00554847876 111.304193 -0.99931147668 0.035146386224 0.011828679016 -6.272814 0.011626155816 -0.0059611882 0.999914644664 1.350197
0.01761777974 0.999845063532 -0.000595002604 111.321098 -0.999754832076 0.01762418611 0.013437077778 -6.811076 0.013445476492 0.000358118994 0.999909541406 1.370389
0.003573840582 0.999989972308 -0.002766453098 111.328662 -0.999826601468 0.003623816364 0.018275810492 -7.37204 0.018285649462 0.002700654668 0.999829156182 1.393605
-0.007484619252 0.99997169856 -0.000398580104 111.307717 -0.9997045918 -0.00747340521 0.02311825395 -8.013382 0.023114625696 0.00057149867 0.999732657942 1.404338
-0.014897495202 0.9998882653 -0.001169551152 111.330033 -0.9996119139 -0.014865825 0.0235557878 -8.629311 0.023535771152 0.0015200214 0.999721839798 1.389077
-0.01837169109 0.999814529992 -0.005682732524 111.337489 -0.999623044984 -0.018251752096 0.020482882528 -9.299381 0.020375371628 0.006056909824 0.99977405339 1.405701
-0.01864997961 0.999799369946 -0.007260638508 111.316512 -0.999667133286 -0.018517188042 0.017945896996 -9.914064 0.017807853428 0.007592920836 0.999812596332 1.42772
-0.017279630658 0.999822883868 -0.007422262442 111.32725 -0.999699259612 -0.017147458548 0.017516557492 -10.583883 0.017386184662 0.007722716428 0.999819023694 1.468741
-0.015817794792 0.999867518712 -0.003939290048 111.329435 -0.999720684232 -0.015745948584 0.017646364512 -11.279227 0.017581993632 0.004217307968 0.999836530608 1.477192
-0.014833418754 0.999882784736 -0.003702715812 111.317848 -0.999723275808 -0.01476329985 0.018295913744 -11.973068 0.018239109724 0.003973089552 0.99982575948 1.483267
-0.013607364138 0.9999044195 -0.002252118562 111.287054 -0.99973017574 -0.013562572776 0.0188338235 -12.704618 0.018801486338 0.00250779926 0.999820091262 1.505564
-0.013414683266 0.999906525756 -0.002591498664 111.320374 -0.999727892676 -0.013362750728 0.019113015312 -13.42814 0.019076601384 0.002847191472 0.999813971062 1.521233
-0.012405531394 0.999921666728 -0.000586369282 111.301257 -0.999762266552 -0.012393073284 0.017871843032 -14.182849 0.017863196798 0.000807961912 0.999840113726 1.542698
-0.01198568209 0.999927427052 -0.001026938016 111.290597 -0.999784303756 -0.01196654605 0.016962260892 -14.960966 0.016948744368 0.001230024636 0.999855603096 1.56367
-0.01185762765 0.99992882931 -0.00129380339 111.281454 -0.99982685891 -0.0118378449 0.01435474059 -15.757642 0.01433840349 0.00146379301 0.99989612835 1.587735
-0.01334308762 0.999911061382 -0.000199949866 111.290407 -0.999825817366 -0.01333933821 0.013061608822 -16.52653 0.013057778618 0.000374195846 0.999914673566 1.608263
-0.014123642568 0.999898677816 0.001263033068 111.288982 -0.999824512936 -0.014138039496 0.012226920276 -17.27372 0.012243548628 -0.001090114196 0.999924450672 1.604447
-0.015925750996 0.999872562652 -0.000258239836 111.279639 -0.999829334636 -0.015922658866 0.009306358922 -18.085594 0.009301066252 0.000406412074 0.999956661534 1.61898
-0.017222560516 0.99984979797 -0.001572544306 111.26224 -0.999825022206 -0.017210746196 0.00724038591 -18.922251 0.00721223731 0.001696972806 0.999972551564 1.649359
-0.018135389028 0.999833648504 -0.002087698984 111.247684 -0.999813762344 -0.01812107701 0.006681518578 -19.735259 0.006642574456 0.002208479602 0.999975499118 1.663431
-0.019560500698 0.999807809714 0.001132574808 111.255878 -0.999758755774 -0.019570810186 0.009948161424 -20.516092 0.009968417328 -0.000937708584 0.999949874412 1.687954
-0.019736952628 0.999804425892 0.000807494092 111.234191 -0.999693615612 -0.019746794186 0.014893904598 -21.405359 0.014906944172 -0.000513279978 0.999888753542 1.687088
-0.020309964276 0.99979324735 -0.000156313878 111.204918 -0.999659526978 -0.02030469018 0.016358673946 -22.249484 0.01635212533 0.00048851253 0.99986617566 1.715392
-0.02160456457 0.99975893861 0.00378538235 111.186114 -0.999660419462 -0.021657177834 0.01445800883 -23.094699 0.014536513034 -0.003471732662 0.99988831214 1.740827
-0.023260913098 0.999710618094 0.006205078066 111.18982 -0.999677100714 -0.02332301121 0.010130375718 -23.931803 0.010272158086 -0.005967434478 0.999929433788 1.759691
-0.023781499842 0.999689514876 0.007468062642 111.211674 -0.999703184364 -0.023820347908 0.005156749244 -24.772943 0.005333037138 -0.007343210284 0.99995881715 1.778662
-0.024289462362 0.999653292966 0.010171207446 111.191862 -0.999705013986 -0.02429035417 -3.5863342e-05 -25.633358 0.000211210626 -0.010169077498 0.999948271292 1.780419
-0.02413316661 0.999642822452 0.011535789344 111.177758 -0.999708211636 -0.02411388069 -0.001808028808 -26.477838 -0.001529216512 -0.011576048584 0.999931826016 1.789507
-0.022187980458 0.999695093398 0.010804652682 111.122684 -0.999742631742 -0.022236789348 0.004418393978 -27.352336 0.004657312658 -0.010703838738 0.999931866294 1.812559
-0.02162411581 0.999733647784 0.008091450238 111.129957 -0.99966769988 -0.0217349896 0.01387517764 -28.14673 0.01404734477 -0.007788724312 0.999870995646 1.848916
-0.02095401673 0.9997524952 0.00738826616 111.097076 -0.999575102816 -0.02109868468 0.020079046412 -28.979322 0.020229976912 -0.00696438194 0.999771096366 1.856142
-0.019731077812 0.999785169628 0.00626918846 111.08568 -0.999683863228 -0.019825838562 0.01543091695 -29.799141 0.0155519045 -0.00596273329 0.99986128235 1.868629
-0.018531702708 0.999821469538 0.003853885738 111.053692 -0.999795638558 -0.018562387956 0.008084942858 -30.616991 0.008155029418 -0.003703273078 0.999959889852 1.891884
-0.01846287589 0.99982741871 0.00201814227 111.028207 -0.99981943801 -0.018471688882 0.004439141166 -31.443035 0.00447565413 -0.001935818334 0.999988110492 1.917507
-0.019150945138 0.999814060014 0.002117051236 111.031448 -0.999805698606 -0.019160450682 0.004564796412 -32.274817 0.004604513284 -0.002029218972 0.99998734028 1.943848
-0.020057613906 0.999790436222 0.004290038966 111.020108 -0.999788834174 -0.02007716242 0.004563256762 -33.065329 0.004648425142 -0.004197605306 0.99998038595 1.955731
-0.022046868804 0.999741592242 0.005670826978 111.02192 -0.999744765682 -0.022075054962 0.004956757182 -33.900291 0.005080652382 -0.005560098178 0.999971635758 1.974554
-0.024072465226 0.999691833302 0.006054312268 111.009016 -0.999696819542 -0.024102995778 0.005021398108 -34.703421 0.005165778292 -0.005931599332 0.999969064952 1.982302
-0.025343891442 0.999658009294 0.00649275807 110.96575 -0.999665234094 -0.025377206292 0.00510112249 -35.51546 0.00526414255 -0.00636130185 0.99996591075 2.006769
-0.026682457168 0.999615029824 0.007527728752 110.966325 -0.999627985904 -0.026723072656 0.005347448896 -36.307878 0.005546561792 -0.007382246416 0.999957368112 2.021539
-0.02881750285 0.9995271228 0.01062138994 110.93884 -0.99957157656 -0.028867549728 0.004589052552 -37.110629 0.0048935131 -0.010484600952 0.999933061022 2.028315
-0.0310693269 0.999461202342 0.010578780294 110.914251 -0.999510845874 -0.031105087876 0.003232822102 -37.91837 0.003560134782 -0.010473164354 0.99993881726 2.04431
-0.033168732074 0.999396620334 0.01025106582 110.905149 -0.99944288277 -0.033203224714 0.003213064516 -38.685036 0.003551501916 -0.01013878534 0.999942294236 2.067606
-0.034772848306 0.999340741304 0.010463096556 110.891355 -0.999387587944 -0.034812363328 0.003618430968 -39.47378 0.003980286804 -0.010330863912 0.999938713422 2.08213
-0.035433391656 0.999319640904 0.0101377085 110.838382 -0.99936281452 -0.035472485946 0.003702795696 -40.250846 0.004059899604 -0.01000005224 0.999941756334 2.091934
-0.036588287058 0.999286807262 0.009405732318 110.828695 -0.999325989342 -0.036616498116 0.002844792562 -41.040631 0.003187160798 -0.009295302642 0.999951718542 2.114584
-0.038053306314 0.99923443587 0.009081461006 110.79694 -0.999272857094 -0.038073316404 0.00204071967 -41.826093 0.00238491879 -0.008997201406 0.999956680326 2.131761
-0.039120178004 0.999193980084 0.009070412424 110.786632 -0.999232558824 -0.039139131652 0.001921542988 -42.582783 0.002274995316 -0.008988275992 0.999957016748 2.161141
-0.03995908234 0.99914832737 0.01024211373 110.752093 -0.999199849618 -0.039971238154 0.00098482161 -43.31509 0.001393378374 -0.010194570318 0.99994706319 2.17208
-0.041060246362 0.99910710105 0.010016184796 110.741423 -0.99915701559 -0.04106582225 0.00035157462 -44.048801 0.000762577004 -0.0099932997 0.999949774988 2.203615
-0.04167782485 0.99907921995 0.0101890686 110.719705 -0.99913110411 -0.041679496178 -4.8348504e-05 -44.766992 0.00037637052 -0.010182229704 0.999948088928 2.212381
-0.041808395674 0.999075371334 0.009987450266 110.668239 -0.999123509886 -0.04182510626 0.001470097218 -45.456712 0.001886468146 -0.009917236842 0.99994904351 2.215196
-0.04154281361 0.999080813754 0.010548903948 110.646003 -0.999128682426 -0.041581946914 0.003517780036 -46.163441 0.003953193588 -0.010393575484 0.999938171 2.233415
-0.04185135844 0.999050573908 0.012198569196 110.631732 -0.999108764092 -0.04191725581 0.005197292634 -46.859233 0.005703668196 -0.011970175866 0.999912087766 2.239744
-0.04152758541 0.999055995816 0.012694185802 110.59453 -0.999116563112 -0.04160394192 0.005811256824 -47.546617 0.006333912246 -0.012441648392 0.999902538654 2.253256
-0.041684163012 0.999060335158 0.011862273734 110.576127 -0.999111517418 -0.04175409906 0.005710274386 -48.237336 0.006200208614 -0.011613706766 0.999913335852 2.265025
-0.04223490874 0.99903844242 0.0118329023 110.552368 -0.999093515292 -0.042296212394 0.00497923083 -48.949373 0.005474916556 -0.011611873458 0.99991759151 2.288363
-0.042359192244 0.998996297636 0.014562374428 110.530069 -0.999084667852 -0.042440850954 0.005344832806 -49.629324 0.005957508076 -0.014322642362 0.999879677766 2.303275
-0.042166386004 0.998953100356 0.017675724092 110.514142 -0.999090282892 -0.042268611114 0.005450042614 -50.331198 0.006191491244 -0.017429848618 0.999828918086 2.305703
-0.0420983625 0.9989698108 0.0169290264 110.487744 -0.9990995352 -0.042180503202 0.00452446979 -51.002621 0.0052338884 -0.01672331229 0.999846456798 2.319384
-0.042628953684 0.998963090414 0.015991443494 110.453132 -0.999081295646 -0.04269390541 0.003742340302 -51.68209 0.004421194954 -0.015817218818 0.99986512523 2.341274
-0.045958875354 0.998722265774 0.021029053808 110.432981 -0.998936740802 -0.04602658225 0.002746838536 -52.322409 0.003711217144 -0.020880447632 0.99977509166 2.353835
-0.051590431824 0.99841238994 0.022601234276 110.434886 -0.998660076076 -0.051667922874 0.0028577976 -53.041906 0.0040210233 -0.022423518224 0.999740474886 2.367558
-0.05811989097 0.998136396766 0.018665210852 110.387636 -0.998281587106 -0.058251306682 0.006575470076 -53.698254 0.007650456868 -0.018250956484 0.999804167612 2.379232
-0.06476334562 0.997737982288 0.018062318156 110.336389 -0.997850949716 -0.064931575924 0.008887768448 -54.345322 0.010040457568 -0.017447893196 0.99979735974 2.385373
-0.07203290346 0.99723952254 0.01802521828 110.300648 -0.997340919688 -0.072217376196 0.00980069058 -55.037237 0.011075365716 -0.017271314488 0.99978949686 2.416423
-0.078864714016 0.99666990644 0.02072875608 110.248863 -0.99682377908 -0.079074058408 0.009480170892 -55.735514 0.01108770456 -0.019915264908 0.999740188792 2.42062
-0.083747619314 0.996207036522 0.023630698374 110.180015 -0.996435324726 -0.083961824354 0.008221256418 -56.420542 0.010174141722 -0.022857948354 0.999686951596 2.439734
-0.087982138576 0.995847621656 0.02341062888 110.132343 -0.99606745976 -0.088200581626 0.008465996694 -57.084396 0.010495651944 -0.02257370007 0.999690086854 2.459756
-0.092515730512 0.995349732728 0.026823167216 110.077271 -0.995661552368 -0.09274626369 0.007479089834 -57.763521 0.009932063096 -0.026014865114 0.999612215222 2.477022
-0.095325246898 0.99501063008 0.029443166828 110.015074 -0.99542200096 -0.09548728825 0.00414421552 -58.515439 0.006934987372 -0.02891332816 0.999557864952 2.484289
-0.096691698706 0.994952908468 0.026782374902 109.957267 -0.995308022332 -0.096743886696 0.000656688772 -59.206668 0.003244434602 -0.026593241428 0.999641071814 2.49921
-0.098541894514 0.994798451296 0.025766173788 109.890479 -0.995131884608 -0.09852501673 -0.001926843816 -59.906792 0.000621811164 -0.025830636648 0.9996661398 2.501165
-0.100004033514 0.994668800246 0.025112388182 109.82605 -0.994985406658 -0.09999328473 -0.001686568534 -60.640052 0.000833523026 -0.025155154402 0.99968321118 2.498111
-0.100154407258 0.994683478108 0.023936069706 109.758144 -0.994963033732 -0.100223438068 0.001698898764 -61.355024 0.004088833674 -0.023645361684 0.999712047574 2.527386
-0.099733159444 0.994841026506 0.01855285993 109.675509 -0.99498368493 -0.099858350474 0.005946111306 -62.1164 0.007768098494 -0.01786677075 0.999810199526 2.510535
-0.10075223933 0.994818110892 0.013584070944 109.58646 -0.99484373022 -0.100894645826 0.010239002808 -62.872041 0.01155652128 -0.01248242676 0.99985530736 2.54131
-0.10124997713 0.994772169846 0.013287660228 109.499217 -0.99478519119 -0.10139802445 0.01098424698 -63.607898 0.01227416814 -0.012106212972 0.999851381144 2.563168
-0.10197469989 0.994672645268 0.015150341316 109.449031 -0.994734868692 -0.10211485689 0.008782982104 -64.38596 0.010283243396 -0.014174925816 0.999846651576 2.595992
-0.10205018794 0.994675600806 0.014333799058 109.371469 -0.99476473107 -0.10211497761 0.00386142663 -65.127604 0.00530456911 -0.013864701858 0.999889809686 2.588439
-0.10207719106 0.994677002316 0.014041733492 109.277366 -0.994770502404 -0.102113841594 0.001916514486 -65.866367 0.003340174052 -0.013772673834 0.99989957327 2.605058
-0.103157841802 0.99457752741 0.013161175036 109.221699 -0.99465992811 -0.10318889825 0.00170104398 -66.607754 0.003049913036 -0.01291542138 0.999911941052 2.624732
-0.104633576532 0.99441552102 0.013771775488 109.146025 -0.99450329944 -0.104676813924 0.00245512038 -67.347075 0.003882994788 -0.01343918776 0.999902150508 2.627177
-0.107242559176 0.994135584452 0.013965818644 109.087071 -0.994225552636 -0.107287888306 0.002535830342 -68.096398 0.004019309612 -0.013613216966 0.999899257734 2.645374
-0.10930392612 0.9939179561 0.01335362806 109.003802 -0.993998032756 -0.10935212193 0.002931782758 -68.848154 0.004374210508 -0.01295303111 0.999906538206 2.648836
-0.11098603074 0.993736958812 0.012949459924 108.927691 -0.993811974052 -0.111032096698 0.002892148294 -69.571137 0.004311850196 -0.012548345786 0.999911969558 2.667982
-0.113156024074 0.993494335022 0.012899062964 108.854425 -0.993570208114 -0.11319723553 0.002508547132 -70.316757 0.003952353028 -0.012532259956 0.99991365702 2.697018
-0.11467896709 0.993308652586 0.013596523358 108.775197 -0.993391254038 -0.114729796354 0.003016685306 -71.084582 0.004556440546 -0.013160725178 0.9999030123 2.693329
-0.11546865345 0.99321674758 0.01366605467 108.68521 -0.99329486518 -0.115533712072 0.004068266588 -71.839813 0.00561956677 -0.013104667588 0.999898338878 2.714332
-0.116679019978 0.993071097216 0.013967583158 108.614327 -0.993151904904 -0.116748718212 0.004280390784 -72.614968 0.005881436102 -0.013372502904 0.99989328671 2.720084
-0.11806683322 0.992906988066 0.013940610478 108.519882 -0.992988250254 -0.118134393204 0.004123661094 -73.379884 0.005741291518 -0.013356001386 0.99989432174 2.745175
-0.118768112288 0.992827855344 0.013676618232 108.433447 -0.992911412784 -0.118819334816 0.002992786296 -74.148156 0.004596367752 -0.013224222456 0.999901991872 2.760797
