1.0 0.0 0.0 0.0 0.0 1.0 0.0 0.0 0.0 0.0 1.0 0.0
0.999999822446 -0.000487868672 0.00034218739200000004 1.361992 0.000488131328 0.999999586016 -0.0007679165520000001 -0.000113 -0.000341812608 0.000768083448 0.999999646606 0.014434
0.99999989048 -0.000468003152 -3.6312159999999997e-06 2.657 0.000467996848 0.9999986486 -0.0015760009359999999 0.003169 4.368784e-06 0.001575999064 0.999998758104 0.04065
0.999999909164 -0.000425986644 1.4406403999999999e-05 3.971771 0.000426013356 0.99999808903 -0.001907997018 0.004948 -1.3593596e-05 0.001908002982 0.99999817967 0.054563
0.9999997772 -0.00047550016800000004 0.00046850742399999994 5.305576 0.00047649888 0.999997609734 -0.002133886482 0.001217 -0.00046749164 0.00213410925 0.99999761351 0.066387
0.99999902215 -0.00053800899 0.0012908319299999998 6.631803 0.00054198993 0.999995092502 -0.003085648614 0.010085 -0.0012891654899999999 0.003086345214 0.999994406252 0.084301
0.99999791623 -0.000722806464 0.001909210782 7.967285 0.0007291906320000001 0.999994138604 -0.0033453007040000005 0.009071 -0.001906781586 0.003346685912 0.99999258191 0.101948
0.99999878295 -0.000836060694 0.0013172330579999999 9.301826 0.00083993763 0.99999530942 -0.00294544565 0.023924 -0.00131476431 0.0029465484579999997 0.999994794614 0.122296
0.999999192278 -0.0011402972979999999 -0.00056139694 10.644597 0.001139702702 0.999998790518 -0.00105832034 0.026519 0.00056260306 0.00105767966 0.999999282396 0.137815
0.999998394894 -0.0009845628539999999 -0.001496945064 11.98426 0.000987435174 0.999997670702 0.0019192605519999999 0.038741 0.0014950519439999998 -0.001920735608 0.999997037792 0.161446
0.999998224766 -0.000988144214 -0.001604380954 13.325204 0.000995849834 0.999987939918 0.004809190978 0.044797 0.001599609434 -0.004810780162000001 0.999987148748 0.171707
0.999999244614 -0.0008513074859999999 -0.000886592594 14.667063 0.000856683974 0.99998113998 0.006081592122 0.060363 0.000881398566 -0.006082347058 0.99998111391 0.187312
0.999999103582 -0.000596694618 0.001198661682 16.017512 0.000591301818 0.999989725564 0.004494342918 0.057613 -0.0012013311179999999 -0.004493630118 0.999989181982 0.188966
0.999994659824 -0.000644185188 0.0032039594439999997 17.373261 0.000643813524 0.999999785904 0.000117031572 0.056487 -0.0032040341479999995 -0.000114968196 0.999994860464 0.198777
0.999997371964 -0.0009036319499999999 0.0021070162379999997 18.73227 0.000908366238 0.99999706283 -0.002247043734 0.058181 -0.0021049795499999994 0.00224895177 0.99999525563 0.232288
0.99999950294 -0.000993879588 7.9521736e-05 20.084478 0.0009941184240000003 0.99999481806 -0.0030619581720000002 0.060076 -7.6478108e-05 0.003062035704 0.999995309036 0.241886
0.99999975408 -0.000304388048 -0.000631813344 21.435579 0.000303611952 0.9999991998 -0.0012280960639999999 0.070102 0.000632186656 0.001227903936 0.999999046296 0.297886
0.999999895958 0.00017766736 0.000420140976 22.810846 -0.00017833263999999998 0.99999872963 0.0015839626199999999 0.081158 -0.00041985902400000003 -0.00158403738 0.999998657272 0.289034
0.999990518648 0.000542278676 0.004320712592 24.181133 -0.0005537180360000001 0.999996343896 0.0026468083760000003 0.077687 -0.004319261487999999 -0.0026491757360000002 0.999987162848 0.298042
0.999984330406 0.000857554008 0.005532046511999999 25.550119 -0.0008584391279999999 0.999999619118 0.00015762613200000003 0.076121 -0.005531909232 -0.00016237258800000002 0.999984685688 0.288373
0.99998789414 0.0005900742300000001 0.00488501841 26.937302 -0.000573921114 0.99999436582 -0.0033074086019999997 0.076838 -0.004886942502 0.00330456495 0.999982598684 0.317978
0.99999583971 0.000622180844 0.0028166400420000003 28.307007 -0.00060981546 0.999990183 -0.00438885478 0.077625 -0.00281934305 0.0043871188920000005 0.999986402166 0.322844
0.999998517404 0.001348282508 0.0010711311440000002 29.67186 -0.001343709416 0.99999002886 -0.004258710028 0.075198 -0.0010768624120000001 0.004257264423999999 0.99999035798 0.365006
0.999998073792 0.001959896432 -0.000105914816 31.042032 -0.001960099648 0.999996170142 -0.001953896126 0.085372 0.00010208497599999998 0.001954099966 0.999998085534 0.370386
0.999996195296 0.002047434312 -0.001848622792 32.441053 -0.0020485615919999998 0.999997716798 -0.0006081070379999999 0.094409 0.0018473735120000001 0.0006118917419999999 0.999998106398 0.392145
0.99999618123 0.002182313274 -0.001695592452 33.827365 -0.0021816823619999997 0.999997550246 0.00037384996399999993 0.098002 0.0016964041560000001 -0.000370149292 0.9999984926 0.399274
0.999997717582 0.0021061462139999997 -0.000359131968 35.204172 -0.0021058495739999994 0.999997442894 0.0008243782559999999 0.096805 0.000360867312 -0.0008236200959999999 0.999999595712 0.429903
0.99999779702 0.001773124188 0.001123380824 36.601081 -0.0017748722639999999 0.99999721278 0.001557003228 0.102334 -0.0011206169319999998 -0.0015589936559999998 0.999998156876 0.442006
0.999996486542 0.001796334174 0.001949379962 37.97393 -0.001803655026 0.999991303678 0.003760237314 0.100074 -0.0019426083620000003 -0.003763740114 0.99999103022 0.4632
0.999996589518 0.00166403793 0.0020129415099999996 39.381044 -0.0016759453700000001 0.9999810231 0.00592829367 0.106841 -0.0020030384099999996 -0.00593164703 0.999980401518 0.477615
0.999995579916 0.001852104382 0.0023259108020000003 40.775142 -0.001871858378 0.999961954236 0.008519756722000001 0.116862 -0.0023100428380000006 -0.008524072838 0.999961001196 0.484934
0.999995933726 0.0015562792319999998 0.0023896710499999997 42.187361 -0.00157968 0.9999505152 0.009822004799999999 0.121255 -0.0023742670179999997 -0.009825739776 0.99994890755 0.494585
0.999996461936 0.0011612076760000002 0.00239326414 43.599389 -0.0011827665400000003 0.999958560816 0.009026501324 0.127761 -0.002382683324 -0.009029300059999999 0.999956396336 0.502989
0.999997534524 0.0008054311700000001 0.0020693546220000004 44.993563 -0.000822554178 0.99996532323 0.008287084546 0.120722 -0.00206260819 -0.00828876627 0.99996352035 0.526475
0.999997211934 -0.00029535233 0.0023428374779999998 46.442466 0.000276642522 0.99996810294 0.007982263354 0.135718 -0.00234512033 -0.00798159297 0.99996539667 0.540931
0.99999365831 -0.0011296047720000001 0.0033774731640000004 47.84001 0.0011023729080000002 0.99996695992 0.008053806636000001 0.140882 -0.003386459196 -0.008050032324 0.999961863686 0.558778
0.999991193592 -0.0019201713520000001 0.0037317107999999995 49.237041 0.001887782952 0.999960689592 0.00866345656 0.148922 -0.0037481994399999998 -0.0086563356 0.9999555084 0.57372
0.99998802572 -0.002925122128 0.003923276796 50.647179 0.0028908080799999996 0.999957770006 0.008723618328 0.169683 -0.00394862874 -0.00871217244 0.99995425219 0.583726
0.999981776062 -0.003651933342 0.0048073821 52.061839 0.0036079577579999998 0.999951860822 0.009124618820000001 0.174758 -0.004840473180000001 -0.0091071077 0.999946813784 0.599228
0.99997235992 -0.004739547792 0.0057285357359999995 53.523384 0.004692310728 0.99995511191 0.008231430514 0.192136 -0.005767291824 -0.008204322946 0.999949712486 0.607113
0.99996778323 -0.005051490842 0.006238183634 54.936731 0.005012378325999999 0.99996778323 0.006269653762 0.203272 -0.006269653762 -0.006238183634 0.999960887484 0.620776
0.999966716768 -0.005533769696 0.005995226872000001 56.34067 0.005506108863999999 0.999974166392 0.004620531436 0.209223 -0.006020640952 -0.004587367276 0.99997135356 0.635535
0.999962946776 -0.005843282792000001 0.006321479404 57.787889 0.0058205889040000005 0.99997657136 0.003602424688 0.223015 -0.006342381292 -0.003565496464 0.99997353036 0.645765
0.999958991022 -0.0055929722860000005 0.007122846642 59.201422 0.005574904866 0.999981198894 0.002553879086 0.225615 -0.007136996498 -0.0025140651659999996 0.999971370972 0.658799
0.999955236632 -0.00514129394 0.007943038816 60.627979 0.00513859298 0.9999867324 0.00036041234 0.232307 -0.007944786416 -0.00031958018 0.999968388632 0.66532
0.99995840067 -0.0046946872139999995 0.007820282182 62.051379 0.004709209342 0.999987219516 -0.0018396041460000002 0.249579 -0.0078115458660000005 0.0018763549780000002 0.99996772899 0.675331
0.99996349807 -0.00446649384 0.00728374602 63.475496 0.00448541664 0.999986602712 -0.002583685836 0.254429 -0.00727210842 0.002616262164 0.999970135358 0.683689
0.99996688907 -0.003679037134 0.007258474642 64.896713 0.0036968964819999997 0.999990168606 -0.002448601466 0.261242 -0.007249394786 0.0024753542180000004 0.99997065902 0.701934
0.999966919622 -0.003479268128 0.0073521709599999995 66.287777 0.003488676128 0.999993111672 -0.00126718606 0.267961 -0.00734771144 0.00129279346 0.99997216955 0.719244
0.999961094444 -0.0026814377880000004 0.008403541428 67.69856 0.0026665087320000003 0.999994847774 0.001787221062 0.285583 -0.008408290452000002 -0.001764743418 0.999963092494 0.734354
0.999948600632 -0.002469200496 0.009833573699999999 69.134078 0.002418721296 0.999983854982 0.0051419424 0.299852 -0.00984611142 -0.00511789344 0.99993842875 0.744731
0.999940398518 -0.001954641458 0.010741455556 70.55368 0.001861266958 0.99996045647 0.008696047036 0.317808 -0.010758028444 -0.008675536036 0.999904495452 0.757627
0.99994230227 -0.0015303563040000002 0.010632502812 71.966846 0.001397544144 0.999921053152 0.012487365624000001 0.328253 -0.010650773532000002 -0.012471785736 0.999865498718 0.760762
0.99994874851 -0.000725307618 0.010098229896 73.371628 0.000558632034 0.99986373491 0.016498468072 0.347677 -0.010108820328 -0.016491981304 0.999812895584 0.767531
0.999949172158 -0.000316275888 0.010077358932000001 74.766177 0.00012769924800000004 0.999824980726 0.018708071232000002 0.342119 -0.010081512108 -0.018705833472 0.999774202168 0.774223
0.999946022382 -4.0786042e-05 0.010389929410000002 76.163489 -0.000152779658 0.999826459982 0.018628647170000002 0.351963 -0.01038888613 -0.01862922901 0.9997724855 0.768381
0.999945225902 0.00013816643999999998 0.010465474121999998 77.54796 -0.00032180964 0.9998459723 0.01754788404 0.373077 -0.010461437621999999 -0.01755029076 0.999791251102 0.779196
0.999953230412 -0.000254311016 0.009668109935999999 78.967665 9.367297600000001e-05 0.99986200559 0.016612077138 0.364908 -0.009671000423999999 -0.016610394557999997 0.999815266278 0.789247
0.999951440364 -0.00021585088 0.009852423724 80.344124 5.213652399999998e-05 0.999861978524 0.01661387936 0.373463 -0.009854650000000001 -0.016612558924 0.999813436844 0.797622
0.99994942487 -0.000598971506 0.010039370868 81.727542 0.000436981874 0.999869809646 0.016129875636 0.391216 -0.010047725172000001 -0.016124672843999998 0.99981950284 0.802931
0.99995046071 -0.001030588404 0.009900205628000001 83.107906 0.00087733146 0.99987991543 0.015472076460000001 0.396209 -0.0099149621 -0.015462624228000002 0.999831286256 0.813686
0.9999477235 -0.00161071005 0.01009732035 84.484751 0.00144915225 0.99987114935 0.01598701505 0.401862 -0.01012176975 -0.01597154675 0.99982121375 0.818151
0.999938868812 -0.00290838894 0.010667705056000001 85.86981 0.0027433567200000003 0.99987684094 0.015452410260000002 0.39979 -0.010711332844 -0.015422200320000001 0.999823696028 0.825861
0.999924663672 -0.004142033008 0.011554676484000001 87.238674 0.003977609712000001 0.999891023382 0.014216890983999999 0.393917 -0.011612304124 -0.014169859944 0.999832170654 0.834166
0.999909639308 -0.005096826088000001 0.012439271356 88.614982 0.004946762108000001 0.99991498118 0.012064818776 0.415327 -0.012499706104 -0.012002194435999999 0.999849840972 0.841846
0.999901902702 -0.005894833948000001 0.012705736392 89.999625 0.005764722972 0.999930822222 0.010252737232 0.426671 -0.012765295672 -0.010178486351999999 0.999866713824 0.850989
0.999899048504 -0.006627961644 0.012568327368000001 91.327091 0.006523591188000001 0.999944049214 0.008327133924 0.43417 -0.012622816104 -0.008244302628 0.999886341494 0.853461
0.999901816454 -0.00656438579 0.012380079835999999 92.705184 0.006467197185999999 0.999948085094 0.007874168059999999 0.45444 -0.01243112618 -0.007793330564 0.999892359804 0.857183
0.999904849176 -0.0067568423039999995 0.012026536931999999 94.08596 0.006666741552 0.99994952924 0.007516214756 0.467313 -0.012076715844 -0.007435321732 0.99989942936 0.864584
0.999909847998 -0.006800062900000001 0.011578206342 95.423602 0.00671954502 0.9999530694 0.0069790135 0.479501 -0.011625120742 -0.0069005839800000005 0.999908614998 0.863484
0.999915527478 -0.0067437339720000005 0.011111252198 96.802311 0.006655877428 0.999946444728 0.007925083547999999 0.49062 -0.011164101798000002 -0.007850458947999999 0.999906862206 0.877902
0.999918007406 -0.006296258012000001 0.011150585828000001 98.1282 0.006199367108 0.999942914136 0.008702660032 0.518888 -0.011204743492000001 -0.008632819888 0.999899959046 0.870742
0.99990300979 -0.00646484481 0.012335994270000001 99.505294 0.0063507066299999995 0.999936872318 0.009269297614 0.531923 -0.012395140110000001 -0.009190056286 0.999880944572 0.882486
0.9998834195 -0.00664532859 0.01374724887 100.867401 0.006502106046 0.99992439443 0.010436854578000001 0.541197 -0.013815565878000001 -0.01034625171 0.999851031406 0.888423
0.99989049959 -0.006503630640000001 0.01329254775 102.219365 0.006383892504 0.99993884536 0.009030590928 0.553022 -0.013350466422000001 -0.00894474396 0.999870870086 0.892384
0.99991965467 -0.006361346302000001 0.010964379496000001 103.562549 0.006266287486 0.99994267275 0.008682450952000001 0.574206 -0.011018982968 -0.008613047464 0.999902194016 0.899013
0.99993041875 -0.006355510554 0.009938065422 104.9257 0.006268148598 0.99994165795 0.008797216014 0.583913 -0.009993396413999999 -0.008734310621999999 0.999911918044 0.899751
0.999924168384 -0.006141529408 0.010674228208 106.238099 0.006066165392 0.999956547534 0.007078468042 0.60151 -0.010717236992000001 -0.007013179658 0.999917974734 0.898545
0.999901780016 -0.005802305376 0.012757888936000002 107.561674 0.005741382936 0.999971965558 0.004806731202 0.614334 -0.012785421376 -0.0047330112180000005 0.999907061558 0.897632
0.999893611702 -0.004850139132 0.013756500018 108.928426 0.004809590388 0.999983996092 0.002979157572 0.632758 -0.013770729197999999 -0.0029126774519999997 0.999900936694 0.911715
0.99990575339 -0.004139737903999999 0.013089954031999999 110.253039 0.004116063951999999 0.999989845376 0.0018349826239999999 0.638961 -0.013097417456 -0.0017809305919999998 0.99991263915 0.920575
0.99992955107 -0.003507902688 0.011339645546000001 111.582144 0.003467964768 0.999987721728 0.003539720544 0.65047 -0.011351923306 -0.0035001456960000003 0.999929438942 0.925403
0.999955863582 -0.0019338731039999998 0.009194071902 112.933865 0.001878065904 0.999979785404 0.006074670544 0.678167 -0.009205633698 -0.006057135344 0.999939281822 0.940035
0.999956728248 -0.000691594 0.009277031663999999 114.243993 0.0006123799199999999 0.9999633558 0.008538854560000001 0.694488 -0.009282597136 -0.008532804 0.999920509152 0.940084
0.999941194422 0.000675345134 0.010823663766 115.609843 -0.000792612294 0.9999409995 0.010833714758 0.696223 -0.010815708674000002 -0.010841656638000002 0.999882732678 0.939267
0.999911612094 0.001867358502 0.013163618824 116.961481 -0.002004502106 0.999943775214 0.010412891591999998 0.724966 -0.013143434088 -0.010438357736 0.999859135404 0.933737
0.99990005142 0.0025504894460000004 0.013906188458 118.288971 -0.0026853168220000003 0.99994948923 0.009685453706000002 0.725475 -0.013880783386000002 -0.009721828198 0.999856394574 0.942408
0.999901945676 0.003572957134 0.013540059318 119.600677 -0.003710773358 0.999941429486 0.010166999334 0.735972 -0.013502940053999999 -0.010216246458 0.999856639326 0.943957
0.999896908278 0.004977451112 0.013468392850000002 120.956891 -0.005142093488 0.999912142448 0.012217450520000001 0.734343 -0.01340639773 -0.0122854468 0.999834654326 0.946942
0.999893066022 0.00622562288 0.013232466148000001 122.30169 -0.0064057455200000005 0.999886810904 0.013613663179999999 0.749165 -0.013146214852 -0.01369697122 0.999819768782 0.94438
0.999895134726 0.0069283706859999995 0.012716809778 123.654182 -0.007106913478 0.99987605342 0.014048829194 0.737762 -0.012617898086000001 -0.014137733218000001 0.99982044047 0.944403
0.9998931854 0.008210502120000001 0.01209153754 124.978765 -0.008396551224000001 0.99984589228 0.015417178068 0.727381 -0.011963091268000001 -0.015517058580000001 0.999808034096 0.945219
0.999892018648 0.008959161072 0.011648369664000001 126.330959 -0.009135825552000001 0.99984269408 0.015202757744000001 0.730466 -0.011510333376000001 -0.015307533584000003 0.999816579032 0.944819
0.99986922875 0.010105852850000001 0.012625267600000002 127.6747 -0.010292923150000003 0.999836885582 0.01484110064 0.731335 -0.0124732264 -0.014969110640000002 0.999810154332 0.948061
0.999846408654 0.010790848859999999 0.013810022275999999 129.008122 -0.010979801276 0.999846133734 0.01368038208 0.722694 -0.01366027446 -0.013829912176 0.999811047384 0.949085
0.999839052152 0.011046866648 0.014136351251999999 130.382743 -0.011231751992000001 0.999851541542 0.013066848468 0.707893 -0.013989904812 -0.013223521428 0.999814693294 0.947684
0.999834993912 0.011219886412 0.014286322332000001 131.721045 -0.011378825388 0.999873725862 0.011092997482000001 0.699795 -0.014160056132000002 -0.011253728682000001 0.999836409774 0.947459
0.999824314374 0.01097076751 0.015198122949999998 133.059958 -0.01111601765 0.999893030982 0.009505836337999998 0.691021 -0.015092210989999999 -0.009673108762 0.999839315292 0.939132
0.99982968632 0.010469626388 0.015198197603999998 134.405512 -0.010593299348 0.999911245688 0.008079772344 0.668871 -0.015112256483999999 -0.008239395336 0.999851855032 0.948402
0.999837273582 0.009799227052 0.015145998176 135.767947 -0.009911826771999999 0.99992366348 0.0073771802240000005 0.658632 -0.015072551263999999 -0.007526104384 0.999858077798 0.942714
0.99983204876 0.008777714935999999 0.016088065068 137.088797 -0.008853491623999999 0.999950018744 0.004644960036 0.65536 -0.016046488812 -0.004786615524000001 0.99985978936 0.945981
0.999835454054 0.007568326532 0.016485900977999998 138.458038 -0.007623020212 0.999965639192 0.003257288988 0.656477 -0.016460682258 -0.0033824254920000003 0.999858792462 0.938235
0.999835911512 0.006854493048 0.016768001096 139.798139 -0.006896929368000001 0.9999731548 0.002474272776 0.652037 -0.016750591064 -0.002589514536 0.999856345688 0.937369
0.999847801752 0.005458219951999999 0.016570488963999996 141.122534 -0.0055013526079999995 0.999981594392 0.0025585130839999998 0.650435 -0.016556219044 -0.002649283804 0.999859426544 0.941038
0.999859470432 0.004501158672 0.016148648455999996 142.479038 -0.004538515887999999 0.999987107502 0.0022774312559999997 0.635569 -0.016138189175999997 -0.002350402136 0.999867008334 0.921553
0.999897075126 0.00335638918 0.013948968704000001 143.853699 -0.003367435996 0.999994034846 0.0007685328199999999 0.635054 -0.013946306 -0.000815425996 0.999902413016 0.929758
0.999907848876 0.00292094806 0.013257520243999999 145.19205 -0.002882912644 0.999991676486 -0.00288717433 0.631661 -0.01326584318 0.002848688006 0.999907946966 0.930872
0.999878215416 0.0022554840399999997 0.015442379484 146.489022 -0.002128344984 0.999963747576 -0.008244614499999999 0.605846 -0.01546041526 0.008210743716 0.999846767856 0.934278
0.999855915436 0.000838965348 0.016954189824 147.822154 -0.000516924816 0.99981953606 -0.018990212252 0.597601 -0.016967062332000002 0.018978712015999998 0.99967591118 0.911358
0.99988905318 -0.000551192802 0.014885482554 149.181523 0.000916655994 0.999698035574 -0.024556009682000002 0.607759 -0.014867452578000002 0.024566930134 0.99958762751 0.926006
0.999923456286 -0.0005642097139999999 0.012359737366 150.524391 0.000871650994 0.999689986188 -0.024883151302 0.60791 -0.012341866346 0.024892020038 0.999613957998 0.92852
0.999948425094 3.894027000000001e-05 0.010156061179999998 151.859697 0.00018692916999999998 0.999752688462 -0.022237956228 0.620532 -0.01015441542 0.022238707772 0.999701119032 0.926804
0.999950461534 0.000689390298 0.009929708999999998 153.221655 -0.0004985396099999999 0.99981534995 -0.01920981772 0.625132 -0.009941118552 0.019203915736 0.99976616432 0.946439
0.99992558462 0.0014898105060000002 0.012108087378000001 154.573201 -0.001258013622 0.99981623062 -0.019129104006 0.621888 -0.012134361006 0.019112448378000003 0.999743703116 0.941384
0.99988198862 0.0022887816379999998 0.015191123114 155.913418 -0.001922788738 0.999708581132 -0.024063571453999996 0.608085 -0.015241772414 0.024031522346 0.999595004988 0.948501
0.99985455567 0.002205694612 0.016911612156 157.258485 -0.001721763324 0.999590120304 -0.028576695212 0.607294 -0.016967711851999998 0.028543421123999997 0.99944853327 0.945572
0.999845296316 0.00237915617 0.017427648305999997 158.620199 -0.001856204194 0.999549315686 -0.02996197011 0.602907 -0.017491078169999997 0.029924985593999996 0.999399097926 0.956249
0.99983527206 0.00300928442 0.017898968680000002 159.981186 -0.002481897272 0.999564226124 -0.02941425466 0.609841 -0.017979684604 0.029364985928 0.9994070387 0.9413
0.99983604398 0.004227042015999999 0.017607303932000003 161.36321 -0.0037278361879999997 0.999592830476 -0.028289153296 0.613374 -0.017719714256000003 0.028218877948 0.99944469894 0.930994
0.999857509398 0.004427167928 0.016289912488 162.707291 -0.0039917879920000005 0.999636506238 -0.026663110172 0.62228 -0.016402033208 0.026594285092 0.999511739736 0.921449
0.999863569784 0.0054286657600000005 0.015600365888000001 164.033464 -0.005058243488000001 0.99970663628 -0.023686611616 0.621541 -0.015724376 0.0236044696 0.9995977056 0.913253
0.999851555054 0.0057372831679999995 0.016246574418 165.404855 -0.005409735808 0.999782661212 -0.020133671328 0.62749 -0.016358556078000002 0.020042792832 0.999665285742 0.905097
0.99984853739 0.005583692952 0.016484068254 166.753084 -0.005263384968 0.9997977304 -0.019411204775999998 0.617867 -0.016589120286 0.019321502664 0.999675687566 0.904539
0.999877575518 0.005132461118 0.014781463896 168.118485 -0.0048507800979999995 0.99980715395 -0.019029572136 0.619069 -0.014876281944 0.018955540776000004 0.999709649532 0.894457
0.999917980982 0.004647953170000001 0.011934315744 169.480545 -0.00446359123 0.99987101063 -0.01542849756 0.619088 -0.012004487255999998 0.01537396224 0.999809748748 0.898094
0.99993405323 0.00422574905 0.0106785864 170.874551 -0.0041380418499999995 0.999957635438 -0.008222160336000001 0.616564 -0.0107128788 0.008177429664 0.999909177792 0.909863
0.9999227512 0.004627885896 0.011535781128 172.214312 -0.004587920568 0.999983390446 -0.0034885246739999997 0.636277 -0.011551734024 0.0034353299219999998 0.99992737531 0.909108
0.999894259614 0.005072184182 0.013628738496000001 173.581931 -0.005099541174 0.99998505027 0.0019732999519999996 0.644877 -0.013618525808000001 -0.0020425916159999996 0.99990517728 0.914515
0.99986326566 0.004848616014 0.015809511422 175.014425 -0.004875043646 0.999986782686 0.0016335170940000002 0.653171 -0.015801382158 -0.0017103658660000002 0.99987368739 0.899312
0.999849081356 0.0043613661759999995 0.016816445736 176.406562 -0.004354302616 0.999990415718 -0.000456630462 0.643118 -0.016818276096000003 0.00038333761800000006 0.999858489238 0.902741
0.999851016798 0.0025312768979999997 0.017074452788000002 177.76609 -0.0024645282579999995 0.999989243766 -0.003929180508 0.630563 -0.017084214972 0.003886514668 0.999846500568 0.881377
0.99990842447 0.000685766106 0.013515630892 179.140076 -0.00060219783 0.99998068407 -0.0061861797 0.633173 -0.0135196121 0.006177474107999999 0.999889523276 0.887317
0.99994989867 -0.000544995286 0.009995157058 180.554431 0.0005909876740000001 0.999989249486 -0.004599092674 0.636202 -0.009992543121999998 0.0046047692660000005 0.99993947078 0.897735
0.99996081147 -0.001338117604 0.008751282832000001 181.910392 0.0013298557159999998 0.999998664654 0.000949828144 0.639214 -0.008752542128 -0.0009381529759999999 0.99996125568 0.890657
0.999951407798 -0.0014953212799999997 0.009744022032 183.34617 0.00144463168 0.99998539955 0.00520708158 0.66952 -0.009751666032 -0.00519275202 0.999938968248 0.89053
0.999919334496 -0.001383338848 0.012625799088000001 184.74019 0.001272581472 0.999960679296 0.008776124607999999 0.683844 -0.012637442992 -0.008759349312 0.999881777376 0.891312
0.99988334119 -0.001256952864 0.015222481758 186.145816 0.001130956392 0.999965057644 0.008282776704000001 0.683034 -0.015232360914 -0.008264594472 0.99984982447 0.893603
0.999868759062 -0.00100328361 0.01616967294 187.53893 0.0008766411899999999 0.99996890375 0.007837288579999999 0.688953 -0.01617703314 -0.00782208502 0.999838546412 0.881796
0.999859730316 -0.001320279028 0.016696603660000003 188.944941 0.0011956152999999998 0.99997135307 0.00747419207 0.699307 -0.016705993372000003 -0.007453180954000001 0.99983266595 0.881195
0.999852915054 -0.001314947328 0.017100262062 190.403277 0.001232950752 0.999987697244 0.004804703487999999 0.701779 -0.017106369618 -0.004782912991999999 0.999842235374 0.868992
0.999846811004 -0.00080772193 0.017484340262000003 191.835372 0.000764216762 0.99999659603 0.002494774966 0.699539 -0.01748629583 -0.0024810309700000004 0.99984402483 0.871401
0.999833483184 -0.00044696457600000003 0.018242971280000003 193.240699 0.0004249988 0.999999180144 0.001207926624 0.701258 -0.018243496224 -0.00119997224 0.999832853424 0.871624
0.99980015932 7.064640000000003e-06 0.019991037959999996 194.639553 7.9060896e-05 0.99999071992 -0.004307416128 0.705642 -0.019990882871999998 0.00430813584 0.999790880536 0.857004
0.999794481004 0.00013375473 0.020272591398 196.073918 2.5761102000000005e-05 0.99996904583 -0.007868083186 0.704262 -0.02027301627 0.007866988390000001 0.99976352975 0.842991
0.99986696775 0.0002837957 0.016308470650000004 197.505057 -0.00015618626000000004 0.999969368312 -0.007825473316 0.713 -0.016310191930000002 0.007821885115999998 0.999836384462 0.83533
0.999926530656 0.000498491832 0.012111346775999999 198.961559 -0.000477489624 0.99999837755 -0.0017369223820000001 0.724072 -0.012112192968 0.001731011726 0.99992514635 0.846285
0.999927547446 0.0017121412619999997 0.01191504893 200.39528 -0.00181176359 0.9999634527 0.00835528317 0.754852 -0.011900308037999999 -0.008376265066 0.99989410479 0.845562
0.99988502247 0.002768379586 0.014908986532 201.830841 -0.003035219938 0.999835082606 0.017905166283999997 0.779883 -0.014856959476000001 -0.017948359652 0.99972852668 0.832503
0.999839398364 0.0037398851259999996 0.017526854021999997 203.28619 -0.004047499622 0.999837819854 0.017548550046 0.794184 -0.017458381925999997 -0.017616671682 0.999692381454 0.815046
0.999833352472 0.0032494283999999997 0.017964083592000003 204.730853 -0.0035180978399999997 0.999882133984 0.0149445972 0.789557 -0.017913404808 -0.015005306159999999 0.999726937912 0.810374
0.999833651632 0.002448301896 0.01807415544 206.174214 -0.002663396496 0.999925809382 0.01188621663 0.77986 -0.018043713479999998 -0.011932377990000001 0.99976599415 0.792259
0.999840287676 0.001245259662 0.017828298798 207.628264 -0.0014385927180000002 0.999940259966 0.010835444798 0.776074 -0.017813740782 -0.010859361922 0.999782348606 0.789467
0.99985012911 0.000715387268 0.017297617626 209.114378 -0.0009085266600000001 0.999937308216 0.011160386732000002 0.774022 -0.01728854921 -0.011174429460000001 0.99978809667 0.78583
0.99984778422 0.0005897648100000001 0.01743733805 210.562441 -0.000806155618 0.999922727526 0.01240520805 0.781607 -0.017428674474000004 -0.012417376982000001 0.99977099895 0.782704
0.999836421852 0.00010108589799999999 0.018086445534000004 212.035284 -0.000358883742 0.999898385292 0.014250979346 0.78862 -0.018083167114 -0.014255139125999999 0.999734860044 0.773209
0.999834876408 3.0968239999999995e-05 0.018171936648 213.516788 -0.00028901064 0.9998991672 0.01419760904 0.784835 -0.018169664648000003 -0.014200516560000001 0.999734069208 0.772532
0.999846890542 -0.00044895267 0.017492688744000003 214.976606 0.00021100706999999997 0.99990746555 0.01360205724 0.793592 -0.017497176744 -0.013596283559999998 0.999754464992 0.759052
0.99985079835 -0.0007126494700000001 0.01725900891 216.437136 0.000483279966 0.9999115623 0.013290378062 0.793321 -0.017266953938000002 -0.01328005419 0.999762718254 0.755772
0.99985053575 -0.001161101922 0.017249876804 217.899458 0.000926772798 0.99990727399 0.013586193996000001 0.796346 -0.017264052236000003 -0.013568176644 0.999758899676 0.747369
0.99984766328 -0.0014431677800000001 0.01739445902 219.355624 0.001220675044 0.99991739756 0.012794836807999999 0.812828 -0.017411487308 -0.01277165468 0.999766835064 0.743246
0.99985497839 -0.001502866036 0.016963598998 220.867711 0.00127297018 0.99990731676 0.01355498086 0.811331 -0.01698239807 -0.013531420948 0.999764221694 0.729182
0.999855473724 -0.001634797958 0.016922141646 222.357694 0.0013930143059999998 0.99989692326 0.014289933802 0.828643 -0.016943758538 -0.014264295726000001 0.99975468918 0.728615
0.99985404684 -0.00216020058 0.016947525260000002 223.855212 0.0019035352599999999 0.999883477038 0.015146251973999998 0.83787 -0.01697826942 -0.015111781126 0.999741652902 0.722048
0.999855209238 -0.002267438174 0.016864730690000003 225.351959 0.002012283626 0.999883493702 0.01513108133 0.846384 -0.016897074650000003 -0.015094953850000002 0.99974328254 0.710064
0.999852429702 -0.0025072631460000003 0.016995070270000003 226.860325 0.0022524274540000003 0.999884997558 0.01499727309 0.857785 -0.01703071791 -0.01495677977 0.99974309166 0.710266
0.99985220344 -0.002320322004 0.017034880068 228.325556 0.002071396908 0.99989103799 0.014615788824 0.862262 -0.017066937276 -0.014578342632 0.999748063846 0.709836
0.999846076694 -0.0024017005179999998 0.017379716369999996 229.787209 0.0021700205899999997 0.99990870254 0.013337071229999999 0.867781 -0.017410161317999998 -0.013297303974 0.99976000503 0.700156
0.999833066012 -0.0023809960040000002 0.018115493264000002 231.273917 0.002166735664 0.9999275819 0.011837916548 0.871068 -0.018142367396 -0.011796688928 0.999765818988 0.692407
0.9998231843 -0.00235906358 0.018655700879999997 232.798429 0.00214066192 0.999929047148 0.011718290172 0.889775 -0.01868202138 -0.011676282672 0.999757293948 0.685667
0.999825311276 -0.0021607263859999997 0.018565510809999998 234.318296 0.00195503077 0.999936587726 0.011090463513999999 0.893204 -0.018588296986 -0.01105222999 0.999766134366 0.678594
0.99983063886 -0.001935323952 0.018301579064 235.786659 0.00170845012 0.999921608886 0.012403915998 0.898322 -0.01832415 -0.01237054789 0.99975556743 0.673187
0.999823609998 -0.001776631446 0.018697387832000003 237.320049 0.0015191444259999999 0.999903945726 0.013776481224000001 0.902358 -0.018720067608 -0.013745647144000001 0.999730271628 0.66351
0.99977852163 -0.001169146046 0.021012870572 238.85631 0.00086268733 0.99989322483 0.01458748378 0.917426 -0.021027681819999998 -0.014566125428 0.999672778716 0.648989
0.999767925158 -0.0005662627 0.021535449822 240.342838 0.00027766978000000006 0.999910157756 0.0134014731 0.934917 -0.021541103778000004 -0.01339238322 0.999678260998 0.632482
0.999786813486 4.3479384000000005e-05 0.020647651608 241.880442 -0.000320492952 0.99990998891 0.013413101416000002 0.941746 -0.020645209896 -0.013416859352000002 0.99969683552 0.621423
0.999809559532 0.0005028554340000001 0.019508759166 243.385681 -0.000757057626 0.999914885038 0.013024956402 0.940036 -0.019500549005999998 -0.013037245182000001 0.99972484147 0.615654
0.999805066822 0.000519129336 0.019737249444000002 244.891671 -0.000800772984 0.999897937208 0.014264431652 0.955249 -0.019727829924000004 -0.014277456091999999 0.99970343963 0.591541
0.99978604719 0.001001761604 0.020660491582 246.371074 -0.0012940570119999999 0.999899201496 0.014139026595999998 0.965835 -0.020644245085999997 -0.014162737387999998 0.99968656659 0.577044
0.999771035244 0.000607722844 0.021389422832 247.933223 -0.000900155008 0.999906226604 0.013664829884 0.96914 -0.021379112635999998 -0.013680954928 0.999677830364 0.574565
0.999766105392 0.0004544265520000001 0.021622404424 249.468463 -0.000753474392 0.99990415548 0.013824336536 0.978003 -0.021614049896 -0.013837395016 0.999670625688 0.563341
0.999755968536 0.000265659712 0.022089201200000002 251.039537 -0.00059026496 0.9998919222 0.01468997992 0.971757 -0.022082911312000002 -0.014699433584 0.99964807392 0.551034
0.99974853191 0.00025828708800000003 0.022423347196 252.54926 -0.000613630944 0.9998743254 0.015841622292 0.975446 -0.022416437468 -0.015851398284 0.999623047406 0.534686
0.99974865327 0.00016554626399999998 0.022418804482000003 254.087392 -0.000546383248 0.99985564056 0.016982327784000002 0.981268 -0.022412756754 -0.016990308592 0.999604420566 0.510962
0.99973826108 0.000232365064 0.022876958588000002 255.605917 -0.000583557416 0.999882074816 0.015345874856 0.983852 -0.022870694972000002 -0.015355208264 0.99962050236 0.503019
0.999720605336 0.000540652276 0.023630893 257.162619 -0.00088321102 0.999894650526 0.014488196624000001 0.999233 -0.023620570424000002 -0.01450501976 0.999615762806 0.488496
0.999697606406 0.000859783368 0.024575534944000003 258.712519 -0.001144032264 0.999932588686 0.011554625172000002 0.997614 -0.024563943808 -0.011579246316 0.999631199096 0.476692
0.999710409142 0.0004297443360000001 0.024060616140000005 260.247997 -0.0006621639360000001 0.999953193142 0.00965262018 0.987983 -0.024055341780000003 -0.00966575694 0.9996639004 0.452461
0.999724847006 6.284797199999998e-05 0.023456899793999997 261.7916 -0.00027312548399999995 0.99995980924 0.008961321372 0.989796 -0.023455393842 -0.008965262316 0.99968468447 0.440264
0.999691885518 0.000787391996 0.024809544882 263.316847 -0.000992454924 0.999965440572 0.008254249564 1.005669 -0.024802188142 -0.008276328684 0.99965811819 0.426901
0.99964392643 0.0011420982 0.02665924938 264.875429 -0.001305671688 0.999980425664 0.00611910852 0.998051 -0.026651738916 -0.006151737912 0.99962585027 0.405898
0.99964470431 0.001314518688 0.026622106254 266.389766 -0.001413233064 0.99999219512 0.0036895063679999998 1.006808 -0.026617048541999998 -0.003725818776 0.999638759926 0.387977
0.999666792204 0.0017315096339999999 0.025754727366 267.923672 -0.001816188786 0.99999302099 0.003264876722 1.002205 -0.025748894454 -0.0033105643180000002 0.99966296027 0.370436
0.99967253959 0.0023132451360000006 0.025484549688000003 269.45174 -0.0024143577120000004 0.99998933324 0.003937546964000001 1.004885 -0.025475169336 -0.003997786412000001 0.999667461326 0.343661
0.999660982428 0.0031597206179999997 0.025844476326 270.957761 -0.003299710902 0.999980106188 0.005375794846000001 1.016543 -0.025826976185999998 -0.005459251586 0.999651521516 0.326492
0.999661612382 0.003813232594 0.025731693738 272.477042 -0.003998056514 0.999966552284 0.007135114914 1.021911 -0.025703625222000002 -0.007235577234 0.999643421502 0.31034
0.99965683639 0.004797958368 0.025752453534000002 274.051654 -0.005017109112 0.99995169464 0.008452039744 1.03354 -0.025710657006 -0.008578342216 0.999632619494 0.294571
0.999654371196 0.005624938822 0.025680697962 275.629942 -0.005849959482 0.999945081228 0.008695545278 1.029904 -0.025630375702 -0.008842770882 0.999632377068 0.275483
0.99966402883 0.006238310202 0.025157755446 277.144752 -0.006492454794 0.999928590524 0.010033036518000001 1.036699 -0.025093369722000002 -0.010193001366 0.99963314531 0.260915
0.999668737548 0.0068693416019999995 0.024803780746 278.67546 -0.007125314782 0.99992211822 0.010246337706 1.022208 -0.024731463414 -0.010419678166 0.999639827772 0.244725
0.999654938686 0.007537946028 0.02516313489 280.227559 -0.007784552219999999 0.99992248958 0.009716772859999999 1.030685 -0.025087940022000002 -0.009909303595999999 0.99963613451 0.22888
0.999623486076 0.008439789607999999 0.026108534256 281.802629 -0.008642467824 0.999933315126 0.007659828118 1.028627 -0.026042145832 -0.007882586394 0.999629766966 0.201003
0.999604553048 0.00885569722 0.026689222003999997 283.340625 -0.00904642286 0.99993434099 0.007033918669999999 1.021781 -0.026625179396 -0.0072725789899999995 0.999619032342 0.187869
0.999651338992 0.009007254084 0.024820764084 284.88136 -0.009111133236000001 0.999950188528 0.004075265148 0.992274 -0.024782820804 -0.004299989388 0.99968361112 0.17163
0.999698023436 0.008815817456 0.022937826076000003 286.413238 -0.008906817796000001 0.999952852028 0.0038681269279999997 0.996259 -0.022902643936000004 -0.0040712616919999995 0.999729410508 0.147801
0.9997052428 0.007851424356 0.022973512092000003 287.961243 -0.007963357812 0.99995684408 0.004784856524 0.984251 -0.022934952684 -0.0049663925719999995 0.999724623344 0.13012
0.999708996246 0.0073680075640000006 0.022970301654 289.516174 -0.007454880636 0.9999653718 0.003698633852 0.970939 -0.022942254646 -0.003868798548 0.99972930579 0.114834
0.99971809307 0.006835049296 0.022737994392000003 291.073139 -0.006911960848 0.999970648334 0.003305640216 0.958394 -0.022714732776000005 -0.0034618724879999997 0.99973599328 0.104218
0.9997254287 0.0059694888 0.022659052199999998 292.649505 -0.0060496698 0.99997567415 0.0034716889500000002 0.947836 -0.0226377768 -0.0036078154500000003 0.99973722295 0.087392
0.99972260718 0.0052328654 0.02296356628 294.195842 -0.005330373992000001 0.999977027486 0.00418707263 0.95036 -0.022941128344 -0.004308315658 0.99972753419 0.066003
0.999717220478 0.004663870524 0.02331795797 295.730294 -0.004759441523999999 0.999980493528 0.004044782340000001 0.947264 -0.02329863877 -0.00415461906 0.99971991695 0.053077
0.99969268879 0.003765265926 0.024502057631999998 297.319508 -0.00384214065 0.99998784127 0.00309116004 0.947322 -0.02449012068 -0.0031843504320000003 0.999695000476 0.02957
0.9996573015 0.0035608338100000005 0.025934545330000003 298.8733 -0.00365853805 0.999986385038 0.003720868534 0.9515 -0.025920942850000003 -0.0038144758340000005 0.999656718638 0.017131
0.999651661048 0.0035350642919999994 0.026154542279999998 300.450764 -0.003664287708 0.999981308318 0.00489448882 0.948544 -0.02613675108 -0.0049886216200000005 0.999645929366 -0.008073
0.99964424447 0.00473347153 0.02624839135 302.081762 -0.004873634926000001 0.99997419231 0.0052784795180000005 0.942225 -0.026222728382 -0.00540452687 0.999641515196 -0.027546
0.999641678716 0.004809503976 0.026332161684000002 303.624535 -0.0049455887160000005 0.999974738108 0.005105319832 0.940875 -0.026306942424 -0.0052337185480000005 0.999640211708 -0.053253
0.9996608079 0.005034237276 0.025552415332 305.255116 -0.005120889308 0.999981354126 0.003326846994 0.933284 -0.025535190755999998 -0.003456569582 0.99966794811 -0.079386
0.999699893304 0.00543576708 0.02388673718 306.870559 -0.00547541452 0.999983738232 0.0015947199479999998 0.931517 -0.023877680219999996 -0.001725031052 0.999713399472 -0.092158
0.999718317596 0.005367007 0.023118827124 308.469791 -0.005388229324 0.999985117196 0.00085577052 0.925237 -0.02311389012 -0.000980099124 0.999732357676 -0.116596
0.999740196102 0.003724174102 0.022487130230000003 310.072951 -0.0037553396979999997 0.999992045702 0.00134386109 0.930505 -0.02248194659 -0.0014279587300000001 0.999746229404 -0.135269
0.999736901036 0.0018522477499999998 0.022862596346000002 311.678611 -0.001903504354 0.999995723276 0.0022203846100000003 0.932097 -0.02285838587 -0.002263319446 0.999736151196 -0.151809
0.999673616816 0.0014035163159999999 0.025508635828 313.306796 -0.001500242652 0.999991756216 0.0037731664559999996 0.946286 -0.025503129843999998 -0.003810204072 0.999667481336 -0.184698
0.999580348272 0.0017462398439999998 0.028915001484 314.937245 -0.001813382796 0.999995719958 0.0022960186279999996 0.934584 -0.028910868323999996 -0.002347489108 0.99957923663 -0.202249
0.99955369368 0.0019406757319999999 0.029810183156 316.565864 -0.001986884332 0.999996870102 0.001520551016 0.934729 -0.029807138956 -0.001579101784 0.999554421078 -0.219298
0.999574916912 0.002171802096 0.029073515264 318.190381 -0.002187735744 0.999997473648 0.0005162490719999999 0.931412 -0.029072320624 -0.000579634752 0.99957714296 -0.244113
