1.0 0.0 0.0 0.0 0.0 1.0 0.0 0.0 0.0 0.0 1.0 0.0
0.999899512408 0.01417152294 0.000364823652 -0.079478 -0.01417176846 0.999899344646 0.00067943199 0.204834 -0.000355158348 -0.00068453391 0.999999702638 0.020567
0.99932184254 0.036798922504 0.001301412192 -0.087204 -0.036800563456 0.999321834854 0.001260262686 0.293651 -0.001254153288 -0.001307300754 0.99999835903 0.024579
0.997587571448 0.069315531684 0.003793386528 0.019335 -0.069320681436 0.997593651262 0.001243189464 0.242169 -0.003698085888 -0.001503150744 0.99999203231 0.018329
0.99407905395 0.108499918734 0.005883258412 0.267571 -0.10849423627 0.99409626255 -0.00127751574 0.199841 -0.00598713546 0.000631652588 0.999981877464 -0.01522
0.98873711847 0.149519056184 0.006553834358 0.515831 -0.149499027472 0.988755852336 -0.003449002696 0.122411 -0.006995833894 0.002430364688 0.99997257543 -0.008707
0.981060195096 0.193541102156 0.007922030044 0.709479 -0.193516770556 0.981089858598 -0.003737916398 0.071428 -0.008495663444 0.002134076302 0.999961633998 0.006651
0.970699692398 0.239985265498 0.012212153144 0.856094 -0.239959559002 0.970776371598 -0.003550164056 0.03489 -0.012707257144 0.000515718056 0.999919126496 0.010653
0.957711461244 0.287129596696 0.018582809596 1.101141 -0.287048723716 0.957890830412 -0.006939486008 -0.091261 -0.019792835176 0.001311851452 0.999803241932 -0.0274
0.942099702998 0.334496956142 0.023664322504 1.308956 -0.334196841058 0.942371146118 -0.015784749184 -0.182422 -0.027580523104 0.006962270584 0.999595339116 -0.038263
0.922569264614 0.384884912924 0.027008521678 1.532746 -0.384398894588 0.922915740024 -0.021539069924 -0.32141 -0.033216656654 0.009489230588 0.999403125614 -0.015811
0.89893235468 0.436987227552 0.031025885564 1.764242 -0.43641644832 0.899434764406 -0.023613767448 -0.464781 -0.03822468122 0.00768695868 0.99923960243 0.010211
0.84182673144 0.538466937188 0.037160418556 2.236211 -0.537656967148 0.842630055222 -0.029989360196 -0.820196 -0.047460771476 0.005266270324 0.998859219318 -0.04898
0.616818376262 0.785944548346 0.042741910398 1.969552 -0.783306583106 0.618264337724 -0.064657687254 -1.9191 -0.077243128122 0.006402076494 0.996991733862 0.07235
0.32543508615 0.94370684861 0.05923426843 1.210873 -0.938221505306 0.33006543902 -0.103906340758 -3.077014 -0.117608340058 -0.02176015981 0.992821618646 -0.301399
0.00747839631 0.99907382034 0.04237342085 0.727066 -0.996013246516 0.01120892844 -0.088498048788 -4.111549 -0.088891045938 -0.04154266946 0.995174652126 -0.433207
-0.263532585024 0.963741954072 0.041843132552 1.780021 -0.963104781112 -0.260408752872 -0.067935926292 -4.863607 -0.054576390312 -0.058202709932 0.996811847448 -0.507084
-0.5174092225 0.85536997029 0.02502635597 2.606769 -0.855258311886 -0.51592215482 -0.048517643502 -6.282163 -0.028588887998 -0.04650758763 0.998508746204 -0.868411
-0.72662952453 0.687021744018 0.003608719796 2.836802 -0.687026855698 -0.726633609018 -0.000251657676 -8.385003 0.002449318644 -0.002662147316 0.999993456888 -1.167792
-0.872162682442 0.487228715544 0.044033967024 2.929248 -0.486560572824 -0.87327317581 0.025521063348 -9.669572 0.050888313744 0.000833337012 0.998704002232 -0.992873
-0.96371474064 0.26501757172 0.0319266322 2.88613 -0.264229086232 -0.964085256274 0.02687625463 -9.675136 0.037902680024 0.017465101018 0.99912879899 -0.922815
-0.998768546004 0.02958864983 0.039855725354 2.7601 -0.028685722354 -0.999324214884 0.02303951225 -9.622605 0.04051044773 0.021867820946 0.998939789676 -0.825942
-0.978308610952 -0.202321686684 0.044473531988 2.636458 0.203012938236 -0.979107526538 0.011571364506 -9.493051 0.041203238452 0.020349070374 0.99894354611 -0.862461
-0.916908951508 -0.395952374092 0.05002391712 2.51877 0.396729895792 -0.917915345908 0.00628562946 -9.2901 0.04342884546 0.02560931088 0.9987282415 -0.85439
-0.839422880324 -0.540949267278 0.052364206182 1.827697 0.541672594602 -0.840588775684 -0.000449018878 -8.913352 0.044259689502 0.027987347002 0.998627952476 -0.75423
-0.746955764296 -0.663371647276 0.044642254876 1.328984 0.663163108396 -0.748165541658 -0.021466242122 -8.610062 0.047639951644 0.013570758218 0.998772380462 -0.421077
-0.652175815764 -0.756713340512 0.04530497614 0.4372 0.75692828194 -0.65330745066 -0.01580717488 -8.240514 0.041559554512 0.023983558316 0.9988481331 -0.397048
-0.56109688897 -0.826944753926 0.036495128758 -0.657809 0.827319354734 -0.561681332964 -0.007483613974 -7.312554 0.026687183278 0.025994098366 0.99930580943 -0.252573
-0.473161078888 -0.88010141636 0.03923970312 -1.588218 0.88076304956 -0.473556056488 -0.00088077096 -6.233234 0.01935737352 0.03414413784 0.999229438 -0.188727
-0.39588122557 -0.917447909162 0.039581180796 -1.566344 0.918180162922 -0.396161301418 0.000831978804 -4.856963 0.014917248924 0.036672029484 0.999216011448 -0.141066
-0.321955355698 -0.94615708532 0.033623695856 -1.414443 0.94670541772 -0.3220966672 0.00127397876 -3.769061 0.009624712144 0.03224191156 0.999433751502 -0.083333
-0.247151372266 -0.968450190338 0.031952561862 -1.189484 0.968945337002 -0.247276100116 4.9553478e-05 -2.597796 0.007853106222 0.030972526338 0.999489385414 -0.143894
-0.238047623922 -0.970823571434 0.028915931026 -1.678312 0.971228195914 -0.23815321722 -0.000214164442 -0.704409 0.007094320306 0.028032972602 0.999581824302 -0.055183
-0.22686522745 -0.97357691074 0.02609011178 -1.653146 0.973924402556 -0.22672864936 0.008118133492 1.9573 -0.001988256692 0.02725151114 0.999626631366 -0.109506
-0.229049316724 -0.973052224336 0.026606549148 -2.681422 0.973355271812 -0.228644381764 0.017418095664 6.59065 -0.010865292384 0.029887186812 0.999494223276 -0.098084
-0.248064574468 -0.96857674757 0.01795540651 -4.065675 0.96865321963 -0.2477463721 0.01822144453 12.103667 -0.01320047941 0.02191266773 0.999672737532 -0.019042
-0.281124761632 -0.959556614488 0.014817555872 -5.849981 0.959566097752 -0.280832212032 0.019124873768 16.410854 -0.014190152032 0.019594906072 0.999707296736 0.023584
-0.330569548698 -0.943760708176 0.006221129772 -6.960152 0.943606958976 -0.330374671656 0.021393613436 19.896319 -0.018135151628 0.012942388764 0.999751774542 0.19063
-0.36823146346 -0.929637353908 0.013442435144 -7.938828 0.92973005884 -0.368146326084 0.008427322292 22.499394 -0.00288557326 0.01560103492 0.9998741327 0.200316
-0.391825898016 -0.91997446096 0.01093895244 -8.677322 0.92000876976 -0.391687952418 0.012830250592 24.21704 -0.00751884724 0.015091154592 0.999857851902 0.196265
-0.409813858536 -0.912116539248 0.009879348276 -9.382055 0.912169309824 -0.409775785576 0.005704127308 25.896967 -0.001154516052 0.011349259156 0.999934928624 0.258125
-0.415821658906 -0.909393060146 0.009978754946 -9.733516 0.909423146906 -0.415866154308 -0.002801262782 26.724268 0.006697257914 0.007910079638 0.999946287302 0.22227
-0.419110782378 -0.907900219686 0.0080098237 -10.140155 0.907869440314 -0.419170416282 -0.0083699211 27.574634 0.0109565289 0.0037639513 0.99993289134 0.220043
-0.422669911396 -0.90625407918 0.007134658136 -10.494601 0.906195352536 -0.422725288596 -0.01051316754 28.376706 0.01254362066 0.002021786136 0.999919281644 0.228374
-0.43002768981 -0.902789775508 -0.006873754534 -10.897856 0.902797149788 -0.429957148392 -0.009726156796 29.194316 0.005825255174 -0.010388119636 0.999929074182 0.294602
-0.437077157556 -0.899424589194 -0.000295431682 -11.207952 0.899411235062 -0.43706882778 -0.005602731894 30.003075 0.004910109054 -0.002714537462 0.99998426094 0.241033
-0.44329062484 -0.896355469776 -0.006072307332 -11.521704 0.8963641596 -0.44323970473 -0.00815087976 30.823984 0.00461459622 -0.009056227632 0.999948343726 0.279037
-0.449551324434 -0.893189147558 -0.010888332134 -11.948515 0.893234562374 -0.449423900404 -0.012327877358 31.549975 0.006117652538 -0.015267831026 0.999864724766 0.317369
-0.45454344157 -0.890493774252 -0.020251895606 -12.451045 0.890689257012 -0.454207290632 -0.019168368036 32.418086 0.007870749686 -0.026751016956 0.999611141462 0.407183
-0.460697083712 -0.887353645152 -0.019004555328 -12.925038 0.887491653312 -0.460297390184 -0.022007854632 33.260856 0.010781001312 -0.027005347608 0.999577151128 0.443288
-0.466120086016 -0.884453157632 -0.021831146848 -13.413245 0.884662487552 -0.465659003058 -0.023149449032 34.073524 0.010308740768 -0.030103584952 0.999493624142 0.443202
-0.473939433226 -0.880364395558 -0.018502346678 -13.810032 0.880529401202 -0.473647269466 -0.018128139382 34.897567 0.007195791662 -0.024883465442 0.999664460844 0.391828
-0.479836659418 -0.877176594622 -0.017773274742 -14.183725 0.877344470198 -0.479624857108 -0.014985477258 35.598063 0.004620396162 -0.022783892622 0.999729736374 0.386244
-0.487302416392 -0.873101039396 -0.015250231264 -14.571006 0.873210915236 -0.48708752196 -0.015814006328 36.356921 0.006379032896 -0.021022851592 0.999758644832 0.418042
-0.49131880725 -0.870764066036 -0.019312512198 -15.105272 0.870943139604 -0.490979274324 -0.019864606276 37.133476 0.007815331322 -0.026579998236 0.99961613811 0.480423
-0.49861336981 -0.866554564362 -0.021603658014 -15.545353 0.866778109194 -0.498176265284 -0.022692335322 37.988132 0.008901712098 -0.030040300326 0.99950904923 0.502188
-0.50489865544 -0.862955162416 -0.019574096792 -15.978581 0.863138064616 -0.504530231802 -0.020960370074 38.673267 0.008212126192 -0.027478052374 0.999588673862 0.507974
-0.510367543002 -0.859775882026 -0.017567825242 -16.368409 0.859927488274 -0.510080075188 -0.018473139746 39.368774 0.006921756142 -0.024535172054 0.99967500431 0.511393
-0.51732090133 -0.855675011482 -0.013985893806 -16.875321 0.855751477322 -0.517075297492 -0.017854742946 40.214174 0.008046089826 -0.021205129326 0.999742768062 0.520528
-0.524458274376 -0.851335578972 -0.013066064588 -17.332457 0.851400397348 -0.524234666706 -0.017171177178 41.018537 0.007768749132 -0.020130024998 0.999767187174 0.541042
-0.530827933224 -0.847372974184 -0.0134427165 -17.786234 0.84743380404 -0.530567582784 -0.018813467816 41.730427 0.008809754516 -0.02137852716 0.999732637656 0.520545
-0.53464014541 -0.844915209844 -0.016698746182 -18.309126 0.845047774948 -0.5343421221 -0.019323548164 42.410619 0.007403918234 -0.024442373708 0.999673823054 0.532703
-0.53777296873 -0.842945310346 -0.015627123708 -18.844656 0.843058960042 -0.53750124901 -0.018567880764 43.139924 0.007252111596 -0.023159880588 0.999705470104 0.55851
-0.54284128101 -0.83970737213 -0.01464903042 -19.310467 0.839810076606 -0.54260773605 -0.017193060292 43.991751 0.006488461508 -0.02163550974 0.999744869724 0.578246
-0.54702014713 -0.836984279204 -0.015058100022 -19.80918 0.8370917999 -0.54676647826 -0.01800577938 44.761857 0.00683729121 -0.022454529972 0.999724484854 0.618738
-0.551082269362 -0.834390925108 -0.0100305359 -20.253249 0.834425998292 -0.550932356122 -0.01439748112 45.439827 0.00648698138 -0.0163039316 0.999846038616 0.599139
-0.556376617522 -0.830927378052 -0.002352010426 -20.754931 0.830922532092 -0.55635635924 -0.006010595604 46.209704 0.003685812154 -0.005298490476 0.999979170182 0.614484
-0.560991648148 -0.82782205417 -0.001655192746 -21.267229 0.82782208931 -0.5609854741 -0.00309977573 47.004665 0.001637523646 -0.00310914601 0.999993825852 0.665699
-0.56442897988 -0.82548292624 -0.00098351176 -21.790418 0.825482359072 -0.564425799456 -0.00234390712 47.753006 0.001379735504 -0.002134836272 0.9999967694 0.673201
-0.567584934954 -0.82331629949 0.000213003834 -22.27211 0.823309756266 -0.567581419764 -0.00384836767 48.455259 0.00328931813 -0.002008902834 0.999992572326 0.69565
-0.569652828052 -0.821884278736 -0.0014963256 -22.764533 0.821880221536 -0.569641516402 -0.00466855095 49.118811 0.00298463928 -0.00388925271 0.99998798275 0.678316
-0.571006110228 -0.820942902172 -0.001415226848 -23.256741 0.820938896912 -0.570995476836 -0.004552186268 49.892015 0.002928998212 -0.003761148272 0.999988637292 0.707092
-0.57144653074 -0.820632978236 -0.002981100992 -23.847088 0.820638380528 -0.571443382884 -0.001902101956 50.673467 -0.000142604324 -0.003533358032 0.9999937475 0.679019
-0.57060936084 -0.821187914308 -0.007438615144 -24.414351 0.8212215161 -0.570590091984 -0.004704753292 51.423588 -0.00038091364 -0.00879332722 0.9999612654 0.6617
-0.570318884128 -0.821397821528 -0.006333380136 -24.955273 0.821406113368 -0.57033904717 0.001868335806 52.117092 -0.005146827816 -0.004136731326 0.999978198558 0.690718
-0.571473513666 -0.820622316108 -0.00037479092 -25.455749 0.82061776174 -0.57147175869 0.00310179264 52.8146 -0.002759579592 0.001465027744 0.9999951192 0.726186
-0.572419254114 -0.819953488908 -0.003391444508 -25.920296 0.819959473868 -0.572407087722 -0.003951644712 53.517116 0.001298877348 -0.005042847352 0.999986441208 0.737611
-0.572462071044 -0.819918341478 -0.004780398174 -26.392256 0.819931540686 -0.57244401385 -0.004677740702 54.23747 0.001098857142 -0.006597422054 0.99997763303 0.745388
-0.5733271413 -0.81927598611 -0.00899449317 -26.878536 0.81932504679 -0.573282806362 -0.007165539914 54.946301 0.00071416137 -0.011477623586 0.999933874838 0.765139
-0.574097228576 -0.818754131088 -0.007259061696 -27.325138 0.818786230416 -0.57407070608 -0.005530129632 55.607538 0.000360598848 -0.009118458144 0.99995836096 0.786909
-0.575111536804 -0.818058700014 -0.00493163481 -27.801177 0.81807353697 -0.575099489924 -0.003728575086 56.306432 0.000214009086 -0.00617879391 0.999980888156 0.792914
-0.575821221316 -0.817500652588 -0.011027028632 -28.334991 0.817571254712 -0.575725262836 -0.010800764908 57.000225 0.002481090668 -0.015234699608 0.999880866924 0.818028
-0.576361141924 -0.81702428476 -0.016778467376 -28.916341 0.817184855024 -0.576121563754 -0.01718199385 57.719508 0.00437167868 -0.023614112426 0.999711589686 0.842003
-0.57597843481 -0.817372440092 -0.012239727344 -29.417018 0.81742845658 -0.575748999376 -0.017957794892 58.428024 0.00763119392 -0.02034842014 0.99976382535 0.864749
-0.576606254824 -0.816912715604 -0.013360082068 -29.895372 0.816979292228 -0.576331945434 -0.019646236646 59.090502 0.008349417884 -0.022243057978 0.999717726926 0.867449
-0.577735690858 -0.81613739269 -0.011764074472 -30.387578 0.81615855923 -0.577450717306 -0.02080964864 59.809633 0.010190357728 -0.02162386492 0.999714241452 0.870992
-0.5796372225 -0.814857435838 -0.005452383734 -30.902626 0.814827223222 -0.57951681529 -0.014782959814 60.563844 0.008886254846 -0.013011489694 0.999875860166 0.872334
-0.58276489213 -0.812615815656 -0.006450808758 -31.385851 0.81262155348 -0.58267677968 -0.0116179806 61.194621 0.00568221855 -0.012012610008 0.999911700926 0.886436
-0.5839500772 -0.811746021856 -0.008372928408 -31.885161 0.811788162152 -0.58390175113 -0.007624134474 61.924467 0.001299891936 -0.011249161638 0.999935881254 0.905128
-0.586647300352 -0.809792505264 -0.00889468344 -32.40812 0.809837820336 -0.586641797248 -0.00348976608 62.620945 -0.00239201352 -0.00925052064 0.999954352 0.948551
-0.590120372964 -0.807312345448 -0.00235343746 -32.862763 0.80731447166 -0.59011167258 -0.0035176834 63.262885 0.001451078552 -0.003975818836 0.99999104358 0.975634
-0.594512778906 -0.804083234298 -0.002625675676 -33.33673 0.804074050874 -0.594480748626 -0.007729574028 63.88996 0.004654305852 -0.006706558316 0.999966679224 1.004138
-0.601266896052 -0.799020874838 -0.006437440194 -33.747112 0.799018727178 -0.60115871466 -0.013226976794 64.50087 0.006698707486 -0.013096597626 0.999891797292 1.013182
-0.60822895665 -0.79373738866 -0.00635575705 -34.238391 0.7937585401 -0.608179828072 -0.008159546468 65.163745 0.00261109609 -0.010007798132 0.999946511678 1.001024
-0.6172331842 -0.786764467696 -0.005003406972 -34.781498 0.786780318992 -0.61721821465 -0.004309354656 65.817079 0.000302253444 -0.006596458272 0.999978197454 1.045787
-0.627765371586 -0.778393343438 0.003683512694 -35.314841 0.778401568094 -0.627763261156 0.001847665982 66.4417 0.000874164262 0.004027154354 0.999991508894 1.028064
-0.638727664788 -0.769416028496 0.005112395436 -35.776092 0.769431058164 -0.638726920212 0.001989821152 67.028956 0.001734423904 0.005204589228 0.9999849519 1.043257
-0.649542236644 -0.760319720474 0.002852849798 -36.233924 0.760322085802 -0.64954562989 -0.000365799466 67.629618 0.002131181674 0.001931482822 0.99999586371 1.072068
-0.65962663653 -0.751546784232 0.008301696264 -36.781149 0.751585065624 -0.659629323424 0.002798477872 68.253941 0.003372859512 0.008085385456 0.99996162443 1.073214
-0.669590120488 -0.742588375192 0.01463454454 -37.320145 0.742689809192 -0.669633008938 0.00246476144 68.803359 0.00796945334 0.01251929536 0.99988987155 1.096231
-0.678824503012 -0.733939995884 0.02296045506 -37.901343 0.734118200716 -0.679019402338 -0.00096141333 69.395925 0.01629623982 0.01620306699 0.99973591155 1.10054
-0.68871786397 -0.724664984688 0.022977171736 -38.426868 0.724592043888 -0.689057208642 -0.012888742176 69.968535 0.025172611864 0.007772368224 0.999652904672 1.152626
-0.698979236896 -0.714936125752 0.017143947856 -38.989821 0.714569414984 -0.69917803837 -0.023241648892 70.505705 0.028602972272 -0.003994892804 0.99958286835 1.151407
-0.707474853696 -0.706651010872 0.010986456424 -39.554929 0.706284935176 -0.707493035746 -0.024743012872 71.05236 0.025257548072 -0.009745520824 0.999633473054 1.15536
-0.71488915956 -0.698949666652 0.019975167576 -40.08453 0.698886833052 -0.715142973648 -0.011129939276 71.576584 0.022064415224 0.006003702924 0.999738524088 1.167868
-0.721541118354 -0.691964449298 0.023754246772 -40.603098 0.691883965678 -0.721896000402 -0.012782471692 72.076709 0.025993102348 0.007212104588 0.999636105948 1.267494
-0.726148377642 -0.68715363369 0.022955662542 -41.192768 0.68667025965 -0.7265045929 -0.02595333881 72.583609 0.034511349558 -0.00308301635 0.999399550358 1.298433
-0.72844417125 -0.684934101012 0.015324435434 -41.731485 0.683968192292 -0.728341278612 -0.041315438436 73.051909 0.039459764106 -0.019614555596 0.999028626462 1.315216
-0.72909986025 -0.68434787897 0.00920216059 -42.274007 0.68346871901 -0.728736400708 -0.042627141002 73.576461 0.03587769983 -0.024789989198 0.999048671942 1.327754
-0.728634117124 -0.684881645774 0.00535874695 -42.813262 0.68418458087 -0.728206134474 -0.040081750474 74.120407 0.031353535474 -0.02553857285 0.999182033846 1.363805
-0.726331002426 -0.687337287946 0.002860368396 -43.382447 0.686757680874 -0.72587768373 -0.038248279508 74.637015 0.028365769316 -0.025816578468 0.99926417244 1.403591
-0.72415938133 -0.68961260405 0.00528154835 -43.932909 0.68910671275 -0.723884798098 -0.033510975394 75.119387 0.02693282125 -0.020627732894 0.999424394268 1.467492
-0.72113176232 -0.692762991564 0.006794665308 -44.468864 0.692229511716 -0.720903768106 -0.033373778964 75.661746 0.028018441548 -0.019363458684 0.99941984303 1.475874
-0.718442694404 -0.695571660822 0.004428361278 -44.977048 0.695094473202 -0.718159950532 -0.033006207462 76.188298 0.026138459142 -0.020634947742 0.999445336028 1.504305
-0.713941745994 -0.700199832814 0.002748269622 -45.555919 0.699727250838 -0.713593897284 -0.034142344526 76.675527 0.025867610894 -0.022452603018 0.999413201526 1.552308
-0.710756656426 -0.703431276484 0.003432075582 -46.051344 0.703009656932 -0.71048430484 -0.031493475396 77.175546 0.024591912066 -0.019971379428 0.99949806531 1.564685
-0.706472576898 -0.70773489175 0.002956191904 -46.567191 0.70738394953 -0.70624261525 -0.02881378504 77.752331 0.022480302896 -0.0182649736 0.999580425452 1.569467
-0.7026064208 -0.711578725944 -0.000583763208 -47.089821 0.711248603496 -0.702254992786 -0.031044413236 78.283719 0.021680590872 -0.022227198476 0.99951783563 1.633713
-0.698137087176 -0.715962907168 0.001359895312 -47.638171 0.715575223712 -0.697819140456 -0.031633410272 78.802895 0.023597308432 -0.021111347552 0.999498613344 1.62529
-0.6956487577 -0.718380566534 -0.000146744138 -48.150811 0.717902912698 -0.69517874098 -0.036603013826 79.342973 0.026192896886 -0.025568228482 0.999329873964 1.646675
-0.6933694164 -0.72058302078 0.00031748514 -48.640249 0.72005507994 -0.692878143322 -0.037969701884 79.824098 0.02758029162 -0.026098401716 0.999278840678 1.701239
-0.69169481949 -0.722177943934 0.004027645948 -49.142702 0.721602712702 -0.691347081514 -0.036437152324 80.322644 0.029098619516 -0.022297047868 0.99932782988 1.735142
-0.691944264372 -0.721929185076 0.00577100712 -49.642438 0.721395765024 -0.691702615108 -0.03372773294 80.823914 0.02834083614 -0.01917450128 0.99941439662 1.740098
-0.69465260821 -0.7193249184 0.00561493554 -50.141641 0.718917572832 -0.694486552634 -0.02912152644 81.346167 0.024847317876 -0.016192640232 0.99956010812 1.760291
-0.69940789489 -0.714719442436 0.002426822442 -50.630103 0.714296884372 -0.69910363972 -0.032175083436 81.869457 0.024692748726 -0.020770017372 0.999479301886 1.81277
-0.707884364474 -0.70628817186 0.007396456626 -51.115198 0.705896818524 -0.707779920004 -0.0274814357 82.378898 0.02464489557 -0.014232568324 0.999594949286 1.824709
-0.71608109712 -0.697911237568 0.012111152256 -51.630428 0.697561054272 -0.71613288576 -0.023689209536 82.793466 0.025206171776 -0.008515137216 0.999646007904 1.83589
-0.72712556013 -0.686440037836 0.009240247162 -52.117944 0.686111441804 -0.727099908756 -0.023952036764 83.280407 0.023160249082 -0.011076330404 0.99967040427 1.864412
-0.73852031389 -0.674215285486 0.004201537368 -52.663624 0.673975295726 -0.738399491842 -0.022795824024 83.761444 0.018471731112 -0.014003487384 0.999731312352 1.880795
-0.7492401957 -0.662290339468 -0.003234163424 -53.210179 0.662175134864 -0.7489978557 -0.022937466452 84.22732 0.012768881452 -0.019327256576 0.999731670396 1.89818
-0.760130813194 -0.649710147996 -0.008644882948 -53.721395 0.649734783828 -0.75989124552 -0.020171010636 84.630012 0.006536137556 -0.020949524508 0.99975916895 1.902125
-0.77105543056 -0.636533124944 -0.017217516592 -54.225129 0.63676523624 -0.77081285796 -0.0193626266 85.022194 -0.0009465436 -0.025893208408 0.999664266296 1.928198
-0.7813599109 -0.623757423004 -0.020074920872 -54.782666 0.624031230152 -0.781297765636 -0.012588120676 85.443005 -0.007832559964 -0.022363233992 0.99971922894 1.942325
-0.792781161012 -0.609243646064 -0.017847412016 -55.309242 0.609401965456 -0.792845649618 -0.004831144822 85.831755 -0.011206912304 -0.014706297718 0.99982905027 1.939961
-0.803508030922 -0.59498829674 -0.019075557068 -55.873586 0.59515685534 -0.803598179664 -0.00428824894 86.217007 -0.012777624068 -0.01479859046 0.999808848758 1.963169
-0.814024038212 -0.580482480336 -0.020164240116 -56.386679 0.580660278516 -0.81413758186 -0.003908990032 86.597706 -0.014147349936 -0.014890576628 0.999789039452 1.967925
-0.82346345316 -0.56674855852 -0.02652940856 -56.941454 0.56714085484 -0.823558086472 -0.010155085456 86.97251 -0.01609313128 -0.023408255056 0.999596450912 1.963821
-0.832049886138 -0.553834378982 -0.030951207026 -57.499671 0.554377697758 -0.832170658788 -0.012444769894 87.317136 -0.018864378794 -0.027513355426 0.999443419974 1.954393
-0.838882355652 -0.543428118012 -0.031045183584 -58.04538 0.543826104672 -0.83918059882 -0.005533550716 87.702438 -0.023045406204 -0.021525168064 0.999502664732 1.945864
-0.845173874578 -0.533543258406 -0.031836338528 -58.561675 0.533924498586 -0.845521767746 -0.004290634704 88.038803 -0.024629065168 -0.020624527776 0.999483885932 1.971529
-0.85095184873 -0.524373617058 -0.030175992066 -59.102477 0.524708289894 -0.85127168825 -0.003879749958 88.363411 -0.023653568022 -0.019135090194 0.999537071036 1.995995
-0.855758521828 -0.516629086564 -0.027829232524 -59.64801 0.517050042836 -0.855892993282 -0.010448176862 88.667135 -0.018420979076 -0.023330197438 0.99955808739 2.015183
-0.860970877954 -0.508314421358 -0.01862592865 -60.165275 0.50858437603 -0.8608856377 -0.01480473109 88.973792 -0.008509326458 -0.022219285406 0.99971690739 2.023835
-0.865435581076 -0.500919349656 -0.0101370125 -60.670087 0.50102091198 -0.865297077956 -0.015514876344 89.286359 -0.000999820456 -0.01850596578 0.999828250124 1.986598
-0.869103924162 -0.494544875012 -0.009060810834 -61.206366 0.494627835228 -0.868950969672 -0.016305819364 89.578782 0.000190555154 -0.018653196156 0.999825995766 1.94904
-0.8719666314 -0.489275991648 -0.016789588564 -61.794934 0.48951664312 -0.871846326696 -0.016004105148 89.875753 -0.00680752494 -0.02217384202 0.99973095288 1.910151
-0.874022904034 -0.484989192912 -0.02952441785 -62.331942 0.48554160024 -0.87407848898 -0.0154400412 90.194439 -0.018318376762 -0.027830256816 0.99944480315 1.91499
-0.875498994132 -0.481739869556 -0.037801018436 -62.892521 0.482428969996 -0.87586220289 -0.011331294502 90.52856 -0.027649734596 -0.028156835878 0.999221039142 1.894991
-0.875590926148 -0.481598017178 -0.037453542134 -63.442672 0.482153691962 -0.876058190418 -0.006982261294 90.841175 -0.029448858986 -0.024171977486 0.999273976334 1.954248
-0.87667622313 -0.479853912838 -0.034343558844 -63.989565 0.480302063046 -0.877084671186 -0.005732870612 91.153582 -0.027371261092 -0.021521150196 0.99939364332 1.967424
-0.87753382002 -0.478420447032 -0.032408075176 -64.553592 0.47878747468 -0.877921892034 -0.004209364182 91.470044 -0.02643788124 -0.01921042735 0.99946585659 1.95091
-0.87812570285 -0.477187085466 -0.034400302362 -65.128378 0.477585624906 -0.878573818628 -0.003957323526 91.764283 -0.028334894058 -0.019904145066 0.999400298878 1.90899
-0.879560927962 -0.474315011756 -0.03736671452 -65.70165 0.474732483244 -0.880125218578 -0.00266387546 92.031249 -0.03162390052 -0.02008224346 0.99929806956 1.900017
-0.880808556328 -0.471652336404 -0.041507775488 -66.299719 0.472077262836 -0.881558476752 -0.000495734364 92.362177 -0.036357664592 -0.020031510276 0.99913805852 1.880765
-0.882849034306 -0.467578009946 -0.044116043438 -66.895125 0.467906883082 -0.883770796756 0.003188190094 92.701351 -0.040479247006 -0.017827518238 0.999021325614 1.896384
-0.88521790245 -0.46301850501 -0.04477188302 -67.499578 0.463282636078 -0.886197761874 0.0049111089 92.957574 -0.041950644804 -0.016394630228 0.99898516518 1.866461
-0.889326731778 -0.45483595305 -0.047121345262 -68.106096 0.45506237977 -0.8904353529 0.00642751815 93.272129 -0.044882021838 -0.01572699223 0.998868492222 1.844548
-0.893865183304 -0.44576253534 -0.047986731964 -68.697423 0.445869305364 -0.895053412034 0.00904895751 93.576016 -0.04698432602 -0.013307260614 0.998806983926 1.838885
-0.89873126913 -0.435896571618 -0.047678296326 -69.264834 0.43602854361 -0.899894272036 0.008145037618 93.82379 -0.04645589571 -0.01346890241 0.99882953327 1.853267
-0.904281549704 -0.42450552666 -0.045470103924 -69.852943 0.424726197924 -0.905305742314 0.00517320857 94.119179 -0.04336045794 -0.014634313274 0.998952304286 1.833076
-0.909325864938 -0.413791769668 -0.04366505348 -70.463842 0.414100220668 -0.910230833488 0.00215243918 94.367668 -0.04063585588 -0.01612442578 0.99904390895 1.810552
-0.914438120768 -0.402592334832 -0.041496575616 -71.068771 0.402815236032 -0.91527547741 0.003211927434 94.630491 -0.039273903216 -0.013778345034 0.999133483358 1.756834
-0.919299241864 -0.391043104776 -0.04442850128 -71.697419 0.3912609618 -0.920270727944 0.004042835424 94.892902 -0.042467178976 -0.01366656336 0.999004386176 1.737191
-0.9237991077 -0.380052234218 -0.046451036474 -72.333719 0.380304307774 -0.92485547514 0.003629835542 95.15402 -0.044339970818 -0.014312284354 0.998913973644 1.707243
-0.928234182176 -0.368824054728 -0.048489991824 -72.97688 0.369170821176 -0.92936018509 0.001926512892 95.395991 -0.045775183728 -0.016112830716 0.99882181091 1.697259
-0.93205403065 -0.35857501386 -0.05195209927 -73.597521 0.35908531986 -0.933304470632 -0.000524642124 95.616436 -0.04829900873 -0.019144232124 0.998649439982 1.647736
-0.934713368656 -0.35121660808 -0.054395437672 -74.24918 0.351955487128 -0.93600722697 -0.004342558954 95.859557 -0.04938931576 -0.02320381319 0.99851002967 1.629264
-0.935622539418 -0.348768816364 -0.054499221474 -79.674242 0.348452593116 -0.937197757032 0.015509440468 97.880948 -0.056485774846 -0.004479411228 0.99839335515 1.360113
-0.93636622282 -0.346399757262 -0.056826128546 -74.885965 0.347159165058 -0.93780062466 -0.003769509546 96.098118 -0.051985717586 -0.023257326906 0.998376975404 1.58012
-0.93697097172 -0.344579284724 -0.057893504292 -75.577202 0.345101882196 -0.938565272874 0.001031283994 96.353107 -0.054692158532 -0.019012868826 0.99832223235 1.557303
-0.93727281865 -0.344272235172 -0.054764125196 -76.21124 0.34458920322 -0.938747210714 0.003843884028 96.618253 -0.05273293414 -0.01526834994 0.99849192152 1.538091
-0.93700879865 -0.34515057816 -0.05368221918 -76.897022 0.345420340416 -0.93843542681 0.004463892612 96.858205 -0.051918115212 -0.0143602335 0.998548091056 1.515237
-0.93695386245 -0.345927085894 -0.049551290508 -77.581888 0.345998124858 -0.93820776189 0.007410455036 97.123142 -0.049052795444 -0.010201396668 0.998744089836 1.473393
-0.937047549474 -0.34570414361 -0.04933726946 -78.254523 0.34567107911 -0.938309864242 0.009472968988 97.375863 -0.04956839854 -0.008177846012 0.998737252268 1.42984
-0.936543456872 -0.346725365724 -0.05164181622 -78.972515 0.346514733324 -0.937950204122 0.01326485889 97.63851 -0.05303674206 -0.00547153137 0.99857757115 1.370064
-0.93490641705 -0.350352678164 -0.056601143552 -80.400653 0.349984871924 -0.936608444338 0.016610515396 98.159511 -0.058832626768 -0.004280268764 0.998258684888 1.319999
-0.934381829384 -0.351537999 -0.057899324856 -81.118838 0.351175288344 -0.936161860624 0.01666096804 98.436224 -0.06006008172 -0.004765108456 0.998183390456 1.29804
-0.933700975098 -0.35312087065 -0.059260840788 -81.794238 0.35279694279 -0.935561784426 0.0161918401 98.678782 -0.061159739188 -0.00578871654 0.998111206572 1.270227
-0.933068249466 -0.354818624326 -0.059054719996 -82.512888 0.354539291066 -0.934912747818 0.015495786932 98.959314 -0.060709202044 -0.006478591948 0.998134470252 1.247309
-0.93279898916 -0.35610468174 -0.0554475276 -83.215747 0.355774390164 -0.93443341013 0.016053388452 99.211731 -0.057528740448 -0.00475222266 0.998332539526 1.224704
-0.932827687866 -0.356806650582 -0.050242556516 -83.924074 0.356628968554 -0.93416040897 0.012763489452 99.492393 -0.051488631492 -0.006011819636 0.99865548654 1.198212
-0.932637133908 -0.357495061254 -0.048845549614 -84.604257 0.357467476486 -0.933876602082 0.009598219878 99.75455 -0.049047016146 -0.008509039258 0.99876022491 1.164526
-0.931984470402 -0.358750664594 -0.051963217614 -85.308213 0.358780213554 -0.93337643898 0.009080085518 100.003159 -0.051758803054 -0.010180876398 0.998607717822 1.1155
-0.931073868628 -0.360476353518 -0.056194608854 -86.026383 0.360575862018 -0.9326889809 0.008711867874 100.280543 -0.055552526854 -0.012151027374 0.998381825228 1.084015
-0.930127872946 -0.362496485106 -0.058844253426 -86.731923 0.362813077746 -0.931847438308 0.005588737842 100.556824 -0.056859638514 -0.016151212338 0.998251533262 1.069784
-0.928055322804 -0.367493010436 -0.060524260728 -87.412735 0.367972663752 -0.929830826004 0.003425739076 100.798944 -0.057536228476 -0.019091994072 0.998160848316 1.036731
-0.925025966352 -0.374927843216 -0.06129263528 -88.100878 0.375394492784 -0.926856213928 0.00415299316 101.072766 -0.05836651048 -0.01916728844 0.99811119932 0.991965
-0.92159108368 -0.383355830136 -0.060882482608 -88.776846 0.383765163384 -0.923414771744 0.005286962784 101.354434 -0.058246618448 -0.018492163296 0.99813093824 0.94842
-0.917547456136 -0.393323670492 -0.058308740576 -89.454258 0.393551400996 -0.919265960706 0.008008658448 101.644065 -0.056751332768 -0.015599168784 0.998266472054 0.924999
-0.913226045892 -0.403534759096 -0.056411240172 -90.111031 0.403885894356 -0.914794976964 0.005538838616 101.93533 -0.053839707992 -0.017725478676 0.998392256028 0.90944
-0.90793950097 -0.415070194154 -0.057953571832 -90.778033 0.415618763654 -0.909532374858 0.002814079936 102.230915 -0.053878807168 -0.021531597064 0.998315311388 0.869678
-0.902147981746 -0.427026336072 -0.061485728034 -91.488666 0.427285094664 -0.90406825424 0.009539914488 102.548605 -0.059660995038 -0.017665514184 0.99806237195 0.800297
-0.898010490644 -0.434920834566 -0.066511994838 -92.188886 0.434930252238 -0.90033910289 0.015099604554 102.876574 -0.066450383634 -0.015368475198 0.99767136871 0.771005
-0.89442600244 -0.441412852248 -0.071804607836 -92.81387 0.44124133092 -0.897184772936 0.019095848748 103.179881 -0.0728511889 -0.01460333598 0.99723590264 0.75957
-0.892361749066 -0.444768789542 -0.076615168292 -93.524321 0.444886875002 -0.895434679098 0.016463690012 103.554526 -0.075926468468 -0.019393516628 0.996924801932 0.7199
-0.8909485065 -0.44740096841 -0.07774777777 -94.195972 0.44741455447 -0.894141935412 0.018220954402 103.923709 -0.07766955601 -0.018551555102 0.996806542188 0.66705
-0.890254787584 -0.448866138432 -0.077254727552 -94.876534 0.448689520512 -0.893451550002 0.020609136498 104.248144 -0.078273988928 -0.016316007282 0.996798362318 0.606503
-0.889744573268 -0.450013057686 -0.076442448906 -95.539757 0.449871209694 -0.892868838362 0.020043425718 104.57573 -0.077272859214 -0.016555728258 0.99687251647 0.580921
-0.889630437 -0.450238498028 -0.076450106904 -96.174775 0.450291557268 -0.892710548562 0.017522300044 104.889948 -0.076136964776 -0.018836465676 0.996919431462 0.536592
-0.8899740738 -0.449242341328 -0.078287799604 -96.908348 0.449390038352 -0.89318005824 0.016718026304 105.243887 -0.077435484364 -0.020303145856 0.996790615224 0.475177
-0.890515247876 -0.44798986509 -0.07928969493 -97.579425 0.44816539773 -0.893796642898 0.016568574062 105.575058 -0.07829145051 -0.020780330738 0.996713913422 0.430563
-0.89097233466 -0.446882870364 -0.080400412612 -98.26533 0.446965813052 -0.894370664994 0.017969509506 105.921494 -0.079938026844 -0.019925899838 0.99660065763 0.369415
-0.89233491129 -0.444517319776 -0.078375590228 -98.965014 0.444165185968 -0.895653898234 0.022833237596 106.258883 -0.080347173556 -0.014436813508 0.9966623852 0.320308
-0.893634969426 -0.441689958276 -0.079542224944 -99.636472 0.441327103364 -0.89705063061 0.023043396672 106.610717 -0.081531421104 -0.014511755648 0.99656511936 0.274492
-0.895175724234 -0.437979127616 -0.08268531815 -100.369362 0.43786078396 -0.898809565284 0.020529458816 106.991957 -0.083309734934 -0.0178271866 0.996364232406 0.233249
-0.897391802602 -0.43247801297 -0.087479912358 -101.046442 0.43236105019 -0.90145086625 0.02126679267 107.283607 -0.088056169842 -0.01873826271 0.995939251548 0.153129
-0.898992884114 -0.428176630746 -0.09205300512 -101.775889 0.42810166953 -0.903471692434 0.021564865904 107.63339 -0.092400992496 -0.02002138304 0.995520564416 0.108956
-0.900899510218 -0.423887835974 -0.093279749064 -102.486323 0.423792509386 -0.905497613002 0.021815661888 107.985638 -0.093711888576 -0.019877540808 0.99540090918 0.059375
-0.902966418952 -0.41969065676 -0.09227231162 -103.189683 0.41971448084 -0.907435293 0.02009305202 108.297075 -0.09216388358 -0.02058467378 0.995531062448 0.019116
-0.90511460484 -0.415606389772 -0.089672786756 -103.901167 0.416001753412 -0.909239284738 0.015126039986 108.581572 -0.087820390924 -0.023613231634 0.995856414998 -0.048729
-0.90736926469 -0.410640625694 -0.089731555988 -104.612955 0.411502339586 -0.911356878834 0.009534916196 108.866048 -0.085693057628 -0.028273072724 0.99592034102 -0.113062
-0.909321908624 -0.405844044924 -0.091794896964 -105.322753 0.407026961604 -0.913395580282 0.006292549768 109.217269 -0.086398752516 -0.031641031192 0.995758055558 -0.187349
-0.910972667938 -0.402167896896 -0.091594621682 -106.114235 0.403480566816 -0.914976906596 0.004526136384 109.557393 -0.085627239922 -0.032833464864 0.995786090942 -0.226468
-0.912759303754 -0.398787820002 -0.088534492878 -106.806038 0.400074211098 -0.916475941844 0.003478694298 109.848024 -0.082527010278 -0.032245159602 0.996067036646 -0.289609
-0.914771804538 -0.394079233764 -0.088840501008 -107.495525 0.395443329276 -0.918486358672 0.002431233596 110.126754 -0.082556952672 -0.032907371236 0.99604289639 -0.350654
-0.91655621841 -0.389727508008 -0.089636671796 -108.256546 0.391034358392 -0.92036913969 0.003215175516 110.451065 -0.083751978996 -0.032104147684 0.995969339184 -0.409981
-0.918314850248 -0.386102678604 -0.087324961884 -108.929001 0.387070641996 -0.922030562042 0.006249666618 110.778648 -0.082929159516 -0.028061749818 0.99616027771 -0.467585
-0.920291812564 -0.381741690706 -0.085639595578 -109.7085 0.382475419858 -0.92392706085 0.008319521894 111.048881 -0.082300740934 -0.025098661658 0.99629144387 -0.53172
-0.92228075233 -0.37712484784 -0.0847160534 -110.479258 0.377898915008 -0.925818843106 0.00732322886 111.361212 -0.081193414744 -0.025260023492 0.99637822332 -0.575962
-0.92370771034 -0.37295546712 -0.08755697484 -111.233667 0.3740023986 -0.927414487258 0.004744379034 111.651471 -0.0829711404 -0.028364111766 0.996148213318 -0.629493
-0.925392361536 -0.368248343288 -0.089696610248 -111.929664 0.369437591992 -0.929250490176 0.003570133208 111.927313 -0.084665163128 -0.029833502872 0.995962739904 -0.688181
-0.927234192042 -0.364205799406 -0.08714298481 -112.594595 0.365435739706 -0.930836112442 0.00196686583 112.209081 -0.08183204915 -0.03002139395 0.9961938755 -0.710535
-0.929403122698 -0.36017451345 -0.080538387636 -113.39006 0.36122542287 -0.93247832825 0.00162522234 112.491848 -0.075685572564 -0.0275820111 0.996750184652 -0.757651
-0.931194415124 -0.355974199314 -0.078472141926 -114.176546 0.357471282606 -0.93390740098 -0.005458283482 112.77805 -0.071342762406 -0.033134274842 0.9969013631 -0.795185
-0.932033241098 -0.352719692448 -0.08309025765 -114.865427 0.354855052152 -0.934844692048 -0.01201791296 113.043709 -0.07343748579 -0.0406860766 0.996469558454 -0.890026
-0.93216740721 -0.35007462034 -0.09227001715 -115.658423 0.352535532244 -0.93573080116 -0.011342002508 113.340031 -0.082369256258 -0.0431010755 0.995669426846 -0.955587
-0.931641264178 -0.348411428432 -0.103229330112 -116.404625 0.350912963152 -0.936386304946 -0.006561168912 113.62333 -0.094376428992 -0.042337137168 0.994635944832 -1.010984
-0.931204355938 -0.346358774168 -0.11354005674 -117.171819 0.349068507832 -0.937085978698 -0.00428189004 113.899376 -0.10491387786 -0.04362060636 0.993524187864 -1.060688
-0.931616484616 -0.344673780836 -0.115282758332 -117.935457 0.347002987268 -0.93786369369 -0.000144672946 114.186239 -0.108069683036 -0.040138247438 0.99333270491 -1.130289
-0.932886802432 -0.34262001664 -0.111058518016 -118.620751 0.34453280768 -0.9387720904 0.00208898944 114.477126 -0.104974352384 -0.03631451008 0.993811673568 -1.18838
-0.935026347042 -0.338567044264 -0.10535673266 -119.40848 0.340571821736 -0.940218895338 -0.00110570072 114.732094 -0.09868393394 -0.03691537448 0.99443388012 -1.239897
-0.93713940485 -0.33429301188 -0.10009593453 -120.127725 0.33603048492 -0.941851641248 -0.00052935396 114.981632 -0.09409849683 -0.03413135244 0.994977651502 -1.299898
-0.939098701194 -0.3297891986 -0.09660793789 -120.847925 0.33153664064 -0.943440058192 -0.002166361672 115.228878 -0.09042933755 -0.034063495072 0.995320156598 -1.398083
-0.94065444589 -0.325979448558 -0.094397725394 -121.626104 0.32768434395 -0.944785628484 -0.002722893042 115.51196 -0.08829780389 -0.03349391787 0.99553084595 -1.441987
-0.94216891956 -0.321618616756 -0.094206817372 -122.400646 0.323053696564 -0.946378376554 1.8582166e-05 115.786241 -0.089161472732 -0.030416386454 0.99555264323 -1.505848
-0.94274870098 -0.318525965932 -0.098826348296 -123.15251 0.320129497048 -0.94737400554 -0.000389036396 116.037166 -0.093501567956 -0.032003988136 0.995104619084 -1.577176
-0.94343456314 -0.315039145876 -0.103351254328 -123.90998 0.316456900312 -0.94860267978 0.002811775124 116.29602 -0.098925100204 -0.030053492312 0.994640946236 -1.657108
-0.943834551504 -0.312395887888 -0.107644509816 -124.7072 0.313470416904 -0.949571614794 0.007228032118 116.533857 -0.104474058928 -0.026921291814 0.994163176566 -1.725396
-0.943664264072 -0.31100570532 -0.113015449548 -125.466009 0.31198425444 -0.950040626554 0.00937626758 116.793204 -0.110285382348 -0.02641099526 0.993548987918 -1.781371
