1.0 0.0 0.0 0.0 0.0 1.0 0.0 0.0 0.0 0.0 1.0 0.0
0.9999980952 0.001936034224 -0.000247732832 0.469277 -0.001935965776 0.999998087864 0.000276240064 -0.015563 0.000248267168 -0.000275759936 0.99999993116 0.008065
0.999994038182 0.003444054112 -0.000249159164 0.95414 -0.003443932112 0.99999395036 0.000488429524 -0.014827 0.000250839836 -0.000487568524 0.999999849678 0.005549
0.999987403478 0.005011963094 -0.000270405162 1.427548 -0.005012006834 0.999987426806 -0.000161322894 -0.012058 0.000269593218 0.000162676134 0.999999950428 0.008505
0.99997613499 0.006901615766 -0.000311624582 1.971316 -0.006902287606 0.999973739148 -0.002208935426 -0.019509 0.000296371162 0.002211033634 0.999997511742 0.014053
0.99996606662 0.00823795677 4.046365e-05 2.493962 -0.008237894946 0.99996516451 -0.001344177378 -0.022719 -5.1535522e-05 0.00134379843 0.999999095774 0.017842
0.999957881304 0.009176016076 0.000190519772 3.020631 -0.009175782052 0.999957187694 -0.001194886114 -0.025532 -0.000201475916 0.001193087618 0.999999267974 0.019494
0.999951899894 0.009804051664 0.0002801926 3.524885 -0.00980371304 0.999951239864 -0.001185387764 -0.019239 -0.000291800536 0.00118258382 0.999999258174 0.026314
0.999943388156 0.010637970782 0.000232645754 4.040934 -0.010637731354 0.99994291046 -0.001007251838 -0.029119 -0.000243347582 0.001004719994 0.99999946566 0.02988
0.99993606112 0.011303939256 0.000307642968 4.561539 -0.011303699016 0.999935813342 -0.000771751104 -0.030502 -0.000316347048 0.000768224256 0.999999654878 0.033595
0.999926111782 0.012155792346 8.6849886e-05 5.081182 -0.012155745726 0.99992598167 -0.000518537178 -0.031427 -9.3146694e-05 0.000517443138 0.999999861788 0.045216
0.99991586008 0.012971719692 -8.5217604e-05 5.611969 -0.012971735484 0.999915845936 -0.000187451228 -0.025688 8.2778868e-05 0.000188540876 0.9999999788 0.05017
0.999904875918 0.013791691262 -0.000168189168 6.148361 -0.013791646722 0.999904856046 0.000263166032 -0.039885 0.000171802672 -0.000260821392 0.999999951228 0.047578
0.99989003547 0.014823862604 -0.000412233992 6.711761 -0.014823307252 0.999889258584 0.001319091016 -0.036555 0.000431742376 -0.001312835288 0.99999904503 0.058331
0.999871565558 0.016019757908 -0.000468917384 7.237208 -0.016019216812 0.999871039088 0.001135792556 -0.036593 0.000487052024 -0.001128134996 0.999999245046 0.062102
0.99982259367 0.018825695422 -0.000611706076 7.81009 -0.018824610238 0.99982129787 0.001733833604 -0.044137 0.000644237404 -0.001722010876 0.999998309816 0.063711
0.999747293222 0.022469507756 -0.000686271306 8.383893 -0.022467616084 0.999744059468 0.002649875172 -0.055167 0.000745637046 -0.002633786652 0.99999625359 0.06596
0.99964913455 0.026476718406 -0.000768527358 8.913772 -0.02647456851 0.99964588262 0.00268440617 -0.062501 0.00083932953 -0.002663117858 0.999996101654 0.065092
0.999496737854 0.031711067874 -0.00082367692 9.506213 -0.03170887677 0.999493895454 0.002549378376 -0.09193 0.000904103624 -0.00252197748 0.999996411104 0.071827
0.999290982422 0.03764424342 -0.000666174552 10.096832 -0.03764235318 0.99928775395 0.00265300878 -0.109636 0.000765570552 -0.00262605138 0.999996258872 0.078225
0.99904419699 0.043704721696 -0.000768065308 10.70267 -0.043702295584 0.999040291574 0.002933485184 -0.144007 0.000895535332 -0.002897115136 0.99999540236 0.086265
0.998766087008 0.049658065448 -0.000615365536 11.279889 -0.049655038568 0.9987575094 0.004220574476 -0.161277 0.000824186624 -0.004184810636 0.999990903992 0.090276
0.99843674142 0.05588588569 -0.00091870323 11.878218 -0.055882284006 0.99843100086 0.003565069258 -0.208612 0.001116498658 -0.00350815695 0.999993223116 0.091284
0.998067994136 0.06212300886 -0.001004025896 12.514601 -0.062120828004 0.998066479566 0.00207420084 -0.235392 0.00113094028 -0.002007822504 0.999997344806 0.102668
0.99766541255 0.06826262165 -0.00198375555 13.155893 -0.06825746735 0.99766445495 0.00255923385 -0.270677 0.00215382255 -0.00241785285 0.9999947575 0.120201
0.997154340924 0.07521812476 -0.005044671104 13.783633 -0.075181810496 0.997144997574 0.00703873487 -0.309532 0.00555970948 -0.006639437146 0.999962503014 0.133964
0.996741322092 0.080506552146 -0.005043201746 14.45775 -0.080469178186 0.99673094247 0.007220919558 -0.3702 0.005608046394 -0.006791566738 0.999961211478 0.143366
0.996339410736 0.085430215772 -0.003074203828 15.132391 -0.085429133572 0.996344129718 0.000481874768 -0.443336 0.003104131628 -0.000217484032 0.999995158518 0.126024
0.995883098172 0.090637381708 -0.001313967224 15.812789 -0.090643161848 0.99586907982 -0.005347877044 -0.516115 0.000823822156 0.005444962424 0.999984836748 0.135422
0.995521805766 0.094490297278 0.002814162372 16.536058 -0.094473068898 0.995510931078 -0.005729476948 -0.577819 -0.003342909292 0.005437956732 0.999979626588 0.139872
0.995297260928 0.096811214432 0.003308055664 17.27219 -0.096783297952 0.99527525843 -0.007755336256 -0.640763 -0.004043230096 0.007398700096 0.999964455102 0.155331
0.995260758896 0.097226571912 0.001737113544 18.003247 -0.097204220616 0.995212920376 -0.010128409512 -0.718809 -0.002713548168 0.009911553816 0.999947197496 0.143417
0.99545925936 0.095188030744 -0.000326892832 18.7651 -0.095182120168 0.99534566315 -0.015079127224 -0.796728 -0.001109980256 0.015041771192 0.999886250126 0.157559
0.995912730246 0.090311332096 -0.00130412974 19.541889 -0.09031990952 0.995737466136 -0.018687331604 -0.880731 -0.000389106196 0.0187287403 0.999824526126 0.160507
0.996544803726 0.083049310736 -0.001122120382 20.325506 -0.083055895072 0.996375734976 -0.018360438544 -0.939485 -0.000406769794 0.018390198368 0.999830803086 0.178733
0.99725516444 0.074039979316 -0.000467582072 21.135032 -0.074035994548 0.997085023416 -0.018442553344 -0.988171 -0.000899267144 0.018426549472 0.99982981232 0.163874
0.99791435852 0.0645166207 0.00212990304 21.969847 -0.064466591716 0.99774941363 -0.018443528712 -1.033576 -0.003315024288 0.01826775444 0.999827634934 0.172278
0.998466240924 0.055132337368 0.005059058124 22.7968 -0.055033042956 0.99832185294 -0.018023466968 -1.071837 -0.006044243192 0.017717408244 0.9998247651 0.184111
0.998841603918 0.047593015962 0.007096113632 23.641788 -0.047459701402 0.998712738126 -0.017900925408 -1.090774 -0.007938938208 0.017543409568 0.999814583808 0.17566
0.999154299096 0.040233729608 0.008481410224 24.461185 -0.040082347064 0.999046238936 -0.017321048848 -1.116116 -0.009170211088 0.016966445744 0.999814006256 0.183539
0.999347664048 0.034854538604 0.009455552556 25.308692 -0.034691688516 0.999255630582 -0.016872209932 -1.142692 -0.010036587236 0.016533174492 0.99981294303 0.189151
0.999521796024 0.02939667068 0.00959247962 26.130662 -0.02924253212 0.999446963462 -0.015831685988 -1.156828 -0.01005257318 0.015543607012 0.999828656462 0.196321
0.999658964508 0.024195526292 0.00982504922 26.977289 -0.024042973892 0.999592935758 -0.01535899325 -1.186694 -0.0101926685 0.01511753203 0.99983377115 0.197905
0.999763136024 0.019483742364 0.009698232728 27.820742 -0.019344995748 0.999712019854 -0.014200302984 -1.189064 -0.009972114824 0.014009327208 0.999852136934 0.198305
0.999838249008 0.01489766502 0.010076461636 28.638513 -0.01475640734 0.99979379352 -0.01395057258 -1.200495 -0.010282214964 0.01379962354 0.999851912112 0.204804
0.99988313091 0.01115886574 0.01045007338 29.465524 -0.011011936972 0.999841165334 -0.01401360308 -1.206687 -0.010604789596 0.013896889672 0.99984719564 0.210271
0.999899597112 0.008280714852 0.011498938236 30.303407 -0.008166676572 0.99991735595 -0.009929086846 -1.219651 -0.011580207804 0.009834181886 0.999884587238 0.224026
0.99990832134 0.006813858748 0.011701297804 31.094614 -0.006701681708 0.999931467918 -0.009599324146 -1.219781 -0.011765904284 0.009520025774 0.999885459822 0.231669
0.999909447134 0.006072490786 0.012009259866 31.923684 -0.005975135726 0.999949131662 -0.008125995618 -1.204177 -0.012057994026 0.008053502802 0.999894867372 0.229153
0.99992459315 0.00547032854 0.01099469973 32.748938 -0.00540942122 0.999969901688 -0.005561819964 -1.191413 -0.01102479381 0.005501925564 0.999924088438 0.240753
0.9999264038 0.004848834376 0.011120960468 33.520734 -0.004798963016 0.999978329312 -0.004506756304 -1.19201 -0.011142571988 0.004453055536 0.999928004088 0.246139
0.999926148396 0.003893613834 0.011512499322 34.343428 -0.003862238802 0.99998877047 -0.002746281646 -1.192218 -0.011523062994 0.002701614842 0.99992995775 0.249167
0.999925798078 0.003297990138 0.011726959314 35.136569 -0.003277884918 0.99999312563 -0.001733251554 -1.189632 -0.011732594946 0.001694683314 0.999929734652 0.249191
0.99992469287 0.002819615904 0.011943967722 35.894676 -0.00280427724 0.999995222 -0.00130077168 -1.175982 -0.01194757833 0.001267179528 0.999927822214 0.252881
0.99992598603 0.002408264324 0.011925710798 36.627663 -0.002407644172 0.999997099416 -6.6357916e-05 -1.170189 -0.011925836014 3.7640108e-05 0.99992888391 0.255412
0.999921003436 0.002486439096 0.01232089134 37.377152 -0.00251745582 0.999993699836 0.002502537304 -1.157689 -0.012314591304 -0.00253335694 0.999920963276 0.258007
0.999917746624 0.00283095132 0.012509418696 38.105381 -0.002880917304 0.999987937624 0.00397805238 -1.156336 -0.01249800612 -0.004013763804 0.999913840984 0.267027
0.999908355864 0.004203449048 0.012868987412 38.836104 -0.004284313288 0.999971212182 0.006262543448 -1.143549 -0.012842292652 -0.006317104312 0.999897579582 0.282453
0.999900813278 0.006985508108 0.012229728954 39.540854 -0.007090013308 0.9999385451 0.008522776956 -1.14168 -0.012169441446 -0.008608640556 0.999888891822 0.276547
0.99987005936 0.011072980632 0.011715532976 40.245895 -0.01118206236 0.999894353856 0.009286699368 -1.140614 -0.01161146392 -0.00941649636 0.9998882456 0.283571
0.999801105022 0.016143308208 0.011710855926 40.931402 -0.016254715392 0.999822930112 0.009481180464 -1.151531 -0.011555724726 -0.009669651264 0.999886475134 0.279912
0.999690915692 0.021685634516 0.012157547064 41.589855 -0.021810406984 0.999709824668 0.010226057172 -1.149534 -0.011932260564 -0.010488057672 0.99987380286 0.279052
0.999539541046 0.027509654502 0.01280328093 42.239978 -0.02765900709 0.99954966583 0.01163804499 -1.178175 -0.012477356298 -0.011986812486 0.99985030462 0.284233
0.99929806775 0.03483754432 0.01377383064 42.861656 -0.03502847968 0.999290023928 0.0138728085 -1.211957 -0.01328075736 -0.0143455467 0.999808895278 0.284308
0.998960247126 0.04342611126 0.013877904064 43.479498 -0.043613162564 0.998957648496 0.01347246294 -1.219111 -0.01327838136 -0.014063714564 0.999812930646 0.292358
0.99842147775 0.054447384228 0.013785361746 44.090984 -0.054619334292 0.9984300038 0.012420020444 -1.237875 -0.013087481394 -0.013153362196 0.999827838686 0.30425
0.997678916526 0.066567238948 0.01433802905 44.652752 -0.06674845666 0.99769085006 0.01255420706 -1.275987 -0.013469220902 -0.013482109636 0.99981838979 0.311483
0.99676313312 0.079043949776 0.014673280432 45.249119 -0.07923993128 0.99676694112 0.01329259528 -1.328018 -0.01357514072 -0.014412279568 0.999803981504 0.304871
0.99556949094 0.092838014632 0.014916402056 45.841568 -0.093020100664 0.995591743214 0.012014532098 -1.333537 -0.013735242392 -0.013348825726 0.99981655931 0.318009
0.994112836236 0.10723825109 0.01548013751 46.388337 -0.10743632989 0.994132309998 0.012585449282 -1.402995 -0.01403966431 -0.014174484718 0.999800966238 0.312301
0.992201447852 0.123559860106 0.016408986046 46.930973 -0.123778431766 0.99222412758 0.013045590422 -1.470842 -0.014669481314 -0.014974931402 0.999780254828 0.316292
0.989876506908 0.140942668756 0.016723062036 47.47398 -0.141176684916 0.98988896355 0.013746966638 -1.5791 -0.014616439924 -0.015968706258 0.999765652542 0.310964
0.986720605104 0.161578413732 0.016578300052 47.986205 -0.161805631652 0.986731400952 0.013418506392 -1.682081 -0.014190186132 -0.015922781288 0.999772525752 0.320032
0.98262245795 0.1848432971 0.01691383848 48.496518 -0.1851054667 0.982596129662 0.01551868164 -1.744956 -0.01375094952 -0.01837984764 0.999736511712 0.313594
0.97758454643 0.209964764274 0.015595184322 48.997791 -0.210190594494 0.977551336558 0.014603278614 -1.854333 -0.012178916082 -0.017553903366 0.999771740972 0.321186
0.971496611448 0.236648081876 0.013856025432 49.494945 -0.236824758636 0.971466758766 0.012897303196 -1.981121 -0.010408544248 -0.015811137756 0.999820818918 0.326528
0.96439155731 0.264185972304 0.012440242568 49.944033 -0.264339321552 0.964343334174 0.012912025776 -2.129537 -0.008585492344 -0.015740691408 0.9998392472 0.32876
0.955743670648 0.293966870268 0.011724606876 50.378653 -0.294098864028 0.95570211575 0.011801495154 -2.276841 -0.007735980804 -0.014727399474 0.999861619502 0.326685
0.94574070019 0.324736897854 0.010972530162 50.813214 -0.324859368882 0.945682638094 0.012274347834 -2.409156 -0.006390594306 -0.015172881642 0.9998644627 0.34077
0.93415832462 0.356659724052 0.011920573404 51.264298 -0.356795297964 0.934101186086 0.012333848598 -2.54912 -0.006736036068 -0.015774970986 0.99985287727 0.338663
0.92137626563 0.388420664064 0.013964826178 51.670253 -0.388586315328 0.9213319936 0.012160778496 -2.733859 -0.008142737986 -0.016631197248 0.999828534686 0.344519
0.906588679446 0.421734337612 0.01539601066 52.059648 -0.42192323354 0.9065494668 0.01219719542 -2.923858 -0.008813266388 -0.017553776116 0.99980707695 0.347346
0.889917484848 0.455849939648 0.015736219944 52.408411 -0.456042496488 0.88987569759 0.012100005826 -3.14392 -0.008487490336 -0.017944393746 0.999802961142 0.342484
0.87123058119 0.490624323194 0.015651596652 52.752224 -0.490811905722 0.871184385486 0.011889669796 -3.316488 -0.007802063116 -0.018040635708 0.99980681292 0.347208
0.85045012831 0.525844923324 0.014880104178 53.081686 -0.526013866308 0.85039819766 0.011490839836 -3.550765 -0.006611606286 -0.017599533028 0.999823255766 0.345859
0.827887159088 0.560720586332 0.013973554412 53.398177 -0.560868695908 0.827831644838 0.011002640248 -3.757976 -0.005398343252 -0.016946274088 0.999841828326 0.353773
0.803113269068 0.595692173032 0.01263392996 53.692693 -0.595810278968 0.803066023118 0.00973540289 -4.01132 -0.00434657036 -0.01534606079 0.999872794686 0.3662
0.77590483406 0.630716692044 0.012948053352 53.992928 -0.630804641448 0.77593111262 0.003990248076 -4.249652 -0.007530075444 -0.011263752888 0.999908208604 0.376327
0.746870434118 0.66481308932 0.014432981008 54.254062 -0.66486426044 0.746962623 -0.00159843338 -4.511792 -0.011843557808 -0.00840214666 0.999894561518 0.374288
0.715901308952 0.698005407024 0.016538099096 54.513951 -0.698010585936 0.716058549168 -0.006412280688 -4.775012 -0.016318053736 -0.006953214192 0.99984267452 0.379114
0.681456180038 0.73156110328 0.020870425216 54.76517 -0.73157371336 0.6817095534 -0.00846963502 -5.032882 -0.020423623616 -0.00949657646 0.999746313038 0.392592
0.645562084142 0.763388109016 0.022098230752 54.956532 -0.763322915624 0.645885126848 -0.013064093624 -5.321128 -0.024245891872 -0.008434398136 0.99967044459 0.373066
0.60778634678 0.793809889728 0.021480051796 55.155234 -0.79371905886 0.608110398604 -0.014545648272 -5.636272 -0.0246087232 -0.00820848654 0.99966345902 0.370486
0.567171414968 0.82338656108 0.018719615852 55.365678 -0.8231805022 0.56746131215 -0.01899440558 -5.9396 -0.026262402452 -0.0046365589 0.999644330718 0.366895
0.523980511152 0.85156764172 0.016622150456 55.514361 -0.8513680358 0.52422695772 -0.0189178526 -6.261327 -0.024823616344 -0.00423899804 0.999682858968 0.365358
0.478880098552 0.877719202476 0.016805533152 55.674094 -0.877572631596 0.479131257944 -0.017294139736 -6.606105 -0.023231457408 -0.006466266344 0.999709200992 0.380495
0.43148765246 0.901928622638 0.018541113706 55.840795 -0.901875627218 0.431757593868 -0.014364551354 -6.976336 -0.020961065366 -0.010523638714 0.999724905692 0.379108
0.383224304862 0.923400947922 0.021689844872 55.98006 -0.923447479342 0.383530813374 -0.012226839672 -7.335905 -0.019609000248 -0.015343796408 0.999689979612 0.352168
0.334901913902 0.94197911643 0.022728741502 56.096427 -0.94206980637 0.335215276254 -0.01165082193 -7.747542 -0.018593853998 -0.01751016663 0.999673778252 0.324657
0.287775527878 0.957437657472 0.022315994808 56.21044 -0.957527960352 0.288085086446 -0.012116694652 -8.192189 -0.018029883912 -0.017881308668 0.999677538968 0.328276
0.243532248248 0.96964036816 0.022132803084 56.305809 -0.96972141776 0.24385491647 -0.01324432008 -8.627453 -0.018239420916 -0.01823722872 0.999667308222 0.316642
0.202581209782 0.979013384652 0.022239167814 56.372864 -0.979068908988 0.202943758232 -0.015454335716 -9.13506 -0.019643303334 -0.018642899764 0.999633224414 0.309395
0.163597998828 0.986264805034 0.022779782998 56.482728 -0.986285352574 0.164026118876 -0.018388155014 -9.605685 -0.021872070322 -0.019459067246 0.999571387148 0.307818
0.127657784408 0.99151498158 0.024506466564 56.521467 -0.99153025386 0.12817673627 -0.02091688443 -10.108236 -0.023880562836 -0.02162872341 0.999480823462 0.307687
0.095645671616 0.995124128488 0.024050081192 56.572331 -0.995121457912 0.096176005566 -0.021954334892 -10.644507 -0.024160329208 -0.021832950292 0.999469659326 0.289254
0.065864410224 0.997546729856 0.02371729448 56.605062 -0.99752163368 0.066415111664 -0.023232134144 -11.192416 -0.024750326144 -0.02212834088 0.999448727024 0.287155
0.039034557254 0.998913208142 0.025466669902 56.646463 -0.998965534058 0.039606138054 -0.022339673702 -11.767572 -0.023324031398 -0.024568310002 0.999426029084 0.283478
0.01637509635 0.999460209522 0.028486471246 56.665243 -0.99965838179 0.016945734126 -0.019907156022 -12.369744 -0.02037913587 -0.02815075001 0.9993959307 0.266057
-0.003402448402 0.99961204603 0.027677086208 56.659547 -0.99982425605 -0.00288892885 -0.01857284272 -12.959085 -0.018485688608 -0.0277353728 0.999444360348 0.247461
-0.021341148084 0.999408565228 0.026969808988 56.672128 -0.999609380908 -0.020842776322 -0.018626851082 -13.568138 -0.018053710108 -0.027356785802 0.999462690638 0.23049
-0.037163615274 0.999014503132 0.024230787714 56.654917 -0.999147454764 -0.036711657 -0.018837767548 -14.198796 -0.017929645282 -0.024910246476 0.99952889235 0.214658
-0.052267412898 0.998387429212 0.022173461174 56.593598 -0.998478747772 -0.05185538482 -0.018767326924 -14.889907 -0.017587252106 -0.023120629396 0.999577973678 0.211272
-0.067155613224 0.997506975508 0.021639487964 56.543603 -0.997589206396 -0.06675041989 -0.018933234862 -15.55832 -0.017441585612 -0.022858825714 0.99958654679 0.205902
-0.07920262266 0.996610784104 0.022219208968 56.501207 -0.996721739848 -0.07880297221 -0.018321261794 -16.251087 -0.016508226856 -0.023597464418 0.999585233006 0.19238
-0.089058049762 0.995905700892 0.015536811684 56.403698 -0.995928543612 -0.08881922753 -0.015439380096 -16.966151 -0.013996199676 -0.016848542064 0.999760087832 0.183407
-0.096621613728 0.995285012328 0.008475578792 56.36229 -0.995245763192 -0.096506028258 -0.013125731082 -17.722181 -0.012245899272 -0.009703514998 0.999877932414 0.184735
-0.098357030152 0.995118097372 0.008147902188 56.286554 -0.995073215452 -0.098243334394 -0.013344080742 -18.45314 -0.012478458132 -0.009420237978 0.999877766158 0.176681
-0.098122940538 0.995156224968 0.00609469681 56.190438 -0.995079932032 -0.098027138448 -0.01441449876 -19.238948 -0.01374722841 -0.00747909184 0.999877531014 0.168336
-0.095860251322 0.995391759624 0.0025080294 56.10517 -0.995280062424 -0.095810610472 -0.0154323483 -20.018414 -0.01512093516 -0.00397553838 0.99987776875 0.165552
-0.091030838056 0.99584549778 0.002117951996 56.031389 -0.995711600004 -0.090983019626 -0.01672885029 -20.783706 -0.01646665682 -0.003631716654 0.999857819774 0.158241
-0.086227712674 0.99627197468 0.002413389824 55.956661 -0.996136433176 -0.086175089794 -0.0168804878 -21.573012 -0.01660959008 -0.003859641976 0.999854601696 0.154941
-0.082010249108 0.99662325396 0.00399659532 55.902458 -0.99650935644 -0.08193683725 -0.01596938713 -22.377133 -0.01558799652 -0.00529230233 0.999864493742 0.14906
-0.0777731656 0.99697040996 0.00057153668 55.832578 -0.996844310488 -0.077754179554 -0.01595927645 -23.212065 -0.015866494184 -0.001810944862 0.99987247923 0.13407
-0.074584528896 0.997187588864 -0.007287435008 55.778862 -0.997054949632 -0.07470122832 -0.017326276064 -24.028822 -0.017821938944 0.005973695968 0.99982333104 0.136284
-0.06997980025 0.997476895476 -0.011892235868 55.709446 -0.99732154806 -0.07021284072 -0.02046072402 -24.803087 -0.02124410642 0.010428539868 0.999719927366 0.125012
-0.06573441609 0.997775897296 -0.011150820298 55.662352 -0.997505899064 -0.065996801616 -0.025069892336 -25.6001 -0.025750016518 0.009475069624 0.99962350935 0.107711
-0.05967173448 0.998141202812 -0.012398014164 55.58454 -0.997805765028 -0.05999947329 -0.028000106656 -26.387531 -0.028691928884 0.010699997424 0.999531031734 0.110938
-0.05571553861 0.998396827586 -0.010025037558 55.557321 -0.997973022482 -0.05599566874 -0.030253589646 -27.230406 -0.030766428294 0.008319131838 0.999491980654 0.108221
-0.05219921556 0.998619364656 -0.005852056948 55.53331 -0.998116557968 -0.052360218144 -0.031959104376 -28.012319 -0.032221401996 0.004172790008 0.99947204508 0.102486
-0.04721188624 0.99888048492 -0.00270356544 55.504977 -0.9982730994 -0.047277488338 -0.034844693124 -28.836172 -0.0349335288 0.001053788676 0.999389081998 0.070217
-0.04282848522 0.9990826022 -0.0011984998 55.458621 -0.99843667012 -0.042843887922 -0.035921840434 -29.668725 -0.03594020284 -0.000341821234 0.999353884302 0.067289
-0.03894117625 0.99924120808 -0.00120141169 55.426231 -0.99865769444 -0.038959488772 -0.034144078672 -30.472303 -0.03416496233 -0.000129797528 0.999416199078 0.047699
-0.03601382338 0.999346602358 -0.003024739706 55.417662 -0.99899779579 -0.036081407706 -0.026482299358 -31.285289 -0.02657413595 0.00206797681 0.99964470623 0.053505
-0.0331669153 0.99944942331 -0.00136240585 55.384656 -0.99924330831 -0.03318775905 -0.02030846235 -32.0986 -0.02034248515 0.00068781585 0.99979283375 0.038938
-0.031405295748 0.999506400108 -0.00093745022 55.370168 -0.999314082508 -0.031417644498 -0.01960896195 -32.925541 -0.0196287333 0.00032098397 0.99980728635 0.003793
-0.030247373762 0.999540744276 -0.002306482422 55.330574 -0.999286705596 -0.030291818984 -0.022592227716 -33.778472 -0.022651696362 0.001621501236 0.999742102678 -0.005256
-0.029838106084 0.99954971864 -0.003085368212 55.319421 -0.999264231788 -0.02990368122 -0.024004936784 -34.602453 -0.02408639864 0.0023668307 0.99970707878 0.005164
-0.02981274357 0.999551968114 -0.002761996838 55.320504 -0.999291190514 -0.029868313428 -0.022925219974 -35.443607 -0.022997437862 0.002076581126 0.999733367358 -0.003574
-0.029459995834 0.999562588366 0.002888761028 55.278529 -0.999338140018 -0.02939132697 -0.021471750116 -36.254551 -0.021377439196 -0.003519387268 0.99976528214 -0.00673
-0.030257952912 0.99951753854 0.007051238956 55.262272 -0.99930420626 -0.03009598705 -0.02204332912 -37.095047 -0.021820475956 -0.00771331048 0.999732150038 -0.024503
-0.03176566212 0.999473819936 0.006644615332 55.249951 -0.999236201008 -0.031605167016 -0.023005494524 -37.974088 -0.022783376516 -0.007370308388 0.9997132572 -0.046511
-0.033538538058 0.999412490892 0.007046946064 55.228908 -0.999225474452 -0.03338542248 -0.020825098644 -38.829226 -0.020577599616 -0.007739933876 0.999758298678 -0.046101
-0.034843536772 0.999357566044 0.008254455976 55.189853 -0.999269450104 -0.03470892666 -0.015925127908 -39.694263 -0.015628401764 -0.008803340312 0.999839114012 -0.058854
-0.035439877044 0.999345505888 0.007177335408 55.187726 -0.999279817872 -0.035338557474 -0.013783004758 -40.573525 -0.013520350432 -0.007660645398 0.999879249966 -0.061396
-0.03678763669 0.999304886262 0.006091022526 55.17008 -0.999243181338 -0.03670674677 -0.012898283346 -41.452243 -0.012665733774 -0.006560903646 0.999898261724 -0.075702
-0.03807747508 0.99925353152 0.00659586014 55.129189 -0.999209484352 -0.037998381754 -0.01172812952 -42.378393 -0.011468740436 -0.007037214352 0.99990946875 -0.089428
-0.039217600072 0.999188912736 0.009131137576 55.109551 -0.999162773664 -0.039106800768 -0.012012120288 -43.282138 -0.011645287976 -0.009594580512 0.99988615916 -0.082938
-0.040686732424 0.99912781906 0.00938416972 55.076417 -0.99906406382 -0.040542573682 -0.015072086012 -44.19514 -0.01467848236 -0.009988622212 0.999842372358 -0.104748
-0.042467094736 0.99906039366 0.008725978524 55.044288 -0.998941996524 -0.042304240016 -0.01806946806 -45.119583 -0.01768333854 -0.009484087476 0.999798655664 -0.104769
-0.043508749498 0.999040758596 0.004971620344 55.005511 -0.998954581316 -0.04343402469 -0.014261682332 -46.041763 -0.014032063736 -0.005586929308 0.999885937208 -0.102546
-0.044559905226 0.998980081392 0.007396979884 54.988314 -0.998941054624 -0.04447034625 -0.011860060932 -46.972406 -0.011519015412 -0.007917615844 0.99990230712 -0.086829
-0.04369080477 0.999035168368 0.004399269834 54.921393 -0.998991254016 -0.043642423284 -0.010550874128 -47.947838 -0.010348700918 -0.004855811904 0.99993466059 -0.108044
-0.04418226778 0.999018405334 0.002844382782 54.873356 -0.998924066002 -0.044137779556 -0.014159956266 -48.903289 -0.014020523226 -0.003466958802 0.99989569702 -0.111277
-0.044936992456 0.998988257932 -0.001459971632 54.839485 -0.998808830068 -0.044956605186 -0.018942779728 -49.869533 -0.018989259632 0.000606992272 0.999819503414 -0.131097
-0.044384908194 0.99901200367 -0.00187939073 54.786543 -0.99876423767 -0.044415787812 -0.022265914822 -50.91832 -0.02232740777 0.000888782678 0.999750317118 -0.142199
-0.0429663441 0.99907319016 -0.00230975584 54.767199 -0.99884692384 -0.043005873282 -0.02130724155 -51.901193 -0.02138684184 0.00139158565 0.999770306718 -0.15798
-0.042057217618 0.999111996098 -0.002262335316 54.722223 -0.998928925858 -0.04209294265 -0.019180554756 -52.882076 -0.019258764036 0.001453220436 0.999813476568 -0.156264
-0.041646762346 0.999129046672 0.002894080934 54.69021 -0.998973528904 -0.04158814152 -0.017999871152 -53.865716 -0.017863822582 -0.003640729144 0.99983380079 -0.151463
-0.042152122178 0.999104522148 0.003605544474 54.658933 -0.998954466612 -0.042081358708 -0.017854423564 -54.877121 -0.017686711494 -0.004354380356 0.999834096014 -0.157769
-0.042871607922 0.99907086471 0.004655674024 54.640669 -0.99885376505 -0.04276182333 -0.0215598018 -55.902466 -0.021340666776 -0.00557461172 0.999756720492 -0.187547
-0.043411261994 0.99904185873 0.005616287784 54.590685 -0.998707903866 -0.043246644074 -0.02670142824 -56.939924 -0.02643295176 -0.006768162216 0.999627676336 -0.218414
-0.044232613026 0.999012260564 0.004463489966 54.534727 -0.998664169484 -0.044096708488 -0.026968503692 -58.000608 -0.026745019886 -0.005650384532 0.999626319062 -0.217348
-0.04406742994 0.999023993354 0.002967420222 54.486489 -0.99872929969 -0.04398136405 -0.02459896023 -59.006587 -0.02444444355 -0.004047666822 0.999692995614 -0.244852
-0.04525850445 0.998974408188 0.001460430684 54.438368 -0.998721948924 -0.04521403585 -0.022594091768 -60.070962 -0.022504884132 -0.002481134984 0.999743654264 -0.240461
-0.04746814653 0.998870211378 0.002127696636 54.384587 -0.998579881806 -0.047402580226 -0.024303626908 -61.112272 -0.024175316412 -0.003278330404 0.99970235894 -0.269056
-0.050353795368 0.998731450264 0.000662195044 54.348227 -0.998305303496 -0.050312916042 -0.029250374872 -62.191674 -0.029179946204 -0.002133933448 0.99957189699 -0.293034
-0.05406404265 0.99853626797 -0.00195775908 54.309137 -0.99801042453 -0.054099101082 -0.0324023428 -63.242855 -0.03246080408 0.0002020842 0.999472989168 -0.309354
-0.057555913508 0.998335757694 -0.00348858021 54.240868 -0.997816313406 -0.057638631842 -0.03224176197 -64.327904 -0.03238919547 0.00162524571 0.99947401075 -0.33528
-0.06147641154 0.998091580514 -0.005779024842 54.186836 -0.997555644702 -0.061633993524 -0.032917106426 -65.41153 -0.033210479434 0.003741267078 0.99944137734 -0.355342
-0.0647580778 0.99783886006 -0.01103961278 54.108759 -0.997266219572 -0.065107189666 -0.03491436371 -66.467119 -0.035557713604 0.008748419678 0.99932933151 -0.374479
-0.06754511257 0.997616111716 -0.014134410268 54.026832 -0.997070996588 -0.068004071824 -0.034998630436 -67.509321 -0.035876394356 0.011729024428 0.99928740327 -0.397652
-0.069570869698 0.997403501318 -0.018562078416 53.931714 -0.996992490298 -0.07015456789 -0.032904576096 -68.612359 -0.034121393376 0.016217040336 0.999286113708 -0.411863
-0.071680517584 0.997192467068 -0.02168089854 53.864207 -0.99700269466 -0.07226782129 -0.02763989364 -69.685455 -0.029129101932 0.019634676024 0.99938279727 -0.430313
-0.07300437205 0.997066181172 -0.023024298746 53.791371 -0.996944627412 -0.073599931092 -0.026176071684 -70.73202 -0.027793845434 0.021042984996 0.999392162942 -0.450788
-0.072633173746 0.997112750404 -0.022119394162 53.710165 -0.996959704628 -0.073213069636 -0.026643491044 -71.797808 -0.028186024274 0.020116939348 0.999400248174 -0.476079
-0.06975972849 0.997282424574 -0.023655104272 53.6367 -0.997108827022 -0.070423778154 -0.028507814376 -72.879227 -0.030096268824 0.021598010128 0.99931363416 -0.472288
-0.065577860648 0.997536173676 -0.02487269736 53.567829 -0.997303443276 -0.066343861648 -0.03133459662 -73.952475 -0.03290761152 0.02275076094 0.9991994246 -0.529037
-0.060173360656 0.997823157892 -0.02700318974 53.50918 -0.9975152083 -0.06110418345 -0.0350820313 -75.021733 -0.036655639292 0.024825093844 0.99901955927 -0.524768
-0.05494180261 0.998105260366 -0.027695264182 53.43467 -0.997703857246 -0.055977504612 -0.038121805586 -76.085093 -0.039599894758 0.025537189634 0.998889233102 -0.563948
-0.050454091746 0.99830630865 -0.028988938474 53.397647 -0.997878109174 -0.051586536306 -0.03974380323 -77.16984 -0.04117187967 0.026922198526 0.998789303724 -0.586329
-0.046206920914 0.998516380398 -0.028800857128 53.344617 -0.998203157358 -0.047254937202 -0.036836909688 -78.237275 -0.038143255432 0.027046984152 0.998906177888 -0.612288
-0.044337939684 0.998639573128 -0.027433130436 53.293641 -0.998446481916 -0.0452232789 -0.032540803112 -79.311198 -0.033737166632 0.025947718596 0.99909384894 -0.627763
-0.043063922474 0.998688426414 -0.027724247166 53.250263 -0.998521939254 -0.043945283572 -0.032007166022 -80.387547 -0.033183486294 0.026304919598 0.999103052198 -0.657787
-0.041311683204 0.998756773456 -0.027909418264 53.208841 -0.998552936984 -0.04223384625 -0.033301924838 -81.456407 -0.034439224624 0.026493275242 0.99905557743 -0.687318
-0.039410832298 0.998803440644 -0.028930252098 53.171303 -0.998703202316 -0.040307002852 -0.031076424036 -82.529319 -0.032205375522 0.027667985196 0.99909824095 -0.708187
-0.037765502692 0.99887974401 -0.028497440846 53.117728 -0.99891751437 -0.03851077665 -0.02607295971 -83.606766 -0.027141234554 0.02748193497 0.999253769558 -0.71818
-0.035449541482 0.998964911496 -0.028519630486 53.123404 -0.999086534256 -0.03610695338 -0.022876173048 -84.690892 -0.023882227526 0.027682626768 0.999331432502 -0.732827
-0.033098512426 0.999077730468 -0.027324236772 53.084934 -0.999145649172 -0.033752117546 -0.023816008692 -85.79095 -0.024716334132 0.026512619868 0.999342875504 -0.737409
-0.029756881488 0.999223122568 -0.025852816432 53.051486 -0.999173718832 -0.030452172298 -0.026930169898 -86.885003 -0.027696504968 0.025030097498 0.999302956214 -0.759763
-0.02509817736 0.999376353936 -0.024874012872 53.001648 -0.999205819704 -0.025849354186 -0.030352493414 -87.962569 -0.030976494192 0.024092471446 0.99922970879 -0.787955
-0.020395333768 0.999507587324 -0.023802024888 52.995238 -0.999214036484 -0.021186434146 -0.033471866364 -89.030803 -0.033959723208 0.023100636924 0.999156192022 -0.805142
-0.01718338314 0.999576739652 -0.023465334524 52.988044 -0.999419645468 -0.01786142113 -0.028998114094 -90.130117 -0.029404976284 0.022953429266 0.999304001366 -0.82409
-0.01530312813 0.999723249976 -0.017858680178 53.001927 -0.999668775304 -0.015666897184 -0.020410356104 -91.242379 -0.020684503438 0.017540422216 0.99963217475 -0.830728
-0.014779674388 0.9997921898 -0.014106024964 52.996237 -0.99979861754 -0.01496931618 -0.01343449972 -92.324436 -0.013642840264 0.0139046263 0.999810249308 -0.833546
-0.013685804532 0.999808197764 -0.01396736476 52.983917 -0.999809566264 -0.013876903332 -0.01367784262 -93.406231 -0.01386905914 0.01377751268 0.9998088963 -0.842353
-0.01330138682 0.999838559532 -0.012195158244 52.971875 -0.999719099268 -0.01353795145 -0.019525393326 -94.491928 -0.019687294644 0.011932028274 0.999734983814 -0.855674
-0.014387603524 0.999809738602 -0.01309444521 52.961437 -0.99956232839 -0.01471960714 -0.02562157689 -95.57176 -0.025809485898 0.012720068214 0.99958594902 -0.874988
-0.027837987226 0.999515673862 -0.01397424813 52.817435 -0.99939261035 -0.02812289746 -0.02062350501 -104.210625 -0.021006481962 0.013391649834 0.99968964783 -1.011324
-0.015924396468 0.999785644154 -0.013191907306 52.950238 -0.999378452306 -0.016329913882 -0.031224824042 -96.675617 -0.031433576654 0.012686461822 0.99942532655 -0.894282
-0.01828543225 0.99975261359 -0.01265822773 52.944697 -0.99915240853 -0.018738491098 -0.036649823558 -97.749787 -0.03687795599 0.011977339358 0.999247997052 -0.906734
-0.02085212008 0.99968888274 -0.01368249882 52.917498 -0.999111232284 -0.02133758737 -0.036350196612 -98.85142 -0.036630841812 0.01291235826 0.999245441494 -0.928263
-0.022606901864 0.99962554968 -0.0154214481 52.892546 -0.9990673848 -0.023156530442 -0.036445417332 -99.949848 -0.03678887418 0.014583149268 0.999216648478 -0.934726
-0.024226186922 0.999598722654 -0.014683502136 52.874981 -0.999010839246 -0.024754587178 -0.036941484048 -101.012924 -0.037290141264 0.013774027848 0.9992095484 -0.96817
-0.026232535368 0.999547343924 -0.014791360804 52.843846 -0.998980015444 -0.02675627457 -0.036398550202 -102.10279 -0.036777790084 0.013821467642 0.999227883198 -0.985227
-0.02668587506 0.999523059138 -0.015537673566 52.833315 -0.99921956463 -0.027124120516 -0.028713144738 -103.155602 -0.02912089815 0.01475931135 0.9994669259 -1.016487
-0.02891196937 0.999522258416 -0.010848624062 52.803476 -0.99935340508 -0.02913533608 -0.02102958088 -105.284016 -0.02133563845 0.010233594088 0.999719992614 -1.005691
-0.031297072002 0.99948243329 -0.007398189432 52.78178 -0.99912079233 -0.031490526114 -0.02766520124 -106.342628 -0.027883866232 0.00652583868 0.999589867488 -1.003607
-0.033727279188 0.99943006726 -0.00196776404 52.7492 -0.99883615556 -0.033775083588 -0.03445923622 -107.39423 -0.03450602534 0.00080328788 0.9994041675 -1.041283
-0.035951515748 0.999352166748 0.0013632294 52.723094 -0.998465542152 -0.035862073748 -0.04218525738 -108.473385 -0.04210905738 -0.0028777806 0.999108875404 -1.092777
-0.038365089268 0.999261657276 -0.001895876848 52.685676 -0.998084809056 -0.038411890836 -0.048482725476 -109.505912 -0.048519768988 3.2186256e-05 0.998822221532 -1.11832
-0.040282831592 0.999186258072 -0.002249790744 52.651827 -0.998005217592 -0.04034457448 -0.048567967064 -110.566242 -0.048619188984 0.000288869624 0.998817346712 -1.142502
-0.041262758992 0.999113905688 -0.008297669256 52.612172 -0.998298335912 -0.041568724432 -0.040896660216 -111.590338 -0.041205343944 0.006596041416 0.999128926576 -1.175622
-0.041761663888 0.999010542596 -0.01532900666 52.554846 -0.998783776804 -0.042145137832 -0.02560925968 -112.614861 -0.02622994198 0.01424088376 0.99955449468 -1.23058
-0.043482290354 0.998921753634 -0.016296581406 52.529363 -0.998880064014 -0.043773869762 -0.017984002122 -113.636332 -0.018677959314 0.015496345818 0.999705455308 -1.193195
-0.044105653026 0.9989168576 -0.014800482036 52.476105 -0.998792139264 -0.044411344896 -0.02100347744 -114.664176 -0.02163805006 0.013856230464 0.999669845214 -1.192738
-0.04394406738 0.99890548402 -0.01604834582 52.433396 -0.998475274444 -0.04445116705 -0.032741669558 -115.730792 -0.033419182108 0.01458508129 0.999334995974 -1.206312
-0.043237791282 0.99889630226 -0.018346730302 52.390931 -0.99815973002 -0.043972821604 -0.04175495246 -116.724599 -0.042515627102 0.01650757462 0.998959419278 -1.238888
-0.043290061578 0.998957927686 -0.014407463568 52.357843 -0.997925475114 -0.043923939882 -0.047052932584 -117.739306 -0.047636775832 0.012340626384 0.99878848854 -1.269822
-0.04279710573 0.998993229316 -0.013472612042 52.324136 -0.997670819332 -0.04344968338 -0.052589327636 -118.774821 -0.053121744586 0.011190572308 0.998525338766 -1.309452
-0.0430661536 0.999010319472 -0.011134163696 52.28278 -0.997514158128 -0.04361850125 -0.055346295546 -119.800184 -0.055777166896 0.008722940154 0.998405137406 -1.333065
-0.042846495066 0.999014527468 -0.011633702188 52.250952 -0.997615356508 -0.043411458778 -0.053667845212 -120.791837 -0.054119955452 0.009306506228 0.998491072112 -1.379218
-0.042801462834 0.999021940252 -0.011084740856 52.213085 -0.997976689444 -0.04327350244 -0.046579018568 -121.759655 -0.047013146152 0.009068656984 0.99885310391 -1.411408
-0.04263942869 0.99902464008 -0.01151707791 52.178001 -0.99823343592 -0.043077523072 -0.040930798736 -122.740303 -0.04138697841 0.009751481264 0.999095604782 -1.431167
-0.042679341184 0.999037829536 -0.010047013648 52.140425 -0.998427178528 -0.04301472909 -0.035943781724 -123.733269 -0.036341388304 0.008497142108 0.99930330803 -1.461228
-0.04264208581 0.99900319316 -0.01325811397 52.105059 -0.99856095292 -0.043047975328 -0.032006260664 -124.713453 -0.03254505851 0.011874235736 0.999399731118 -1.48009
-0.042695074538 0.998979143706 -0.014820498846 52.065867 -0.998658976194 -0.043107219172 -0.028703027498 -125.705914 -0.029312557254 0.013575159698 0.99947810879 -1.483436
-0.04216449637 0.999011890916 -0.014043512702 52.021146 -0.998657569844 -0.042564449316 -0.029515232924 -126.653284 -0.030083826782 0.012780163916 0.99946567259 -1.493724
-0.041991412384 0.999062483872 -0.01062439364 51.984885 -0.99842273056 -0.0423566946 -0.03687770818 -127.618062 -0.037293102872 0.009059115796 0.9992633078 -1.502919
-0.04250096026 0.999056005026 -0.008979355618 51.96015 -0.99799724301 -0.04287394461 -0.04651009995 -128.595568 -0.04685117875 0.006984645618 0.998877460766 -1.523588
-0.0436273909 0.999038187434 -0.004505614362 51.922575 -0.997636865042 -0.043804958506 -0.052941109074 -129.56163 -0.053087531694 0.002185307622 0.99858747223 -1.561145
-0.045490227972 0.998964547236 -0.000806598344 51.899125 -0.997371693736 -0.04546324746 -0.056417867172 -130.447876 -0.056396114844 -0.001761978328 0.998406918012 -1.594064
-0.0473882005 0.99887314412 0.00281052156 51.875305 -0.99747269516 -0.047172235618 -0.053142271242 -131.340613 -0.05294978268 -0.005321704458 0.998582996782 -1.627531
-0.048656923152 0.998793735656 0.006532011952 51.849365 -0.997732229744 -0.048298690618 -0.046869225106 -132.237004 -0.046497218152 -0.008797735294 0.99887967623 -1.651857
-0.049471811034 0.998765160678 0.004538740382 51.811004 -0.998011608418 -0.049255770042 -0.039326899638 -133.105577 -0.039054779622 -0.006475290578 0.999216090108 -1.688562
-0.04865814898 0.998812990608 0.002062306864 51.758401 -0.998232750192 -0.04855917653 -0.034243855914 -133.962343 -0.034103075536 -0.003724918314 0.999411379166 -1.710258
-0.045574635914 0.998961864666 -0.000298888326 51.718749 -0.998430937326 -0.045560164282 -0.032586479158 -134.795646 -0.032566236834 -0.001186666178 0.999468875468 -1.727477
-0.041263235792 0.999136986492 -0.004668068508 51.672249 -0.998567269428 -0.041398060922 -0.033893541252 -135.590017 -0.034057555212 0.003262810932 0.999414546886 -1.735263
-0.03667849876 0.99930151878 -0.00701334038 51.633169 -0.998554317156 -0.03692503965 -0.039036410142 -136.370407 -0.039268155908 0.00557137251 0.999213175574 -1.750092
-0.032690986212 0.999432388402 -0.008191588334 51.627466 -0.998555551678 -0.033009855412 -0.042403556726 -137.159977 -0.042649868926 0.006793557466 0.999066983276 -1.76454
-0.028410613138 0.999522493506 -0.012176261158 51.598731 -0.998665136034 -0.028907791092 -0.042812676774 -137.885578 -0.043144205062 0.010943683014 0.99900891587 -1.774031
