1.0 0.0 0.0 0.0 0.0 1.0 0.0 0.0 0.0 0.0 1.0 0.0
0.999995300972 -0.00295058919 -0.000831904666 0.703557 0.00294940491 0.99999464055 -0.00142122873 0.006717 0.0008360936659999999 0.0014187684300000002 0.999998644022 0.013476
0.999975874784 -0.006744706672 -0.00166096196 1.411545 0.0067432124 0.99997685603 -0.00090360562 0.005212 0.0016670180719999999 0.0008923836040000001 0.99999821235 0.019617
0.999938347086 -0.010822750766 -0.002483991006 2.143114 0.010820924574000001 0.99994117278 -0.0007474515579999999 0.008673 0.0024919343540000002 0.0007205264219999999 0.99999663555 0.019294
0.99987474455 -0.015544775074 -0.0029757943679999998 2.865555 0.015546261074 0.999879035942 0.000476883144 0.0239 0.0029680213679999998 -0.000523085856 0.999995458608 0.01664
0.999794014364 -0.020065643718 -0.0030493263419999997 3.602946 0.020064269418 0.999798576572 -0.00048061738199999996 0.050242 0.0030583560419999993 0.000419335818 0.999995235292 0.02052
0.999690917356 -0.024555169590000002 -0.003887644122 4.361443 0.024557048478 0.99969833519 0.000436295654 0.074889 0.00387575805 -0.0005316298100000001 0.99999234791 0.030422
0.999555864416 -0.029436732807999997 -0.004642396695999999 5.144051 0.029452611943999996 0.999560428766 0.0033899966379999998 0.11387 0.004540565512 -0.003525221854 0.999983477886 0.039802
0.99940998296 -0.034110104996 -0.004023265452000001 5.946194 0.034127657804000004 0.999407892854 0.004377972324 0.141906 0.0038715501480000004 -0.004512693876000001 0.99998232319 0.038681
0.999259171064 -0.0384527023 -0.001580689292 6.756159 0.038460758308 0.99924536547 0.005428582006 0.196559 0.00137075278 -0.0054853548700000004 0.99998401583 0.054464
0.999116091566 -0.042024601122 0.000983625686 7.541505 0.042020652606000006 0.999109743726 0.003739489878 0.216137 -0.001139900662 -0.003694851894 0.999992524316 0.043297
0.999016445552 -0.04433095136 0.000952383872 8.36746 0.044327056 0.9990099134 0.0037820356399999996 0.25715 -0.0011191022719999999 -0.0037360994 0.999992394552 0.051731
0.99891000518 -0.046674291359999995 0.00055855236 9.189543 0.046672124711999996 0.998904442294 0.0034099623300000003 0.300297 -0.0007170980159999999 -0.0033801766620000003 0.99999403007 0.048698
0.998826201068 -0.048436302454 0.00038193740199999996 10.02433 0.048435208946 0.998823238412 0.002483980094 0.330091 -0.000501802702 -0.002462565194 0.99999684198 0.063544
0.99872219315 -0.050528749431999996 0.000908969024 10.864855 0.050526902408 0.99872079344 0.001951593616 0.374855 -0.001006417856 -0.001903172464 0.999997682526 0.069367
0.998644384182 -0.052042136956000004 0.0010049079940000001 11.728191 0.05204256636400001 0.998644784888 -0.000405979732 0.438213 -0.0009824180740000002 0.00045772737200000004 0.99999941267 0.070642
0.998554267484 -0.053746607744 -0.000821077112 12.601314 0.053746465672000004 0.99855459383 -0.000194143094 0.486453 0.000830324864 0.000149732378 0.99999964407 0.076783
0.99847107264 -0.05519326512 -0.00303699888 13.453668 0.055196549856000005 0.99847500044 0.001008537992 0.54011 0.0029767030079999998 -0.00117462772 0.999994879736 0.076765
0.998363959372 -0.056996487234 -0.004561003962 14.346814 0.057016520046 0.998363583388 0.004389703074000001 0.616525 0.004303342421999999 -0.0046425740940000005 0.99997996366 0.091095
0.998299306766 -0.058114326462 -0.004606699862 15.232533 0.058139779121999996 0.998292755998 0.005598386238 0.662476 0.004273488902 -0.005856697422 0.999973717868 0.087406
0.99822280158 -0.05949761129199999 -0.003357496904 16.14137 0.059516927176 0.99820938038 0.005980671452 0.723146 0.002995649252 -0.006169870504000001 0.999976479116 0.098398
0.99813566955 -0.06099508087 -0.00218745761 17.035787 0.06100742887 0.998118610412 0.006110062046 0.782455 0.00181065839 -0.006232122046 0.999978940862 0.103879
0.99806765176 -0.062113119588 -0.001708892364 17.956139 0.062122223964 0.99805096871 0.005923727912 0.849675 0.0013376202119999999 -0.006018441463999999 0.999980994374 0.117396
0.99796672567 -0.06369976496400001 -0.0021811216620000002 18.846846 0.063710967324 0.997953109628 0.005523272444000001 0.901097 0.0018248262420000004 -0.005651003396 0.999982367942 0.122395
0.99790359087 -0.064667310852 -0.0025616518640000003 19.768799 0.06468035750000001 0.997891487856 0.005387916252 0.960835 0.0022078285200000003 -0.00554230954 0.99998220399 0.125849
0.99784789363 -0.06555909401400001 -0.0012595675680000002 20.701699 0.065565666558 0.99782908211 0.006185984624 1.013067 0.0008512856160000002 -0.006255256112000001 0.999980073344 0.139103
0.997858248348 -0.065371965624 0.002329119584 21.620564 0.06535314294399999 0.99783473031 0.007404066821999999 1.079411 -0.0028080945359999997 -0.007235993961999999 0.999969877062 0.136664
0.99787765518 -0.064823959604 0.006167767051999999 22.548854 0.064774279012 0.997868353374 0.007940020006 1.144518 -0.006669322876 -0.007523656057999999 0.99994945611 0.140621
0.99797027372 -0.063058172968 0.008888062556 23.490607 0.062988879352 0.99798318156 0.007872005876 1.199302 -0.009366531483999999 -0.007296178484 0.999929514416 0.145686
0.99805496675 -0.06156829638 0.009779152539999999 24.430107 0.06151136502 0.998088231222 0.00601981776 1.260693 -0.01013108666 -0.00540658056 0.999934062872 0.143694
0.998161494238 -0.060020310348000004 0.008437618404 25.373309 0.059984221932 0.998189329078 0.004467222576 1.317622 -0.008690464763999999 -0.003952885536 0.999954424216 0.142427
0.9982552764 -0.05892229674 0.0038169168200000003 26.326111 0.058906071819999996 0.998254559238 0.004232308115999999 1.401259 -0.00405963174 -0.004000084516 0.999983759238 0.146295
0.99830425047 -0.05821049531400001 0.00040311274799999995 27.291492 0.058207772850000006 0.99829206011 0.0049818347800000004 1.451303 -0.0006924192599999999 -0.004949922548000001 0.999987509336 0.155656
0.998337139958 -0.05763946276 0.0008041894939999999 28.248667 0.05763175688 0.9983092364 0.00756627484 1.50603 -0.0012389458939999999 -0.00750734632 0.999971051958 0.154832
0.99834265787 -0.057305030768000004 0.005298100694 29.216783 0.057254260832 0.9983164656 0.009283483024 1.559801 -0.005821171606 -0.008964758176 0.999942871886 0.166036
0.998276442158 -0.057901802488000004 0.009567116206 30.192524 0.057868163272000006 0.998317167708 0.0037565502640000007 1.62576 -0.009768527186000001 -0.003196444744 0.999947177966 0.15411
0.99822165243 -0.058755480682000004 0.010065960146 31.177241 0.05884298765800001 0.99822994982 -0.008629457786 1.665025 -0.009541114574000002 0.009206423194 0.999912100526 0.151466
0.998177318542 -0.059863924482 0.007638803988 32.146401 0.059970167681999996 0.998094368774 -0.014533067252 1.733111 -0.006754240811999999 0.014964678452 0.999865210232 0.158361
0.998113369526 -0.061290527838 0.0036298549300000003 33.155586 0.06133298895 0.99803206566 -0.01304850909 1.793689 -0.0028229622620000003 0.013246521066000001 0.99990827615 0.175358
0.997995500652 -0.063243687976 0.002283265696 34.116572 0.063263254016 0.99794811879 -0.009864558242 1.866853 -0.0016547091439999997 0.009989231662 0.999948737238 0.164875
0.997924407774 -0.06432033099 0.003126520004 35.123621 0.064343827246 0.997894856214 -0.00810750438 1.923102 -0.0025984613399999993 0.008291848603999999 0.999962245944 0.185685
0.997845719446 -0.065338457352 0.005899480763999999 36.145045 0.065366662056 0.997850140856 -0.004721608747999999 1.997485 -0.005578294907999999 0.005097066644 0.999971450846 0.174687
0.997740101454 -0.06682631802 0.006995320912 37.149668 0.066845980612 0.99775987851 -0.0026155389839999997 2.063755 -0.006804863760000001 0.00307723708 0.99997211184 0.18394
0.997645261132 -0.067893550482 0.00971605131 38.156374 0.067926268518 0.997685598332 -0.00307762661 2.160323 -0.00948461361 0.0037303543100000005 0.999948061964 0.178488
0.99760480812 -0.068024676768 0.012541567856 39.154464 0.06806162243200001 0.99767787996 -0.002542464384 2.203117 -0.012339494544 0.003389974016 0.999918119136 0.184983
0.997529702014 -0.068569158726 0.015256545227999999 40.16171 0.06857803189799999 0.99764575291 -5.858055600000008e-05 2.281841 -0.015216610715999999 0.001104700092 0.99988361038 0.177977
0.997532995644 -0.06856000711600001 0.0150813706 41.154866 0.06856733308 0.997646490284 3.1383284000000065e-05 2.362448 -0.015048028084000001 0.00100278356 0.999886269164 0.175136
0.99755313968 -0.06846710209600002 0.014141736288 42.15023 0.06847303921600001 0.997652964728 6.449985599999997e-05 2.428787 -0.014112961248 0.0009039857760000001 0.999899998552 0.180513
0.997594001798 -0.068267033644 0.012075594592 43.130992 0.06824673556399999 0.997666293806 0.002085562316 2.513344 -0.012189788848 -0.0012564245960000001 0.999924912408 0.177019
0.997539063552 -0.06911013598400001 0.011815659472 44.115586 0.069076688464 0.997606169934 0.003216322064 2.58656 -0.012009655088 -0.0023922209439999997 0.999925019982 0.173706
0.99744727827 -0.070293022322 0.012562443194000001 45.141096 0.070273098494 0.997525741166 0.002020972322 2.659167 -0.012673420778 -0.001133010994 0.99991904702 0.165021
0.997380309884 -0.07108302621599999 0.013406067835999999 46.099746 0.071075798724 0.99747040134 0.001015400952 2.747878 -0.013444333624 -5.989426800000002e-05 0.9999096191 0.152692
0.997350593068 -0.07174742474400002 0.012004079724000001 47.091591 0.07173738171600001 0.997422750172 0.0012656946480000002 2.8235 -0.012063952584000002 -0.000401199468 0.99992714734 0.176884
0.9973485464 -0.07240107336000001 0.00734574132 48.088965 0.07238272632000001 0.997373182622 0.002733839376 2.890577 -0.00752437836 -0.0021948857759999997 0.999969282622 0.167969
0.997346444246 -0.07258822538 0.005569279470000001 49.077542 0.07257117938 0.997358086808 0.0032043411479999997 2.986845 -0.00578716347 -0.002791668852 0.999979357438 0.1675
0.99729987758 -0.07302567510199999 0.007758939886000001 50.03173 0.07299939895 0.997325420966 0.003617827702 3.040157 -0.008002382470000001 -0.00304166077 0.99996335439 0.156731
0.997266532364 -0.072925833766 0.011886356174 50.985758 0.07290634874600001 0.997336652972 0.002065002862 3.102779 -0.012005290754 -0.001192767298 0.999927222492 0.164901
0.997204098972 -0.07362318121599999 0.012791293300000001 51.959185 0.073605833716 0.997285748972 0.0018223604 3.181582 -0.0128907424 -0.0008757523000000001 0.9999165275 0.169603
0.997198376312 -0.07375975795600001 0.012445810036 52.92914 0.073784740796 0.99727297235 -0.0015596148219999997 3.238313 -0.012296833204000001 0.002473555942 0.999921331638 0.171206
0.997195227276 -0.073870946218 0.012031607893999999 53.886353 0.073940625086 0.9972477375 -0.0054526730979999995 3.315952 -0.011595699442 0.006327004574 0.99991275054 0.173539
0.99712255591 -0.07477705686600002 0.012449971188000002 54.859327 0.07485053427 0.99717935527 -0.0055436841 3.392988 -0.01200031398 0.006459619212000001 0.999907128604 0.166162
0.99703381344 -0.075406376768 0.015409548944 55.790633 0.075504808304 0.99712793483 -0.005908169901999999 3.465395 -0.014919778112 0.0070541400139999995 0.999863810414 0.162504
0.99688509855 -0.07599371460599999 0.021096223907999995 56.744874 0.07620949246199998 0.99704542835 -0.009618854116000001 3.53015 -0.020302920516 0.011196626107999999 0.999731177144 0.167002
0.99674689836 -0.076842554016 0.024307177032 57.715831 0.077078202336 0.996985238912 -0.008909586784 3.603764 -0.023549260872000002 0.010754157536 0.999664833848 0.150378
0.996723130494 -0.077775545776 0.022225277266 58.664459 0.077982911296 0.996917431232 -0.008619648592 3.694297 -0.021486368146000002 0.010324595648000002 0.999715828862 0.159298
0.99673393395 -0.079358024184 0.014958943062000001 59.56142 0.079502171448 0.99679130672 -0.009300356504 3.785351 -0.014172886614000003 0.010459249192 0.999844854686 0.165024
0.996695922422 -0.08071445031400001 0.009078184556000003 60.498756 0.080790418646 0.996696236198 -0.008337787532 3.844886 -0.008375212196000001 0.009043669411999999 0.99992403102 0.159246
0.99660161823 -0.081929208158 0.008533548225999998 61.390991 0.081955207418 0.996632241878 -0.0027423459259999995 3.948125 -0.008280131146 0.0034323948939999995 0.999959828252 0.142742
0.9965349552 -0.08252692504 0.01036266448 62.312983 0.08252984656000001 0.996588580238 0.00014611249399999998 4.021276 -0.01033937128 0.0007096235060000001 0.999946295438 0.145455
0.996428949662 -0.083503911094 0.012508025602 63.188161 0.08348683288599999 0.996507105468 0.001882275466 4.10863 -0.012621513661999999 -0.0008312991459999999 0.99992000003 0.14356
0.99634417275 -0.08451930663400001 0.012440844138 64.084113 0.08449390464600001 0.996420721134 0.0025544033060000003 4.185047 -0.012612211322000001 -0.001493889114 0.99991934694 0.149477
0.996198157944 -0.0861546802 0.012907441032 64.903285 0.086088842568 0.99627187512 0.005573406424 4.264274 -0.01333949548 -0.00444103068 0.99990116268 0.147785
0.996075344588 -0.087560630498 0.012924583334 65.724926 0.08750293727800001 0.99615188942 0.004964888474 4.350419 -0.013309576826 -0.003814464134 0.999904147932 0.154107
0.995950628684 -0.088863255726 0.013625931417999998 66.572994 0.088783893198 0.99603083683 0.006323876454 4.421465 -0.014133808186 -0.005088505338 0.99988716491 0.147394
0.995812588614 -0.09022959199399999 0.014693884558 67.389409 0.090148631038 0.995909743974 0.006083363354 4.510437 -0.015182682134 -0.004733256418 0.999873533244 0.155171
0.995651746616 -0.091459116968 0.017687203892000004 68.185413 0.091316524312 0.995783831096 0.008709860852000002 4.588951 -0.018409227188 -0.007056855668000001 0.999805631856 0.132432
0.99546481038 -0.092893195652 0.020510189416 68.985902 0.092681705512 0.995634649932 0.011033929604 4.665923 -0.021445631996 -0.009082969816 0.999728755548 0.133845
0.995274500412 -0.09448388120600001 0.022393253022 69.7595 0.09418887209400001 0.995457525078 0.013883990014000001 4.726201 -0.023603346422 -0.011709184314 0.99965282799 0.142516
0.99521835491 -0.095526367648 0.020375171746 70.537914 0.095265538192 0.99536155104 0.013411494304 4.821594 -0.021561812833999997 -0.011406315376 0.999702448094 0.151927
0.995167168748 -0.097362976218 0.012757598738 71.25579 0.09719361949799998 0.995176828846 0.013284535217999998 4.911801 -0.013989488642 -0.011980375997999998 0.999830367998 0.143046
0.995132874582 -0.09827979709000001 0.007186646534000001 71.972279 0.09817649161 0.9950769143 0.01353941107 4.982483 -0.008481916034000002 -0.012767953669999998 0.999882511382 0.153101
0.995101278764 -0.09869607575 0.0057031003020000005 72.649932 0.09860479170200001 0.99502057355 0.014530963986 5.060666 -0.00710885187 -0.013897427549999999 0.99987815539 0.132017
0.994984247948 -0.099751210064 0.007486707576000001 73.339752 0.099593703944 0.99484523447 0.019080413598 5.124748 -0.009351408144000001 -0.018239082737999998 0.999789921622 0.137033
0.994866638284 -0.1006446609 0.010537191000000001 73.980016 0.100436553 0.994767661612 0.018703115291999996 5.196124 -0.0123644241 -0.017548787208 0.999769554172 0.141789
0.994797619128 -0.101530615656 0.008320433644 74.60844 0.10137353485600001 0.99469417839 0.017518459788 5.257948 -0.010054947156000001 -0.016583850188 0.999811919262 0.161675
0.994814032524 -0.10161698709 0.004361528209999999 75.214207 0.10156849079 0.994776409212 0.010184871762000001 5.315473 -0.00537370191 -0.009689059238 0.999938620812 0.155025
0.994916632652 -0.10070196112799999 -3.098726e-05 75.838399 0.100700922372 0.994904874892 0.0048585999599999995 5.380554 -0.00045844155999999996 -0.00483702234 0.999988196444 0.171522
0.99523199415 -0.097534231984 -0.000586854438 76.398145 0.097535989128 0.99521638584 0.005573970224 5.452096 4.0393845999999985e-05 -0.005604632952 0.999984293094 0.180088
0.99561375563 -0.093552817718 0.001055153004 76.952722 0.09353453453800001 0.995549245598 0.011531859876 5.512462 -0.002129295564 -0.011382584963999999 0.999932949132 0.172978
0.99602533695 -0.088961192222 0.004408798246 77.511968 0.088911509414 0.995985104444 0.010412411841999999 5.553371 -0.005317397602 -0.009979033274 0.99993607007 0.165312
0.996482342336 -0.08331561468 0.009024856231999999 78.066081 0.083240352168 0.99649394947 0.008417286575999999 5.600171 -0.0096945062 -0.007636445039999999 0.99992384771 0.181706
0.997110524016 -0.07488952151999999 0.012734324008 78.568081 0.07486612680799999 0.99719093055 0.002304694194 5.638165 -0.01287114984 -0.0013446654099999998 0.99991625919 0.182105
0.99780595214 -0.064776329812 0.013685930724 79.085002 0.06474039678799999 0.99789746795 0.0030529314660000004 5.645282 -0.013854913475999998 -0.002160199734 0.999901682526 0.20442
0.998617450672 -0.050959305048 0.012897073056 79.580684 0.050836340928000004 0.99865999439 0.009689177314 5.6314 -0.013373544983999999 -0.009020141074 0.999869884118 0.211813
0.99934516751 -0.033615944622 0.013386707126 80.072896 0.033415249974 0.999329827996 0.014943741858 5.652821 -0.013880083921999999 -0.014486635866 0.99979871999 0.19738
0.999819769308 -0.012337542984 0.014429618484000001 80.561269 0.012120671436 0.999813701372 0.015021711847999998 5.615711 -0.014612261304 -0.014844107787999999 0.99978304358 0.195897
0.999775042766 0.013882248504 0.016035816646 80.998766 -0.014039852664000001 0.999853822828 0.009757856232 5.622153 -0.015898011706 -0.009980801448000001 0.999823803038 0.196316
0.998908942838 0.043040050244 0.018123934249999998 81.44269 -0.043215359955999996 0.999021606872 0.0093947203 5.596177 -0.01770185249 -0.01016770282 0.99979160931 0.199549
0.99694537462 0.075482473218 0.020057839733999997 81.889034 -0.07568397911399999 0.99708675607 0.009483502422 5.525784 -0.019283568222 -0.010972590834 0.999753842854 0.203424
0.993434702862 0.112495778202 0.020789065362 82.301436 -0.112710435738 0.993582879452 0.009455880122 5.482977 -0.019591912302 -0.011736945082 0.999739166414 0.197993
0.987829621884 0.15407803359599997 0.021274169752 82.706631 -0.154306482488 0.98797696374 0.009540507204 5.437201 -0.019548406524 -0.012707138887999998 0.99972815718 0.190657
0.97973737787 0.199090409502 0.021855186104 83.121439 -0.199332825954 0.979885618606 0.009516778728 5.349108 -0.019520881448000002 -0.013680402936000001 0.9997158503 0.188365
0.968445531532 0.248296197288 0.021499015320000002 83.488275 -0.24854729191200003 0.968569340942 0.009880912490000001 5.266369 -0.018369891960000002 -0.014912651030000001 0.999720040574 0.184588
0.953377851576 0.301041472904 0.0210885746 83.882263 -0.30129538708 0.953477893296 0.010050916904 5.161368 -0.017081747895999998 -0.015936210279999998 0.999727088376 0.18846
0.934151831996 0.35626967508 0.020788910536000002 84.2388 -0.35652451826400006 0.934231466286 0.010086664290000002 5.034828 -0.015828078199999998 -0.016834237086 0.999733004366 0.181362
0.910619599454 0.41273799536600003 0.020474150958 84.583997 -0.412993628938 0.91067647955 0.010223047566000003 4.862473 -0.014425884125999999 -0.017765005662 0.99973811478 0.178953
0.882498445964 0.46990163044800004 0.019726571216 84.907618 -0.47014849329600006 0.88252642635 0.010377284778000002 4.654873 -0.012532923088 -0.018432349014 0.99975155651 0.165484
0.85008570875 0.5263337843739999 0.018088127318 85.211897 -0.526544984666 0.850091289806 0.009763363046 4.442168 -0.010237775461999998 -0.017823904214 0.99978872598 0.176937
0.81424852064 0.580248385424 0.017632285472 85.515366 -0.580448960288 0.81424089987 0.009513207206000001 4.184588 -0.008836898704 -0.017980762598 0.999799280414 0.176639
0.77537346399 0.6312279084920001 0.018627353626 85.811301 -0.631444533964 0.775365014136 0.009303482692 3.906065 -0.008570372762000001 -0.018975821564 0.99978320979 0.198581
0.73350857152 0.6793731305759999 0.020418638592 86.080791 -0.679622853936 0.733505189678 0.009083444396 3.639135 -0.008806120512000002 -0.020539766444 0.999750253742 0.18674
0.6892316218719999 0.7242440140680001 0.02075711214 86.316123 -0.724496463732 0.6892250751919999 0.008610922279999999 3.349129 -0.008069923020000001 -0.020973364759999998 0.999747465464 0.17895
0.644128027462 0.7646872837500001 0.018773347866 86.521778 -0.76486458243 0.6441785074999999 0.00402707101 3.039326 -0.009013937166000002 -0.01695301825 0.999815655062 0.166203
0.598012599576 0.8013297356 0.015857239436 86.745413 -0.8014524127359999 0.598052812056 0.00259433534 2.689472 -0.0074045471799999985 -0.014260269964 0.999870900336 0.187674
0.5519019548299999 0.8337465997600001 0.0164478843 86.935904 -0.833880723728 0.551937915104 0.0026776378800000018 2.40132 -0.006845736204 -0.015193371528 0.99986113899 0.199882
0.505093365222 0.862841316808 0.019624982986 87.126631 -0.8630403068320001 0.505118779952 0.004004058424 2.043331 -0.006458074906000001 -0.018959580944 0.999799393574 0.194203
0.460393997208 0.8874972616999999 0.019646920704 87.28557 -0.8877061829399999 0.4603737667500001 0.00580959058 1.676303 -0.0038889315039999997 -0.0201153933 0.999790101558 0.180205
0.41810121477999984 0.9082976242680001 0.013687995564000001 87.470147 -0.9083998882440001 0.4180741874299999 0.004917127521999998 1.329476 -0.001256388372 -0.014490026013999999 0.999894224774 0.140519
0.3788571554300002 0.9254505856559999 0.002808763468 87.567642 -0.9254478021359999 0.37886436920800015 -0.0027522966359999996 0.936698 -0.003611255308 -0.0015566387159999997 0.999992267822 0.141165
0.3430064324780001 0.939332794128 -0.0013317378039999993 87.694756 -0.939309438768 0.3429870169600001 -0.007679117616 0.560633 -0.006756470323999999 0.003884904336 0.999969628382 0.192145
0.30960722902399984 0.9508639882720001 3.011637599999997e-05 87.817323 -0.950850188816 0.3096029061739999 -0.005377757352000001 0.198186 -0.005122843752000001 0.0016363535759999998 0.999985539294 0.249284
0.27840360132600006 0.960417576254 0.009440136158 87.959354 -0.960463493378 0.278399803406 0.001740554254 -0.180042 -0.0009564708140000003 -0.009551484878 0.999953926076 0.251908
0.24955834130200016 0.9682547916419999 0.014243731349999999 88.055784 -0.9683538066419999 0.24947918505200017 0.00711565025 -0.52159 0.0033362527499999992 -0.015568743649999998 0.99987323375 0.222848
0.22388236638400005 0.9745233208440001 0.013417690428 88.163517 -0.974602337868 0.22378602706400008 0.008315543176000001 -0.957775 0.0051010104359999996 -0.014938619992 0.999875400824 0.216823
0.19979116366999994 0.979815028008 0.006729189224000001 88.236707 -0.979807937208 0.19972637711199992 0.009222829836 -1.314688 0.007692677176000001 -0.008435952564 0.999934826558 0.205267
0.1782851003760001 0.983979194156 -0.0008022411440000007 88.313206 -0.983882840084 0.17827895243000014 0.013872536072000001 -1.732664 0.013793299496 -0.0016839646480000005 0.99990344999 0.219601
0.15847424183999992 0.987356917556 -0.0035313648680000004 88.366858 -0.987148632332 0.15851334934999994 0.020281377224000002 -2.171415 0.020584724156 0.0002719032080000013 0.999788075174 0.218365
0.14044863826199994 0.9900867967420001 0.000862423452000001 88.44141 -0.989852581542 0.14039634665399991 0.021889755868000002 -2.583168 0.021551697652 -0.003928042067999999 0.999760018392 0.228436
0.12436291580000003 0.9922305713239999 0.003573567431999999 88.491886 -0.992080533436 0.12427853938400002 0.018206365535999997 -3.034834 0.017620789752 -0.005809466304 0.99982786416 0.239794
0.10983115476600014 0.99394402747 0.0036161379099999983 88.519844 -0.9938410554099999 0.10976430855800012 0.015246047157999999 -3.495401 0.014756787529999999 -0.0052683611419999995 0.999877233308 0.236421
0.09664695152599989 0.995315476552 0.00267695304 88.577783 -0.99524318164 0.0966060193099999 0.01260887166 -3.987197 0.012291189552000002 -0.003882831635999999 0.99991692172 0.243102
0.08486893783000005 0.9963882720539999 -0.002821630782 88.645794 -0.996328573566 0.08489519159600001 0.011066473106 -4.486393 0.011266045577999999 0.0018720695260000001 0.99993478367 0.254638
0.0748370221500001 0.9971706385460001 -0.007219196622000001 88.678866 -0.9971251009500001 0.07491647703000004 0.01144698289 -5.002694 0.01195542695 0.006341765022 0.999908420796 0.272958
0.06716540668800008 0.997718828608 -0.006697684664 88.692675 -0.9976633834879999 0.0672425443500001 0.012046798784 -5.521399 0.012469690696 0.005872917056 0.999905003262 0.282779
0.06149839432799997 0.998069744448 -0.00878375654 88.702291 -0.998030473552 0.06160117576799995 0.011953677540000002 -6.071228 0.01247168886 0.00803129894 0.999889971696 0.28642
0.0562221591180001 0.9983689631539999 -0.0099728692 88.741139 -0.9983333006539999 0.056345239118000046 0.012522403599999999 -6.634044 0.0130639012 0.0092521996 0.9998718575 0.302945
0.05039750306400015 0.998681519252 -0.00966887956 88.74704 -0.99863749054 0.05052112443000012 0.012998121199999999 -7.203459 0.013469469751999998 0.009000653935999999 0.99986877207 0.304113
0.04624913370200001 0.998864199242 -0.011453244414 88.794922 -0.9988360784020001 0.04639885694000001 0.013171267374 -7.811592 0.013687725066 0.010830755946 0.999847658838 0.307313
0.042681053214000175 0.9990072117539999 -0.012755339618 88.821976 -0.9989960037979999 0.04284746897400016 0.013071303114 -8.434854 0.013604860194 0.012184639221999999 0.999833207244 0.324668
0.039929570686000115 0.999113836614 -0.013223628186 88.838811 -0.9991107659459999 0.040100644910000205 0.012934818542000001 -9.078139 0.013453632474 0.012695418322 0.99982889822 0.335773
0.03800063647000007 0.9991572819239999 -0.015496258217999999 88.855658 -0.9991931338199999 0.038194299020000155 0.012398926219999998 -9.69111 0.012980345429999998 0.015012595468 0.999803046854 0.336542
0.03743674614000003 0.9990893461899999 -0.02045955197 88.847021 -0.999213324818 0.03769349564400004 0.01231084445 -10.394086 0.013070824126 0.019982585282 0.99971488422 0.343985
0.03875508743000011 0.9990076129119999 -0.021984579885999996 88.851148 -0.9991709246319999 0.03901853668800015 0.011683576815999998 -11.110041 0.012529795645999996 0.021513529255999995 0.999690038342 0.371646
0.04131974934199989 0.9988375383640001 -0.024826295544 88.880282 -0.9990675598040001 0.04161513826999985 0.011501559288000002 -11.814464 0.012521339496000001 0.024327903192000004 0.999625614528 0.378019
0.0454303092320002 0.9986085984719999 -0.026782253087999995 88.913765 -0.9988848275519999 0.0457554946940002 0.011656367237999999 -12.57231 0.012865586231999999 0.026222827241999997 0.999573329062 0.392088
0.049960412582000235 0.9984018632839999 -0.026415983647999998 88.943085 -0.998671207636 0.0502738055180002 0.011335391563999998 -13.3025 0.012645309008000002 0.025814558955999996 0.999586767 0.39894
0.053630030286 0.998116282462 -0.029794963562 88.986458 -0.9984973218219999 0.05393941530799995 0.009678383002000001 -14.055864 0.011267274902 0.029231138662 0.999509174078 0.399208
0.05794810984800003 0.9978804277719999 -0.02960862208 89.040176 -0.9982720866279999 0.05820920895799997 0.0080331263 -14.85269 0.009739593999999999 0.029091956420000002 0.999529288406 0.410913
0.062365483926000054 0.9977017163399999 -0.026478639142 89.098841 -0.998019381292 0.06255925374000004 0.006552952644000002 -15.600328 0.008194369049999999 0.02601752938 0.99962790087 0.426377
0.06661330554200018 0.9974898940279999 -0.02399652002 89.134346 -0.9977575759719999 0.06674836875200019 0.004871252780000002 -16.425965 0.006460746980000001 0.02361823078 0.999700173894 0.423433
0.071461379278 0.9972007871040001 -0.021979447992000002 89.191562 -0.997416696096 0.07160212707199998 0.0056837071440000025 -17.226952 0.0072415663920000015 0.021516514056 0.99974226635 0.445374
0.0742061263199999 0.9970191234800001 -0.0211334298 89.266962 -0.9971921848560001 0.07439976875999987 0.008527862008 -18.014053 0.010074765608 0.02044126668 0.999740293176 0.463647
0.0754776119899998 0.9969776878720001 -0.018397915534 89.361487 -0.9970250541040001 0.0757445543159998 0.014271206752000002 -18.844197 0.015621616418000002 0.017266028456 0.99972888791 0.467427
0.07607682081199985 0.9970021318460001 -0.014085576222 89.414644 -0.996930591286 0.07631782177399993 0.017444868546 -19.676379 0.018467553198 0.012715202514000002 0.999748604862 0.500347
0.0762644291900001 0.9970336596880001 -0.010379100506000001 89.506629 -0.996929905792 0.07643340294000012 0.016994271704 -20.478323 0.017737170454 0.009051175743999999 0.999801714854 0.506102
0.07609464075000005 0.997063997808 -0.008566930056000002 89.574189 -0.996970769904 0.07622066171000008 0.015495063632 -21.305695 0.016102545528 0.0073618825760000004 0.999843243104 0.526304
0.07536960564599993 0.9971199818340001 -0.008545179266000002 89.613154 -0.997046553754 0.07548583018799992 0.014209664718000002 -22.123902 0.014813774286000001 0.007448942978000002 0.999862523358 0.539968
0.07611574902000007 0.9970750188899998 -0.006905815029999999 89.698569 -0.9970049692699999 0.07620183169200012 0.013200868626 -22.927355 0.013688492489999999 0.005880339026 0.999889017228 0.569595
0.07643522467199992 0.99704972 -0.007201813703999999 89.775289 -0.99698009616 0.07652593634999993 0.01329746362 -23.759522 0.013809349496 0.0061636455 0.999885649278 0.594845
0.07630082699000007 0.9970803056619999 -0.002631146226000001 89.85249 -0.996987813938 0.07632982835000013 0.013672282134 -24.583436 0.013833211073999999 0.0015800318339999992 0.999903068076 0.618869
0.07587074894000012 0.9971175186679999 -0.0012486391639999995 89.891406 -0.997006597108 0.07588093347800007 0.014872959445999999 -25.372123 0.014924826883999997 0.00011646856600000012 0.999888611862 0.627816
0.07351723630199991 0.997292736012 0.0019163893160000006 89.959608 -0.9971902698680001 0.07348161994199998 0.014603942736 -26.173064 0.014423575524 -0.002984654176000001 0.999891520344 0.65846
0.06964562148800002 0.9975554127240001 0.005504743452000001 90.008959 -0.9974840657640001 0.06956583857599996 0.013555393523999999 -27.021122 0.013139337972 -0.006434958564 0.999892968688 0.668414
0.06513509131200002 0.997834819392 0.009129197399999999 90.063079 -0.9978152692080001 0.06502695042200002 0.011680472570000001 -27.849096 0.01106153568 -0.00987006145 0.999890106134 0.698657
0.058950653309999934 0.998214554412 0.009639422164 90.132545 -0.998217893044 0.058855517784 0.009872218512 -28.672765 0.009287255052 -0.010204217344 0.99990480591 0.7099
0.051425920332 0.998634590204 0.009187835255999999 90.209487 -0.998631797256 0.05133403186800001 0.009971812292 -29.460619 0.009486547204 -0.009688074072000001 0.9999080691 0.731127
0.04232735199999982 0.99905774844 0.009684388680000001 90.247479 -0.99905941284 0.042231170749999825 0.009929493479999999 -30.250108 0.00951113652 -0.01009556868 0.99990380435 0.750384
0.03189448730799993 0.999444588828 0.009675662352 90.266295 -0.9994441706880001 0.03179735383600002 0.010031993988 -31.044465 0.009718758012 -0.009990249648 0.999902865628 0.765888
0.021519801053999976 0.999724585416 0.009469915383999999 90.291331 -0.999726407816 0.02143003030199997 0.009481103448 -31.842039 0.009275532216 -0.009671355752 0.999910210752 0.789255
0.01181227410199992 0.9998801856039999 0.010051105390000002 90.305858 -0.999890596004 0.011721175351999902 0.00907470442 -32.70013 0.008955797330000001 -0.01015719814 0.99990830835 0.799438
0.0010663670699998518 0.9999424042500001 0.010640500030000001 90.272491 -0.9999678006980001 0.0009822001559998128 0.00791214111 -33.474691 0.007901242014 -0.010648595798 0.99991208499 0.820729
-0.01040619955199995 0.9998959460799999 0.00996806832 90.286271 -0.9999149764799999 -0.010483419551999829 0.00772606328 -34.275755 0.00782976272 -0.00988682232 0.9999204696 0.831861
-0.021813209235999942 0.99970995542 0.010156377955999999 90.272302 -0.9997271693559999 -0.02189557606600001 0.008070538569999999 -35.044797 0.00829058686 -0.009977563606 0.999915853614 0.849199
-0.03268971017999989 0.9994022439539999 0.011242198117999999 90.278943 -0.9994237124739999 -0.03278910028199977 0.008773096566 -35.814526 0.009136475441999999 -0.010948929554 0.999898317702 0.870203
-0.04307058875199998 0.999021046176 0.010117945672 90.255431 -0.999023537016 -0.04316631767400003 0.009441435005999999 -36.582912 0.009868941951999999 -0.009701417645999999 0.999904238678 0.872996
-0.05281658392199984 0.9985517254159999 0.010340426112 90.216797 -0.998552265624 -0.052917630527999915 0.009755084583999998 -37.331203 0.010288127168 -0.009810225624 0.99989895195 0.885078
-0.0624389432400001 0.9980005271520002 0.009803597824000001 90.18241 -0.9979934517280001 -0.06253580880000009 0.009905920704000001 -38.072069 0.010499192064 -0.009165411136 0.999902876376 0.911443
-0.07181788584000004 0.99736406706 0.01031986782 90.120585 -0.997359284268 -0.07192159714599988 0.010056468080000002 -38.815459 0.010772187276000001 -0.009570381568 0.99989617847 0.920517
-0.07983869657800002 0.9967620096159999 0.009553205733999998 90.049121 -0.9967551388959999 -0.07992931391999991 0.009512249168 -39.537998 0.010245029914 -0.008762761328 0.999909122558 0.943849
-0.08800132940999994 0.9960814303600001 0.00880017418 89.985404 -0.99607893364 -0.08807475539199983 0.008335968184 -40.288263 0.009078377180000001 -0.008032091816 0.999926531582 0.957371
-0.0939721305000003 0.99555512832 0.00618062224 89.933811 -0.9955496920000001 -0.09401165632200015 0.006449350626 -41.034299 0.0070017408000000005 -0.0055470569260000005 0.999960102078 0.977441
-0.0969263752659999 0.9952818933800001 0.0045133414739999995 89.840554 -0.9952807926760001 -0.096945916036 0.00433276794 -41.747557 0.00474987069 -0.004072082724000001 0.999980428254 0.996106
-0.09956657434600014 0.9950315130340002 0.0006950314119999997 89.746483 -0.9950256670180002 -0.09956838438600002 0.003428780444 -42.435505 0.003480944524 -0.0003501845479999999 0.999993880184 1.009268
-0.10160241789000013 0.994826241242 -2.612957400000026e-05 89.679932 -0.9948218845860001 -0.10160189514000018 0.0029622827619999997 -43.125922 0.002944298762 0.00032696592600000023 0.999995612094 1.012669
-0.10185896837800001 0.9947992257420001 -0.0005107447520000001 89.617891 -0.9947944347180001 -0.1018568358980001 0.0031980414480000004 -43.794643 0.003129385112 0.0008338333920000001 0.999994755824 1.024142
-0.10111559754400012 0.994874374728 -0.0009028308759999998 89.554038 -0.994868607576 -0.1011117303300002 0.003615564888 -44.493194 0.003505745828 0.0012637876560000004 0.99999305627 1.043897
-0.09919775600999992 0.9950664032259999 -0.0012995306480000006 89.513941 -0.9950561760859999 -0.09919040548199987 0.004847711456 -45.132606 0.004694895328 0.001773991016 0.999987405372 1.056989
-0.09399167642399986 0.995570898684 -0.0021647449759999997 89.44655 -0.9955573222359999 -0.0939776499599998 0.005861323032 -45.760266 0.005631924143999999 0.0027060411920000003 0.9999804792 1.066963
-0.0853982931520001 0.9963458884080001 -0.0016495195520000003 89.37344 -0.9963302778480001 -0.08538705674400004 0.005978855412 -46.386734 0.0058161590079999995 0.002154047628 0.999980766008 1.078933
-0.07362059986000014 0.9972873643580001 -0.00040388439400000035 89.315336 -0.99726624637 -0.07361638824400019 0.006550128142000001 -46.959993 0.00650262115 0.0008849968700000003 0.99997846614 1.084584
-0.05983506551200013 0.9982078131199998 -0.0003417034039999993 89.281248 -0.9981863264799999 -0.059831521450000036 0.00659065034 -47.528421 0.0065583964039999994 0.00073543846 0.999978223038 1.107727
-0.04291188122400014 0.999078387012 0.0010075781760000009 89.272894 -0.999042824004 -0.042918879880000205 0.008454212848 -48.075626 0.008489665152 -0.0006438278239999998 0.99996375488 1.126728
-0.021733052148000143 0.999761978882 0.002169145398 89.282573 -0.999708691842 -0.02175468150600013 0.010502879401999999 -48.601129 0.010547562057999999 -0.001940258262 0.999942490542 1.131594
0.0037483478640000234 0.999982536204 0.004384619703999999 89.280738 -0.999893002996 0.003686198670000085 0.014097592368000001 -49.170271 0.014081198904 -0.004436985232000001 0.99989101047 1.158829
0.031468609093999955 0.9994897181820002 0.005288545542 89.309126 -0.9993840957420002 0.031382546572000014 0.015636610542 -49.695797 0.015462685518 -0.005777340198 0.999863754422 1.170403
0.0640965265079999 0.997927595058 0.005617269106000001 89.365408 -0.997817636198 0.0639980712599999 0.016236228173999997 -50.248482 0.015843092585999998 -0.006645692953999998 0.999852404652 1.179375
0.1016304435019999 0.9948114633440001 0.004806694844 89.446547 -0.9947215681760001 0.10154986627799989 0.014775844448 -50.781993 0.014211042236 -0.006283006688 0.99987927788 1.172324
0.14368205727000005 0.9896166646939999 0.0038123180679999987 89.569086 -0.9895604717859998 0.14362811472600012 0.011884769355999998 -51.329403 0.011213807907999999 -0.005480148164 0.99992210622 1.178434
0.18802055940399998 0.982132374768 0.008050724928 89.722475 -0.982144549632 0.187956883694 0.008052331398 -51.812819 0.006395261328 -0.009420979002 0.999935170814 1.189659
0.23482969170800005 0.971956334322 0.012519745714 89.910484 -0.972035577378 0.234788120398 0.004713687126 -52.295268 0.001642002686 -0.013276547226 0.999910514606 1.203458
0.28638430730199993 0.958014407232 0.013872761832000001 90.10732 -0.9581148371520001 0.28635624274399996 0.004011299748000002 -52.781274 -0.0001296692879999995 -0.014440472028000001 0.999895722542 1.216112
0.34042025375000007 0.9401713320699999 0.013850342259999999 90.307923 -0.9402726058299998 0.34040153743800006 0.0037596307399999996 -53.256994 -0.00117997994 -0.01430295254 0.999897011288 1.21885
0.3969653488220001 0.9177467578119999 0.012623242782 90.549817 -0.9178325595079998 0.3969477510320001 0.0039776317319999985 -53.697758 -0.0013603087020000008 -0.013165005612 0.999912412254 1.229966
0.4566633098220001 0.889599594752 0.008421080068 90.783548 -0.8896366081279999 0.4566174597020001 0.006850770848000001 -54.140329 0.0022492334120000003 -0.010620197728 0.999941074424 1.248557
0.5156469546539999 0.8567951853260001 0.0030119921259999997 91.096022 -0.8567718074540001 0.5155977539 0.009993475178000002 -54.522734 0.007009397006 -0.007733692282000001 0.99994552763 1.261586
0.574471656236 0.81851500396 0.003989941891999999 91.381064 -0.818468919292 0.57436874046 0.014477340856 -54.934712 0.0095582162 -0.01158246682 0.99988723718 1.274536
0.629942469708 0.776632462622 0.003837453737999999 91.70162 -0.776562632658 0.6297998384279999 0.017402998381999997 -55.262175 0.011098901242 -0.013942912001999997 0.999841192236 1.259384
0.6820083433899999 0.731344518066 -0.0001072333619999994 92.048481 -0.73120860675 0.68188441259 0.019178566569999996 -55.573809 0.01409925597 -0.013001534361999996 0.999816068684 1.264065
0.731140935292 0.682225736076 -0.000973592316000001 92.392761 -0.6821018525160001 0.73103395159 0.018066391758 -55.904859 0.013037087124 -0.012544989138000001 0.999836315398 1.252922
0.7761108050059999 0.6305965263359999 0.00017658979200000074 92.814681 -0.630516665088 0.77600799707 0.016134292176 -56.175106 0.010037193696 -0.012633341232 0.99986981824 1.282143
0.81664610616 0.577128347996 0.003454927412 93.191636 -0.5771262922520001 0.8165746958 0.011442824536000002 -56.390488 0.0037827735160000002 -0.011338667528000002 0.999928560056 1.267462
0.853265076878 0.5213949902139999 0.00928279713 93.575195 -0.521465997514 0.8532297032780001 0.00851378241 -56.616776 -0.00348131865 -0.012105173850000001 0.9999206695 1.284126
0.884367447672 0.4665734619 0.014270217916 94.002296 -0.46668806158000004 0.88440192975 0.00597467481 -56.832697 -0.009832987716 -0.01194354265 0.999880325022 1.270779
0.909397209326 0.415400713904 0.020951039802 94.377774 -0.41557897427199997 0.9095443139 0.004820864304 -56.967152 -0.017053308294 -0.013090892928 0.99976887987 1.288899
0.929903641176 0.36694041660000004 0.025178949572000002 94.797859 -0.36720927032800005 0.93011292768 0.006879256104 -57.141915 -0.020894990340000003 -0.01564298708 0.9996592902 1.312114
0.944843798016 0.326252685216 0.028797758208 95.253136 -0.32667559459199996 0.945068591726 0.011328780236000003 -57.272806 -0.023519808384 -0.020111458252000003 0.999521058926 1.311103
0.956844699632 0.28917077504000005 0.028782520912 95.698798 -0.28969127944 0.9569887628 0.01585624544 -57.378871 -0.022959382912 -0.023510014160000002 0.999459926832 1.299314
0.965050789808 0.260800220724 0.025694021828 96.194091 -0.26129104952399995 0.965091856056 0.018018369816 -57.439397 -0.020097893572 -0.024102263016000002 0.999507456248 1.264201
