1.0 0.0 0.0 0.0 0.0 1.0 0.0 0.0 0.0 0.0 1.0 0.0
0.9999984707 -0.001373809568 0.001082241824 1.523004 0.001374190432 0.99999899411 -0.000351256666 -0.008791 -0.001081758176 0.000352743334 0.999999352686 0.022963
0.999995776278 -0.002638064462 0.0012198536899999998 3.028039 0.0026379302620000004 0.999996514428 0.00011160907 0.006285 -0.00122014387 -0.00010839070999999999 0.99999924975 0.037999
0.999991256814 -0.003946295204 0.0013831330580000001 4.529871 0.0039456890120000004 0.99999211862 0.00044072975600000007 0.009577 -0.001384861406 -0.00043526849200000003 0.99999894635 0.047691
0.999986344478 -0.004962609954000001 0.0016381045580000002 6.037609 0.004961360274 0.999987398956 0.000766066554 0.007216 -0.001641885602 -0.000757928874 0.999998364878 0.06334
0.999977019708 -0.0065303981 0.0018204218680000002 7.549438 0.006529523540000001 0.99997856435 0.00048594595000000005 0.028281 -0.001823556268 -0.00047404829 0.999998224958 0.072829
0.99996530643 -0.008161275918 0.0016671763659999999 9.067323 0.008162577166000001 0.999966385116 -0.000775202178 0.056136 -0.001660793682 0.000788783746 0.99999830979 0.089802
0.9999539835 -0.009456688428 0.0016130363960000001 10.566659 0.00945908458 0.999954160086 -0.001484387322 0.064938 -0.00159892506 0.00149957687 0.99999759735 0.10152
0.999942934524 -0.010524335660000002 0.00183465656 12.064609 0.01052734856 0.999943240412 -0.001640365012 0.089034 -0.0018172886599999998 0.001659585488 0.999996971612 0.119958
0.99992684939 -0.011926385215999999 0.002014216062 13.549934 0.01192916152 0.99992790368 -0.00137200992 0.120024 -0.0019977077100000002 0.0013959374879999999 0.999997030254 0.132887
0.999917247854 -0.012585085678 0.00266701504 15.040657 0.012586385709999998 0.99992067723 -0.00047122519999999993 0.15173 -0.002660873072 0.0005047543039999999 0.99999633248 0.156343
0.99990990291 -0.012930293894 0.003604647502 16.515182 0.012925111418 0.99991540523 0.0014573279139999998 0.188734 -0.003623186254 -0.001410606122 0.999992441324 0.156122
0.999897718496 -0.013635601360000001 0.004315427824 18.003809 0.013627689776 0.999905413496 0.0018574521199999998 0.215111 -0.004340347120000001 -0.001798452824 0.999988963416 0.166376
0.999889273478 -0.014094771732 0.004772662826 19.480072 0.014084439228 0.999898407468 0.002191671036 0.242823 -0.004803069045999999 -0.0021242081160000002 0.999986209046 0.178879
0.999880849484 -0.014659249268000002 0.004836679892 20.958605 0.014647871492000001 0.999889882974 0.002379494938 0.28068 -0.0048710288679999995 -0.0023083644220000003 0.999985472174 0.189808
0.99987718886 -0.014571546048 0.0057686514559999996 22.419184 0.014551521983999999 0.99988800211 0.003498075522 0.308877 -0.005818977728 -0.003413703294 0.999977242814 0.204548
0.999869925168 -0.014720124268 0.0065917267639999996 23.874035 0.014694875588 0.99988456407 0.003862553804 0.341411 -0.006647823076 -0.003765186844 0.999970814502 0.206495
0.999875292696 -0.014623825372000002 0.0059617892159999995 25.307065 0.014599210236 0.999884806896 0.004151641988 0.3599 -0.006021815312 -0.0040640868840000005 0.999973610136 0.218332
0.999886180824 -0.014512410968 0.004124948636 26.751308 0.014494689783999998 0.999885726144 0.004294007128 0.389371 -0.004186793691999999 -0.0042337285040000006 0.999982272984 0.229449
0.999887902862 -0.0143276623 0.00434737678 28.172263 0.0143114785 0.9998906238 0.00373120684 0.398467 -0.004400360780000001 -0.00366857116 0.999983589062 0.232378
0.99988001547 -0.014015621604 0.006596733222 29.612072 0.0139995099 0.99989892092 0.0024822489399999995 0.446971 -0.00663085671 -0.002389600028 0.999975160454 0.241471
0.999872883174 -0.013799155827999999 0.007987535992 31.029801 0.013791961228 0.999904430192 0.000955113812 0.467214 -0.007999952392 -0.0008448285879999999 0.999967642982 0.249206
0.99987570783 -0.013803054052 0.0076187025139999994 32.422102 0.0138040901 0.999904715544 -8.3416348e-05 0.484023 -0.00761682517 0.00018857521999999998 0.99997097379 0.258853
0.999889825654 -0.013312734504 0.0065656269120000004 33.81337 0.013314519911999998 0.99991133171 -0.00022829583599999996 0.52249 -0.006562005504 0.00031568893199999997 0.99997841996 0.274937
0.999901023132 -0.012769922896 0.005905328779999999 35.15793 0.012769438604 0.999918460188 0.00011970775999999998 0.553317 -0.005906375919999999 -4.4288139999999996e-05 0.99998255622 0.277904
0.99992013926 -0.011475873825999999 0.005293338862 36.543642 0.011471667214 0.999933858444 0.000824378746 0.588336 -0.005302449218 -0.000763589494 0.99998565038 0.29372
0.999930262636 -0.01004243604 0.006214439808 37.877667 0.010033202592 0.99994851815 0.001515201506 0.62476 -0.0062293362 -0.0014527450700000002 0.99997954223 0.305423
0.999929259174 -0.008813645588 0.007987261416 39.18976 0.008798037396 0.99995932203 0.001987171252 0.644704 -0.008004450728 -0.001916758476 0.99996612684 0.315031
0.999934098702 -0.007071346161999999 0.00904401835 40.524617 0.007056413661999999 0.999973688702 0.00168193655 0.667555 -0.00905567395 -0.00161800735 0.9999576875 0.330941
0.99993742971 -0.004991635808000001 0.010011007204000002 41.799549 0.0049722047680000004 0.999985708038 0.001964918816 0.685044 -0.010020672284 -0.001915019104 0.999947958072 0.340326
0.99994992827 -0.002024903414 0.009800035998 43.045246 0.0020070441699999997 0.99999630803 0.0018318567299999999 0.700318 -0.00980370915 -0.001812095898 0.999950300556 0.338806
0.9999627843 0.00216644842 0.00835084276 44.312793 -0.00217351252 0.999997287692 0.0008369326359999999 0.702903 -0.008349006939999999 -0.0008550521359999999 0.999964780892 0.348588
0.99995817116 0.006032992387999999 0.0068745078159999995 45.547376 -0.00603887482 0.999981416984 0.000835250888 0.720991 -0.006869341 -0.00087673028 0.99997602144 0.366546
0.999924101222 0.009895785534000001 0.0073392957540000005 46.762968 -0.009903838266000001 0.999950392198 0.0010616758380000001 0.704144 -0.007328425554 -0.0011342824380000001 0.99997250342 0.362207
0.999855318872 0.015153690388 0.007727046743999999 47.951849 -0.015165218092 0.999883971182 0.001435458936 0.691276 -0.007704397704 -0.0015524334960000002 0.999969115654 0.38067
0.999743164664 0.02155387834 0.007002501560000001 49.170406 -0.02157131834 0.999764371952 0.002424622268 0.681739 -0.00694859156 -0.002575052732 0.999972542712 0.392772
0.999562947606 0.028640580949999998 0.0073233342740000006 50.34365 -0.028669056974 0.999581684156 0.00381342193 0.658526 -0.007211052230000001 -0.004021708274 0.999965912726 0.39751
0.99175119084 0.127429377804 0.013831701312 58.234563 -0.12761994046800001 0.99172576211 0.013897853896 0.130194 -0.011946258144 -0.015548415368 0.999807748214 0.429186
0.99927129347 0.037233781858000005 0.008398152576 51.518739 -0.037276431202000006 0.99929258243 0.004980338016 0.63346 -0.008206774944 -0.005289761664 0.999952332544 0.408135
0.99884138652 0.047242704848 0.009165707904 52.675325 -0.047305300656 0.998857757376 0.006737051632 0.588496 -0.008836961728 -0.0071628327839999995 0.99993529884 0.419885
0.9981563815 0.05988410974799999 0.009886026636 53.801944 -0.0599752899 0.998157470086 0.009199541502000001 0.535492 -0.009316905299999999 -0.00977549805 0.99990881335 0.428713
0.997112970716 0.07514003222 0.01094050846 54.931018 -0.07526458594 0.997097786918 0.011456043842 0.477895 -0.010047948579999999 -0.012246403358 0.999874524198 0.43665
0.995772441528 0.09099634796400001 0.012526332856 56.038492 -0.091166156156 0.995741087472 0.013726556508 0.381172 -0.011223917735999999 -0.014810504347999999 0.9998273214 0.429582
0.99402641459 0.10826580717999999 0.01378449318 57.137219 -0.108459833588 0.993999354296 0.01420416708 0.286555 -0.012163953084 -0.015614379912000001 0.99980409567 0.424218
0.988958053046 0.14760935495599997 0.01317016807 59.308842 -0.14778049861999998 0.988932999576 0.013132108444 -0.014239 -0.011085992293999999 -0.014933397939999999 0.999827032286 0.427519
0.98574918998 0.16774301598000002 0.01268231924 60.37136 -0.16787745564 0.985753039852 0.010398580715999998 -0.186839 -0.010757347220000001 -0.012379466184 0.999865505228 0.415493
0.98165184359 0.190154160528 0.014179128115999999 61.408928 -0.19025035641599997 0.981718686406 0.0057634303080000004 -0.393721 -0.012823974572 -0.008355266556 0.99988286072 0.424091
0.976875632838 0.213291645936 0.014856199214 62.440779 -0.21332043226400002 0.976982239692 0.000362295408 -0.617398 -0.014436968514000002 -0.003523046008 0.99988957503 0.411919
0.971449746524 0.23684935196999998 0.013701878209999999 63.439127 -0.23680045581 0.971544848622 -0.005110613538 -0.849725 -0.014522435169999999 0.0017200912620000002 0.999893064302 0.417638
0.964913553532 0.26235215376599996 0.010636753661999999 64.425927 -0.26223871451399994 0.964940754668 -0.010961547634 -1.108222 -0.013139624201999999 0.007787575414 0.9998833451 0.419207
0.957472823116 0.28833849748199997 0.010328152002000001 65.380061 -0.288175603002 0.957462837758 -0.014822381682 -1.391607 -0.014162686482 0.011215704798 0.999836799758 0.433815
0.94885837623 0.31547973552799996 0.011843118893999999 66.340996 -0.315263287824 0.94884987096 -0.017114989208 -1.713638 -0.016636776861999998 0.012505997615999999 0.999783385254 0.429487
0.939328323342 0.34278248926 0.012744528328 67.270717 -0.34246766529999995 0.9392764454 -0.02180858276 -2.053083 -0.019446237928 0.016120828599999998 0.999680930342 0.421403
0.928666905008 0.370745277944 0.011214320823999998 68.188582 -0.370382246936 0.928529137752 -0.025508315288 -2.409828 -0.019869908504 0.019535144648 0.99961170716 0.424833
0.916650605084 0.39963127678999993 0.006816630958 69.079106 -0.39934900934199996 0.91644044687 -0.025636528893999998 -2.791755 -0.01649219767 0.02077752361 0.99964808895 0.417447
0.903536114294 0.4285119783059999 8.275842599999965e-05 69.917405 -0.42836029608599996 0.903221390342 -0.026431214598 -3.182032 -0.011400839345999999 0.023846106942 0.999650631052 0.409002
0.8893138769919999 0.457277311968 -0.004288420512 70.761859 -0.457209766368 0.888920714624 -0.027915863152 -3.609934 -0.008953218911999999 0.026786672751999998 0.999601077632 0.408358
0.8736466262 0.4865583693 -0.001599499600000001 71.60109 -0.48640078482 0.8732698806879999 -0.028531118315999998 -4.047468 -0.01248525776 0.025704113484 0.999591625112 0.441445
0.856227164894 0.5165774687620001 0.004804731147999999 72.401668 -0.516267229222 0.855972603342 -0.027917297692000003 -4.547319 -0.018534149708 0.021423030748 0.999598689452 0.444847
0.837012903104 0.547134709384 0.007292165528 73.22099 -0.5467612314320001 0.83681633504 -0.028120157656 -5.06393 -0.021487710296 0.019549865752 0.99957795168 0.414267
0.815600866926 0.5785902759639999 0.00531636814 73.998605 -0.57832777126 0.815451329126 -0.023997165464 -5.57122 -0.018219774964 0.01649750044 0.999697890296 0.41765
0.79354607678 0.608509148326 0.0010954511180000012 74.742469 -0.6084061508899999 0.79344246734 -0.01705772971 -6.101418 -0.01124896301 0.012869614881999999 0.999853906236 0.4125
0.771226341254 0.636561127062 0.0001441617959999997 75.464024 -0.6365012527259999 0.771156867374 -0.013542523452 -6.706885 -0.008731812371999999 0.010352592756000003 0.999908285464 0.391999
0.74782742428 0.663891056532 0.0017247172439999996 76.148017 -0.663789150972 0.7477536023019999 -0.015769573326 -7.289908 -0.011758938924 0.010648072494000002 0.999874165078 0.39498
0.7233774161719999 0.690451243442 0.0014849914740000004 76.832246 -0.6903384353020001 0.7232950338199999 -0.016647816594 -7.90641 -0.012568592406000001 0.011017507974 0.999860312748 0.381011
0.698084682918 0.716013512434 -0.001419056874000001 77.466818 -0.7159388898660001 0.697980306492 -0.015955745662 -8.519425 -0.010434063826 0.012154417062 0.99987169191 0.393113
0.671843473964 0.740688804584 -0.0026330418160000007 78.069793 -0.740649269944 0.671760283262 -0.013314373478 -9.193085 -0.008093026424 0.010895337242 0.999907893102 0.397358
0.6448991423420001 0.7642648165339999 -0.0021856861379999995 78.638334 -0.764233350046 0.6448401069080001 -0.011358436266 -9.887548 -0.007271429922 0.008995421346 0.99993310215 0.398069
0.61745270715 0.786600410292 -0.0034932375060000003 79.210266 -0.786587579292 0.617398328792 -0.009976847756000001 -10.583368 -0.005691070494 0.008907969244 0.999944128358 0.387678
0.588726211502 0.808306071044 -0.006571492272 79.761953 -0.808332743164 0.588709297304 -0.004469980055999999 -11.276696 0.0002555899680000001 0.007943544936 0.999968416902 0.396699
0.558570256444 0.8293916556959999 -0.0104843832 80.294768 -0.8293969608 0.558637827454 0.005062725246 -12.040669 0.010055955696 0.00586781331 0.999932221054 0.394972
0.52791414203 0.8491981530759999 -0.012990716462 80.78772 -0.849116342332 0.5280557026800001 0.012578371436 -12.775382 0.017541353614 0.004390336611999999 0.999836499494 0.417665
0.4964110862719999 0.868016765416 -0.011090688999999999 81.232349 -0.8678447506160001 0.496533891422 0.0173106464 -13.580562 0.020532833559999998 0.0010317980800000001 0.99978864675 0.443997
0.46398376704 0.885823466848 -0.006068534016 81.6438 -0.885665306976 0.464016843744 0.016920705688 -14.384907 0.017804649472 -0.002476255895999999 0.9998384184 0.464029
0.43132353776599996 0.902197060828 4.372404600000001e-05 82.05711 -0.9020965941160001 0.43127478229999994 0.014944219812 -15.213871 0.013463779661999999 -0.006485233596 0.99988832791 0.493069
0.3971356236460001 0.917746179654 0.0050614690680000005 82.479538 -0.917676189882 0.3970186671500001 0.015714987676000002 -16.065357 0.012412866804 -0.010885772572000001 0.9998637011 0.50964
0.361825687494 0.932164743858 0.012286045776 82.792529 -0.9321631263660001 0.3615868041500001 0.018076880487999998 -16.940613 0.012408160871999998 -0.017993278544 0.99976111118 0.542781
0.32640397787 0.945056982802 0.018099554516 83.172481 -0.9451391892019999 0.326046842438 0.020130098804 -17.831706 0.013122791283999999 -0.023677142996 0.999633525432 0.537865
0.2899905277500001 0.956764305798 0.022521837763999998 83.480132 -0.956952130106 0.28958789160600007 0.019523056812 -18.735298 0.012156920291999997 -0.027213823924 0.99955570974 0.550526
0.254083403822 0.96688451173 0.0240030634 83.711949 -0.96710376923 0.253668031022 0.01905286996 -19.626215 0.012333110599999999 -0.028054470039999998 0.9995303103 0.554377
0.21839763034999993 0.975545930556 0.024752034792 83.925229 -0.975783619908 0.21799318866399997 0.018037395455999996 -20.550149 0.012200531543999998 -0.028091954207999998 0.99953088455 0.574946
0.18270668163800008 0.9828882081439999 0.023393293918 84.088293 -0.983086776536 0.1823370235320001 0.017082337744000003 -21.507315 0.012524604142 -0.026118705064 0.99958038527 0.572056
0.1495721213900001 0.988604849602 0.016941018555999998 84.252748 -0.988664697986 0.14931221687000007 0.015695305468000003 -22.438673 0.012986982812 -0.019096570396 0.999733293816 0.583993
0.11532301698799996 0.9932276461580001 0.014134586662000001 84.410953 -0.9931976853820002 0.115065513638 0.017850134522 -23.403422 0.016102837778 -0.016096970462 0.999740759526 0.635038
0.08333919186399985 0.9964481200440001 0.012116489472 84.475834 -0.996269708052 0.0830384878699999 0.023502443776 -24.388511 0.022412810496 -0.014029971712 0.99965035199 0.627389
0.053598921200000094 0.99852728346 0.0083889049 84.54579 -0.99823275846 0.053363444950000116 0.026146827 -25.351966 0.025660660100000003 -0.009775520999999999 0.99962291375 0.669003
0.027611088535999806 0.9995887616040001 0.007771351204000002 84.550427 -0.9993352628040001 0.027417207717999825 0.024037216218000004 -26.310553 0.023814254996000005 -0.008429882682000001 0.999680858318 0.701063
0.006213675872000168 0.999949337632 0.007787923328 84.512509 -0.9997672358719999 0.0060516463040001245 0.020658912512 -27.329193 0.020610765567999997 -0.007914465151999998 0.999756248832 0.727581
-0.01402372554400011 0.999876662524 0.006992191791999999 84.518374 -0.999731188132 -0.014149913250000035 0.018336498524 -28.36286 0.018433189696 -0.006733159867999998 0.99980742239 0.757634
-0.029865091482000006 0.999542516786 0.004759455878 84.495097 -0.999338120074 -0.02995722934800016 0.020632623026 -29.380173 0.020765766302 -0.004140109066 0.99977579607 0.793583
-0.045472067783999925 0.998964505628 0.0017765496759999996 84.515162 -0.998641259036 -0.04550255808999992 0.025418528042000003 -30.330167 0.025473032492000003 -0.0006183140260000008 0.99967531859 0.80901
-0.05920480628999991 0.9982456116439999 -0.0010155002780000005 84.489787 -0.997805695636 -0.05914843869599995 0.029762349076 -31.33562 0.029650061781999998 0.0027753377560000014 0.99955648743 0.839745
-0.0675830861800002 0.9976946155640001 -0.006207127288 84.417173 -0.997166551544 -0.06733864837200021 0.033539867084 -32.326177 0.033044558348000005 0.008456256664000001 0.999418105292 0.85923
-0.07338825222400014 0.9972617674800001 -0.009056987767999998 84.279362 -0.996604314168 -0.07299396944000014 0.038086996224 -33.332544 0.0373216142 0.011821396799999998 0.9992333816 0.915639
-0.07719189367399992 0.9969509186819999 -0.011386927727999999 84.233755 -0.9961231150619999 -0.07663450580199993 0.043188856328 -34.364537 0.042184547208 0.014676628048000002 0.999002032028 0.955622
-0.08008228112999993 0.996717821122 -0.011948979645999998 84.123787 -0.9957477024100001 -0.07944493296400013 0.046662395822 -35.401973 0.04555991881 0.01563493193 0.99883924895 1.00796
-0.08298298882599986 0.996475940504 -0.012295156022 84.030342 -0.995368587008 -0.08227712001599996 0.049734271336 -36.424049 0.048547367206 0.016365260288000005 0.998686804454 1.06132
-0.08480763103400002 0.996321079944 -0.012384006348000003 83.942616 -0.9950617885680001 -0.08404388959400011 0.05282095047600001 -37.393055 0.051585801204 0.016802426508000002 0.998527208176 1.112918
-0.08637013566600005 0.9961640873700001 -0.014009741205999997 83.86159 -0.994740915094 -0.08545275990599999 0.05645618379 -38.413565 0.05504247135 0.018812226993999998 0.998306778924 1.170916
-0.0884994896739999 0.9959703960040001 -0.014439715684000008 83.741672 -0.994476758284 -0.08752729531199988 0.057902043532 -39.41383 0.056404896404 0.019484344892 0.998217834038 1.229259
-0.0912484983359998 0.9957280312400001 -0.014069578056000006 83.677205 -0.9942759628560001 -0.09030888750599986 0.05708037703 -40.450296 0.055565951 0.019197592506 0.998270441934 1.284661
-0.09384150574799999 0.995483016288 -0.014426683132 83.603027 -0.9940755176680001 -0.09289082715600006 0.056444236368 -41.493485 0.054849157488 0.019637997052000002 0.998301517692 1.357283
-0.09605385440800007 0.995272601516 -0.01438072756 83.496203 -0.993819539884 -0.09508583963200001 0.05728965202 -42.488382 0.05565140428 0.01979471534 0.99825402156 1.41821
-0.09765420327999985 0.995138974832 -0.012803751896000005 83.399197 -0.993558137768 -0.09673946672999989 0.059038628146 -43.517354 0.057512973904 0.018486576445999995 0.998173585814 1.479523
-0.09997027880999987 0.9949282163719999 -0.011087908735999998 83.290412 -0.993191973908 -0.0991137930099999 0.061198968596000006 -44.531637 0.059789634704 0.017130530036000003 0.998063997464 1.542265
-0.10275261836999983 0.994673490054 -0.008299709598000003 83.215719 -0.992683727418 -0.10200787284999979 0.064620021626 -45.612995 0.063429128286 0.014878778821999995 0.997875429164 1.6125
-0.10506486391199998 0.99445546618 -0.004645111876000002 83.097013 -0.9921649267400001 -0.10450298961000004 0.06848181703 -46.636481 0.06761663572400001 0.011803681689999998 0.997641552702 1.685531
-0.10687306728000023 0.9942709812760001 -0.0014674533879999938 82.998255 -0.991773636908 -0.10649983310400013 0.071004431044 -47.680469 0.070441399484 0.009043886668000007 0.99747491928 1.753783
-0.10978037249999972 0.99395255478 0.0023424135399999907 82.892425 -0.99152938142 -0.10967667937799974 0.06956586897 -48.734063 0.06940211694 0.0053144323299999935 0.997574609022 1.838544
-0.11169056560200019 0.9937303097359999 0.004898182244000002 82.749523 -0.991568616776 -0.11177073505000013 0.065556723832 -49.754059 0.065693218084 0.0024652234480000007 0.997836820952 1.889362
-0.11469977677200016 0.9933901707780001 0.004467781662000004 82.653522 -0.9913474466220001 -0.11475058157200002 0.063738335162 -50.835144 0.063829715238 0.0028816479380000017 0.997956644156 1.970787
-0.115975339984 0.9932434199760001 0.004157145063999997 82.523065 -0.9911863456560002 -0.116002916432 0.063976591272 -51.894159 0.064026567656 0.003299199912000006 0.997942740848 2.04481
-0.11772037168999994 0.9930417238499999 0.002915186790000003 82.426358 -0.990817802238 -0.11765226687399988 0.06660688023 -52.942974 0.066486437634 0.004952617362000006 0.99777503582 2.113637
-0.11903933134800004 0.992883349362 0.003498625222000007 82.334101 -0.9905120407820001 -0.11899725627600022 0.068742259878 -54.023769 0.068669373702 0.004717603942 0.997628318172 2.191419
-0.11883908214399996 0.992902956808 0.004793000912000002 82.18797 -0.990468823288 -0.1188835859220001 0.069571438912 -55.113063 0.069647430608 0.0035204232319999973 0.997565459678 2.277628
-0.1182019214279999 0.992955495142 0.008284516534 82.054387 -0.9906049659220001 -0.11849181105999995 0.06828202708600001 -56.188368 0.068782628894 -0.0001356451460000005 0.997631662268 2.354453
-0.11778417888999981 0.99297453142 0.011375729520000002 81.915329 -0.990673915708 -0.11828613027399992 0.06763523201999999 -57.270289 0.068505620256 -0.003303305292000007 0.99764526268 2.432277
-0.11775291100200014 0.9929285819460001 0.015143367372000002 81.809923 -0.9906032401860001 -0.11851835547400014 0.068270491076 -58.328594 0.069582404052 -0.006962081116000003 0.997551915128 2.517161
-0.11774166052200008 0.992847521796 0.019721003632000002 81.698475 -0.9905616321640001 -0.11882737369800012 0.068307573204 -59.407751 0.070162471488 -0.011492177164000007 0.99746937468 2.591922
-0.11787190513800017 0.992758350696 0.023224249308000003 81.577416 -0.9905648274959999 -0.11919402706600013 0.067649122736 -60.515744 0.069927327708 -0.015031247536000002 0.997438838072 2.682469
-0.11801973932999998 0.992741103442 0.023180922363999996 81.458588 -0.990877707538 -0.1192636224100001 0.062757235324 -61.621844 0.065066291804 -0.015562885916 0.997759578296 2.752161
-0.1182578933159999 0.9927993794819999 0.019090038905999994 81.31085 -0.991379128986 -0.11913728038600002 0.054531622237999997 -62.736596 0.056413297157999996 -0.012476670753999997 0.998329541054 2.815449
-0.11860433031999995 0.992864187688 0.012376699944000001 81.166156 -0.991648470776 -0.11907656910400011 0.049533281112 -63.848316 0.050653610952 -0.006398463623999998 0.99869578488 2.853164
-0.1184079501519999 0.99296148232 0.002570742211999995 81.031494 -0.99163816696 -0.11838313967399983 0.05136861712 -64.94886 0.051311401412 0.00353321744 0.998676452078 2.914745
-0.11759770572200012 0.9930584269920001 -0.002263888902000001 80.883348 -0.9914984557680001 -0.11728452795200006 0.05634302875200001 -66.038118 0.055686415062000005 0.008870471208 0.998408902726 2.983862
-0.11693703310600001 0.9931243808579999 -0.005518117588000002 80.773294 -0.9912840112379999 -0.11637723177799986 0.061750334388 -67.135943 0.060683560708 0.012690897468000003 0.998076373772 3.045517
-0.11646996776399998 0.9931872215880001 -0.0036527971000000006 80.615055 -0.9911378752600001 -0.11599154240999998 0.06473892177 -68.278647 0.06387419101200001 0.011160584265999998 0.99789554967 3.174412
-0.11619126827400006 0.993222855738 -0.002759194571999999 80.51193 -0.9912411050819999 -0.115782969274 0.06352197165199999 -69.385871 0.062772015348 0.010115736571999996 0.997976625656 3.231141
-0.11554675712399987 0.993300780132 -0.0010688983680000007 80.378399 -0.9915919999680001 -0.11528474256399979 0.058765376612 -70.552494 0.058248501731999996 0.007850100512 0.998271248636 3.297157
-0.11515641958799994 0.99334783335 0.00012010791399999846 80.242455 -0.99175246841 -0.11497832178 0.05663885763 -71.68151 0.056275872714 0.0064031843499999935 0.998394724908 3.367054
-0.11517828245200001 0.993344609128 0.0011588959119999999 80.132073 -0.9917159500720001 -0.11505607744200019 0.057117997081999994 -72.830238 0.056871169288 0.005429432218000001 0.998366762606 3.416065
-0.11516502339599999 0.9933431796480001 0.002020440796000004 79.997747 -0.991459392676 -0.11507141850000013 0.061356163968 -73.934764 0.06118028611200001 0.005062966435999995 0.99811388886 3.498849
-0.11472738842600005 0.993395105472 0.0014969491379999977 79.864519 -0.991305157752 -0.11458348094799997 0.064677356128 -75.116912 0.064421740482 0.005936379847999999 0.997905103622 3.568946
-0.11423511303200007 0.99344751882 0.0036978032520000002 79.724235 -0.9914538105000001 -0.11424038185000018 0.06300622393 -76.256206 0.063015776148 0.003531282949999999 0.998006284718 3.671232
-0.11408337762599996 0.9934705084560002 0.001544440017999995 79.566556 -0.9918392687680001 -0.11398486535999997 0.057125903256000005 -77.44987 0.056928915294 0.004985250368000002 0.99836578839 3.726381
-0.11479519632000001 0.99338821808 0.0007516944399999989 79.442579 -0.9918643921279999 -0.11466093805599997 0.05528608358 -78.588175 0.055006767704 0.005601034628000004 0.998470271 3.787986
-0.11380313795399988 0.993501806516 0.0017958647819999972 79.335292 -0.9918336377879999 -0.11371643939999987 0.057747945716 -79.742918 0.057576901906 0.004790692187999997 0.99832957983 3.858758
-0.11327704626000012 0.993559182878 0.0030724399740000054 79.223324 -0.9917136920340001 -0.11325419154000005 0.060649980122000006 -80.894263 0.060607283398000006 0.0038232414660000005 0.998154367644 3.930187
-0.11306200758400009 0.9935779060720001 0.0043827163199999936 79.098875 -0.9917656636400002 -0.11312059216000026 0.06003233472 -82.037783 0.060142597728 0.0024407688960000028 0.99818681088 4.006722
-0.11304562278599994 0.993572918248 0.005570597298 78.943233 -0.9919437330479999 -0.11317917526800003 0.056882270632 -83.265669 0.057147230002000005 0.0009046378320000034 0.998365349982 4.069043
-0.11243909904999994 0.99365065221 0.0037117675999999954 78.810411 -0.9920905622100001 -0.11247069904999996 0.05571898260000001 -84.464797 0.0557827234 0.002582636400000001 0.99843959 4.141341
-0.11162461523200018 0.993747210776 0.002509439656000003 78.670068 -0.992182883704 -0.11158996592800019 0.055863008612 -85.655061 0.055793740664 0.0037458672280000042 0.99843528924 4.215113
-0.11048465722 0.9938770664380001 0.0010759055460000042 78.544226 -0.9923090614180001 -0.110371015588 0.056041108374000004 -86.855344 0.055816730394 0.005124061733999999 0.998427882268 4.286549
-0.10940581645000003 0.9939977633140001 0.0002885945979999964 78.424862 -0.9924456179980002 -0.10925118813000001 0.055831375274000006 -88.06031 0.055527759514000005 0.005821827477999999 0.998440171484 4.345381
-0.10827666810599967 0.9941206640679998 0.0005985856239999997 78.285879 -0.9925779223639999 -0.10814213217599966 0.05562766542799999 -89.249769 0.05536534175199999 0.005429032916000002 0.998451403254 4.433858
-0.10662966749799985 0.9942985355039998 -0.0007507742440000034 78.158831 -0.9928357781759999 -0.10643179255199997 0.054308548692 -90.494338 0.053919003523999996 0.006536297268000001 0.99852391955 4.503814
-0.1055342799079999 0.994416893712 0.0002566383959999967 78.03428 -0.9930119474519999 -0.10539888609999992 0.053111724863999996 -91.682611 0.052842185616 0.0053501963159999985 0.998588544908 4.573126
-0.10427726321800024 0.994548044108 -0.0008288234619999932 77.913181 -0.9931826702680001 -0.10409037451600023 0.052474984348 -92.896688 0.052102614778 0.006295114291999998 0.998621895102 4.634088
-0.10234703785800026 0.9947497831040001 -0.0002877731559999992 77.806715 -0.993357839584 -0.10218851856000022 0.052913503592000005 -94.140099 0.052606238564 0.005701345447999998 0.998599059198 4.705856
-0.1008560918100001 0.994900276876 -0.000382362851999999 77.648845 -0.993390986124 -0.10068191274599991 0.055101358696000004 -95.356711 0.054781893148 0.005937180696000001 0.99848069196 4.784526
-0.09950980941600007 0.9950339353640001 0.0022545453000000007 77.587813 -0.9935606289000001 -0.09948531978600017 0.054219604586 -96.580025 0.054174645364000004 0.0031553598299999992 0.998526490014 4.839278
-0.09845272321000009 0.9951316746440001 0.004520679431999998 77.463172 -0.9937060529080001 -0.09855359848000012 0.053253110796 -97.829635 0.053439375336 0.0007506768120000007 0.998570813814 4.913441
-0.09840875725800013 0.995125627062 0.0063122400039999985 77.349239 -0.9936776548580001 -0.09860601733800012 0.053672273484 -99.101759 0.054033103236 -0.0009904895239999968 0.998538653004 4.998449
-0.09866973920800004 0.995058389928 0.011023452964000001 77.22262 -0.993678345768 -0.09911675193000002 0.052703390004 -100.279774 0.053535605284 -0.005753503283999994 0.998549364878 5.057349
-0.09930827408999998 0.994960414374 0.013808694542000004 77.118161 -0.993726222098 -0.0998832490499999 0.050304781986000004 -101.570329 0.051430552506 -0.008726362618 0.998638446924 5.124805
-0.10029317250000003 0.9948404045300001 0.015347755289999997 76.985169 -0.99369330963 -0.10093144649999997 0.04886875301 -102.834663 0.050165630409999995 -0.010349789310000003 0.9986872851 5.19288
-0.10113430961999992 0.9947198438519999 0.017473702644000003 76.873917 -0.9936502687079999 -0.10186503336999997 0.047788134374 -104.069864 0.049315733124000005 -0.012529746106000002 0.998704643606 5.263815
-0.10353715018599985 0.994476077266 0.017234086289999995 76.757856 -0.9933893255299999 -0.10425653107599975 0.048040054734 -105.337985 0.049571462634 -0.012146220869999998 0.998696720214 5.333017
-0.10563823764000024 0.9942024521480002 0.020087885664 76.663479 -0.9932576872200001 -0.10646504954400027 0.045889403647999996 -106.602505 0.04776197008 -0.015104791679999997 0.99874453248 5.407347
-0.10880628180999996 0.993861133238 0.020057739494 76.554936 -0.9930845652579999 -0.10957225961799977 0.042166799086000004 -107.878187 0.044105683546 -0.015331031854000001 0.998909229708 5.4595
-0.11283590133000021 0.993431687296 0.019076280908000003 76.385245 -0.9926537862079999 -0.11355019314600012 0.041799262264 -109.110033 0.043690760396 -0.014219714311999997 0.99894390204 5.520688
-0.11763069461000009 0.992828677014 0.021376808442 76.238116 -0.9918573262020001 -0.11851972462600013 0.046635304874 -110.332729 0.048834355733999996 -0.015717038522 0.99868322486 5.628791
-0.12459229117600001 0.99178914286 0.028842795560000002 76.089519 -0.99083375506 -0.1258967719380002 0.048982888912 -111.57539 0.052211881640000006 -0.022475535087999994 0.998383078262 5.666941
-0.1347871842099999 0.9904945763280001 0.027396155213999997 75.953775 -0.989667014232 -0.13593552202000003 0.045589170744 -112.867498 0.048880016334 -0.020968209576 0.998584535854 5.727371
-0.1445075612200002 0.9891325683560002 0.027104991948000007 75.748626 -0.9884462667640002 -0.14556508791400025 0.042250879854 -114.061653 0.045737250588 -0.020686259826000003 0.99873929679 5.802922
-0.15765069976199997 0.987190670186 0.024530129512 75.550756 -0.986415524374 -0.158591099778 0.042827173144 -115.302303 0.046168818808 -0.017445176504 0.99878131086 5.890213
-0.17201307821199996 0.9847825230139999 0.024818355817999994 75.396627 -0.984005704426 -0.172952877028 0.042674867734000005 -116.494464 0.046317837561999996 -0.017080779994 0.99878070966 5.948941
-0.18754519002600012 0.9819532818180001 0.024342440418000003 75.139861 -0.981204244398 -0.1884329914180003 0.041584100402 -117.746701 0.045420621462 -0.016085986377999996 0.998838428492 5.99172
-0.20229282802000004 0.9790808434239999 0.021905887968000005 74.891147 -0.9782392907199999 -0.2030712296499999 0.04256196591 -118.960972 0.04612001712 -0.012819239081999998 0.998853649246 6.075652
-0.2177016168000001 0.97580530744 0.020296217079999998 74.628126 -0.9747477461600002 -0.21843154627200012 0.046437275096 -120.17537 0.04974701812 -0.009674251095999998 0.998714996928 6.146403
-0.2331764430179999 0.9720946912780001 0.025737608733999995 74.382126 -0.970979968838 -0.2341934000999999 0.048508966333999995 -121.282725 0.053182830214 -0.013679579254000002 0.998491090518 6.218907
-0.24936287722000006 0.9679168699459999 0.030911326418000002 74.107686 -0.9669895249939999 -0.2505985754340001 0.046173961513999995 -122.48923 0.052438876598000006 -0.018376861645999998 0.99845503439 6.287924
-0.26670269019400017 0.96307378176 0.036875015340000004 73.817031 -0.9625535361600001 -0.2680976065220002 0.040194098472000006 -123.727888 0.04859594526 -0.024774309528000003 0.998511226328 6.3604
-0.28176643482600006 0.958728395372 0.038070040784 73.515277 -0.9583287245560002 -0.283152033186 0.037851969812 -124.901291 0.047069308352 -0.025818207436000003 0.998557911384 6.415523
-0.2968710232680001 0.9540732813720001 0.040140692475999995 73.177864 -0.953679259172 -0.29836390785 0.038397323154000004 -126.072138 0.048610410876 -0.026882291054 0.998455992918 6.483551
-0.3103152905219997 0.9496545413879999 0.043115089206 72.797577 -0.949231031532 -0.3120009232719998 0.040175973116 -127.212717 0.051605306634 -0.028458953956000003 0.998261978606 6.54475
-0.32433966209800014 0.9449786262600002 0.042615915252 72.421142 -0.9444322355400001 -0.32603607145000013 0.04177517676 -128.313358 0.053371085748 -0.02669847996 0.998217768952 6.619203
-0.33816733080999994 0.9401010825199999 0.043045515269999994 72.013002 -0.9395713477759998 -0.33986378265999995 0.041211614568 -129.484019 0.053372691317999994 -0.02650791168 0.998222764006 6.683358
-0.3527970161680001 0.934636477116 0.044608843884 71.603396 -0.9342521997959999 -0.3545018816500001 0.038759157678 -130.618848 0.052039604964 -0.028001799437999998 0.998252362918 6.76159
-0.3671893588199999 0.929049342568 0.04518186352399999 71.185108 -0.9287181495399999 -0.368884103716 0.037539663032 -131.758846 0.05154299596 -0.0281770591 0.99827319686 6.832413
-0.382419188826 0.922859859966 0.045660967938 70.757779 -0.922419093258 -0.3841823529699999 0.039327048766 -132.839356 0.053835504294000004 -0.027079129142000002 0.9981825779 6.899036
-0.39721260740199993 0.9165338718799999 0.046767940752 70.312058 -0.9159871723599998 -0.3990805772499999 0.041250772619999994 -133.92733 0.056471928048 -0.026453503859999995 0.998053672248 6.961348
-0.4116864346 0.91008557582 0.04755218048000001 69.850683 -0.9094578966200001 -0.413622594 0.042489684740000006 -135.016055 0.05833780472000001 -0.025754295140000008 0.997964639 7.035711
-0.42664556789200003 0.9031819062940001 0.047293114882 69.325845 -0.902378029654 -0.42861149459400005 0.044796365354 -136.121297 0.06072961526199999 -0.023564101813999996 0.997876068398 7.104026
-0.4414456095399999 0.8959102511799999 0.0497139179 68.842743 -0.8948606095879998 -0.4436479218339999 0.04900908268999999 -137.231275 0.06596318071599999 -0.022852190461999995 0.99756034287 7.18657
-0.45599143165199996 0.888461577666 0.052053127462 68.265671 -0.887433099814 -0.45833159638800014 0.048952350593999994 -138.266534 0.06734980639799999 -0.023871830373999994 0.99744380406 7.28194
-0.4715443149199998 0.8802277655999999 0.05332411289999999 67.729586 -0.87933932664 -0.47389788720799975 0.046707171635999994 -139.391499 0.06638319797999999 -0.024865476563999997 0.997484323888 7.382202
-0.48719379792399997 0.8714817499120001 0.056233841496000005 67.14247 -0.8709107551760001 -0.48960996147400015 0.042391331922 -140.466093 0.06447590152800001 -0.028321865645999998 0.997517283486 7.442729
-0.5035411132199998 0.862071201362 0.057256135894 66.557221 -0.8614804376059999 -0.5060139132999997 0.042426960842000004 -141.503353 0.065547516638 -0.027961315534000004 0.997457610956 7.529429
-0.5192630846879998 0.852510302444 0.059929838539999995 65.96086 -0.852024418444 -0.5218702148879999 0.04129674152 -142.551752 0.06648151394 -0.02961781072 0.9973479798 7.610338
-0.5356396468800002 0.842226860232 0.06116198574399999 65.333072 -0.841781596088 -0.53829569853 0.040474481304 -143.60846 0.06701206670399999 -0.029805285655999995 0.997306884606 7.692766
-0.5507134917300001 0.8321904378880001 0.064626891674 64.644565 -0.831877076896 -0.5535639463240001 0.039375139712 -144.657492 0.068542607002 -0.032077215904 0.99713237267 7.777517
-0.5661028354320001 0.821696411872 0.065920820864 63.947675 -0.8214142249280001 -0.569016945312 0.038747396656 -145.683672 0.069348532736 -0.032213295056000006 0.997072259256 7.870892
-0.58176264265 0.81060453312 0.06687496596999999 63.275784 -0.8105455666800001 -0.584619867252 0.03514594224 -146.707689 0.06758590477 -0.03375861084 0.997142166998 7.967071
-0.5973394513799999 0.7992643168260001 0.066051683478 62.539853 -0.799359408306 -0.600022122778 0.031601944726 -147.73152 0.06489074968200001 -0.033921945794 0.997315643798 8.04754
-0.6121156351400001 0.788117577996 0.06468592993200001 61.820045 -0.7882088578680001 -0.6146655123860001 0.030203310365999998 -148.724253 0.06356400440400001 -0.032498105058 0.99744848947 8.132
-0.62676601722 0.776419387072 0.065839110096 61.023153 -0.7765550868 -0.6293637396660001 0.029342285822 -149.722058 0.06421876832 -0.03273695085 0.99739873563 8.201586
-0.6412651204419999 0.764056121194 0.070682310212 60.225249 -0.7643257496539999 -0.644175994954 0.029019538964000002 -150.67795 0.06770445869200001 -0.035415094124 0.997076664588 8.293172
-0.6559711451620001 0.751109871556 0.074410874248 59.410453 -0.7514896207959999 -0.659128803984 0.028525996003999996 -151.636018 0.070472456968 -0.037206766364 0.996819588278 8.388877
-0.6716089682560002 0.736953660088 0.07643302269600001 58.581917 -0.737681266456 -0.67473301348 0.023728093188 -152.584605 0.06905833183200001 -0.040447202244 0.99679234204 8.506422
-0.6892429398919997 0.7204945122240001 0.076368996564 57.755978 -0.721597105716 -0.6921038021479997 0.017039387232 -153.578988 0.06513204129599999 -0.043363366452 0.99693401806 8.577937
-0.7059279061519999 0.7040594906759999 0.07724662577999998 56.884939 -0.705289208676 -0.7087688966019998 0.01465610169 -154.518165 0.06506873081999999 -0.044135051609999996 0.99690428795 8.658275
-0.7225946201059998 0.6867344529539999 0.079083296004 55.967999 -0.688145004954 -0.7254731045779998 0.012107458572000001 -155.35744 0.065687355996 -0.045671977428 0.996794484472 8.748144
-0.7395767724240001 0.66799659424 0.082508376164 55.030116 -0.6698229928639999 -0.742486624314 0.007187265640000003 -156.223189 0.06606239690000001 -0.049950461864000005 0.996564454926 8.840524
-0.7562898359200001 0.648975506952 0.082815840896 54.076614 -0.650780753856 -0.7592381699300002 0.006618391961999998 -157.104224 0.06717203687199999 -0.048889508873999996 0.996542892854 8.893146
-0.7721535320519999 0.6298134328580001 0.084366006466 53.099517 -0.631628567318 -0.7752464595399999 0.006476621233999998 -157.926196 0.06948335198599999 -0.048286990653999995 0.996413788412 9.021291
-0.787484983882 0.610881549708 0.081802013652 52.088816 -0.612428408772 -0.790490262032 0.007551658572000002 -158.717283 0.069276845628 -0.04415105485200001 0.996619989686 9.082112
-0.8023405696979999 0.591504670388 0.079826267718 51.070909 -0.5929453424519999 -0.8052141383879998 0.006812542171999999 -159.478611 0.06830687354199999 -0.041866630812 0.996785512014 9.191452
-0.8164570681679999 0.571637855508 0.081426507952 50.055806 -0.572900158228 -0.819574583976 0.009228872472000004 -160.231665 0.07201057387200001 -0.039114262552 0.996636621792 9.270418
-0.8299754976839999 0.551301013004 0.08487933412 48.987116 -0.5525946084400001 -0.8333934315239999 0.009550695604000002 -160.994134 0.07600333560400001 -0.038977046120000004 0.996345460236 9.388421
-0.8430001978980002 0.531204585134 0.08469925772400001 47.948872 -0.532476710994 -0.84640121553 0.008668722531999998 -161.649082 0.07629434956400001 -0.037792634652 0.996368853468 9.491554
-0.854814716098 0.512379076454 0.08222676377200001 46.836124 -0.513551294054 -0.8580243417059998 0.007813960756 -162.327009 0.074556200572 -0.035548159156 0.996583014392 9.599383
-0.8651255600800003 0.494609750152 0.08316568785600001 45.736322 -0.495611682928 -0.8684899142500002 0.009586213853999999 -162.97147 0.07697010021600001 -0.032924623086 0.996489622774 9.670506
-0.8745364399219997 0.477447224538 0.085035047628 44.631847 -0.47824105132199995 -0.8781456959619998 0.012100881068 -163.586486 0.080450658012 -0.030084585307999998 0.996304477016 9.794037
